time,lat,lon,mrt,utci,MRT_Celsius,UTCI_Celsius
2017-04-10 00:00:00,27.5,85.5,276.8006,282.54138,3.650599999999997,9.391380000000026
2017-04-10 00:00:00,27.5,85.75,274.22256,280.00195,1.07256000000001,6.851950000000045
2017-04-10 00:00:00,27.5,86.0,274.22256,280.00195,1.07256000000001,6.851950000000045
2017-04-10 00:00:00,27.5,86.25,271.81274,277.9458,-1.337259999999958,4.7958000000000425
2017-04-10 00:00:00,27.5,86.5,268.37628,277.75723,-4.773719999999969,4.6072300000000155
2017-04-10 00:00:00,27.5,86.75,264.30478,274.3345,-8.845219999999983,1.184500000000014
2017-04-10 00:00:00,27.5,87.0,261.39142,270.40823,-11.758579999999995,-2.741769999999974
2017-04-10 00:00:00,27.5,87.25,260.28635,267.8125,-12.86364999999995,-5.337499999999977
2017-04-10 00:00:00,27.5,87.5,260.3412,269.47836,-12.808799999999962,-3.671639999999968
2017-04-10 00:00:00,27.5,87.75,262.26114,271.9471,-10.888859999999966,-1.2028999999999996
2017-04-10 00:00:00,27.5,88.0,267.4665,274.1871,-5.683499999999981,1.0371000000000095
2017-04-10 00:00:00,27.5,88.25,267.4665,274.1871,-5.683499999999981,1.0371000000000095
2017-04-10 00:00:00,27.5,88.5,274.08698,278.9092,0.9369800000000055,5.759200000000021
2017-04-10 00:00:00,27.5,88.75,275.43,279.96454,2.2800000000000296,6.814540000000022
2017-04-10 00:00:00,27.5,89.0,268.59763,271.17844,-4.552369999999996,-1.971559999999954
2017-04-10 00:00:00,27.5,89.25,263.77396,266.8849,-9.376039999999989,-6.265099999999961
2017-04-10 00:00:00,27.5,89.5,267.69513,271.88245,-5.454869999999971,-1.2675499999999715
2017-04-10 00:00:00,27.5,89.75,274.76044,277.8015,1.6104400000000396,4.651499999999999
2017-04-10 00:00:00,27.5,90.0,281.30063,283.55157,8.150630000000035,10.40157000000005
2017-04-10 00:00:00,27.25,85.5,280.97943,286.53116,7.829430000000002,13.381160000000023
2017-04-10 00:00:00,27.25,85.75,279.51633,284.8682,6.366330000000005,11.718200000000024
2017-04-10 00:00:00,27.25,86.0,279.51633,284.8682,6.366330000000005,11.718200000000024
2017-04-10 00:00:00,27.25,86.25,277.85626,284.78775,4.706260000000043,11.63775000000004
2017-04-10 00:00:00,27.25,86.5,275.1705,283.48657,2.020500000000027,10.336569999999995
2017-04-10 00:00:00,27.25,86.75,273.49088,280.58002,0.34088000000002694,7.430020000000013
2017-04-10 00:00:00,27.25,87.0,271.31726,276.86847,-1.8327400000000011,3.718470000000025
2017-04-10 00:00:00,27.25,87.25,270.12857,278.2218,-3.0214299999999525,5.071799999999996
2017-04-10 00:00:00,27.25,87.5,270.04532,280.1101,-3.1046799999999735,6.960100000000011
2017-04-10 00:00:00,27.25,87.75,270.78986,280.27313,-2.3601400000000012,7.123130000000003
2017-04-10 00:00:00,27.25,88.0,273.2364,280.6063,0.08640000000002601,7.456299999999999
2017-04-10 00:00:00,27.25,88.25,273.2364,280.6063,0.08640000000002601,7.456299999999999
2017-04-10 00:00:00,27.25,88.5,277.07495,282.8481,3.924950000000024,9.69810000000001
2017-04-10 00:00:00,27.25,88.75,278.55728,284.06152,5.407280000000014,10.911519999999996
2017-04-10 00:00:00,27.25,89.0,274.83432,279.86234,1.6843200000000138,6.71234000000004
2017-04-10 00:00:00,27.25,89.25,270.97723,278.3287,-2.1727699999999572,5.178700000000049
2017-04-10 00:00:00,27.25,89.5,273.59888,279.0024,0.44888000000003103,5.852400000000046
2017-04-10 00:00:00,27.25,89.75,278.33255,280.2526,5.182550000000049,7.102599999999995
2017-04-10 00:00:00,27.25,90.0,284.41144,286.8133,11.26144000000005,13.66330000000005
2017-04-10 00:00:00,27.0,85.5,280.97943,286.53116,7.829430000000002,13.381160000000023
2017-04-10 00:00:00,27.0,85.75,279.51633,284.8682,6.366330000000005,11.718200000000024
2017-04-10 00:00:00,27.0,86.0,279.51633,284.8682,6.366330000000005,11.718200000000024
2017-04-10 00:00:00,27.0,86.25,277.85626,284.78775,4.706260000000043,11.63775000000004
2017-04-10 00:00:00,27.0,86.5,275.1705,283.48657,2.020500000000027,10.336569999999995
2017-04-10 00:00:00,27.0,86.75,273.49088,280.58002,0.34088000000002694,7.430020000000013
2017-04-10 00:00:00,27.0,87.0,271.31726,276.86847,-1.8327400000000011,3.718470000000025
2017-04-10 00:00:00,27.0,87.25,270.12857,278.2218,-3.0214299999999525,5.071799999999996
2017-04-10 00:00:00,27.0,87.5,270.04532,280.1101,-3.1046799999999735,6.960100000000011
2017-04-10 00:00:00,27.0,87.75,270.78986,280.27313,-2.3601400000000012,7.123130000000003
2017-04-10 00:00:00,27.0,88.0,273.2364,280.6063,0.08640000000002601,7.456299999999999
2017-04-10 00:00:00,27.0,88.25,273.2364,280.6063,0.08640000000002601,7.456299999999999
2017-04-10 00:00:00,27.0,88.5,277.07495,282.8481,3.924950000000024,9.69810000000001
2017-04-10 00:00:00,27.0,88.75,278.55728,284.06152,5.407280000000014,10.911519999999996
2017-04-10 00:00:00,27.0,89.0,274.83432,279.86234,1.6843200000000138,6.71234000000004
2017-04-10 00:00:00,27.0,89.25,270.97723,278.3287,-2.1727699999999572,5.178700000000049
2017-04-10 00:00:00,27.0,89.5,273.59888,279.0024,0.44888000000003103,5.852400000000046
2017-04-10 00:00:00,27.0,89.75,278.33255,280.2526,5.182550000000049,7.102599999999995
2017-04-10 00:00:00,27.0,90.0,284.41144,286.8133,11.26144000000005,13.66330000000005
2017-04-10 00:00:00,26.75,85.5,283.08722,287.24634,9.937220000000025,14.096339999999998
2017-04-10 00:00:00,26.75,85.75,282.5112,287.13455,9.361199999999997,13.984550000000013
2017-04-10 00:00:00,26.75,86.0,282.5112,287.13455,9.361199999999997,13.984550000000013
2017-04-10 00:00:00,26.75,86.25,281.24954,285.72894,8.099540000000047,12.578940000000046
2017-04-10 00:00:00,26.75,86.5,280.1311,285.59412,6.981100000000026,12.444119999999998
2017-04-10 00:00:00,26.75,86.75,279.55008,285.55536,6.400080000000003,12.40536000000003
2017-04-10 00:00:00,26.75,87.0,278.6395,285.10483,5.489500000000021,11.954830000000015
2017-04-10 00:00:00,26.75,87.25,277.66418,284.59787,4.51418000000001,11.447870000000023
2017-04-10 00:00:00,26.75,87.5,277.16205,283.9798,4.012050000000045,10.829800000000034
2017-04-10 00:00:00,26.75,87.75,277.405,283.7319,4.2549999999999955,10.581900000000019
2017-04-10 00:00:00,26.75,88.0,278.4457,284.61835,5.295700000000011,11.468350000000044
2017-04-10 00:00:00,26.75,88.25,278.4457,284.61835,5.295700000000011,11.468350000000044
2017-04-10 00:00:00,26.75,88.5,280.0885,286.43954,6.938500000000033,13.289540000000045
2017-04-10 00:00:00,26.75,88.75,280.9106,286.97,7.760600000000011,13.82000000000005
2017-04-10 00:00:00,26.75,89.0,279.83664,285.31992,6.686640000000011,12.169920000000047
2017-04-10 00:00:00,26.75,89.25,279.66553,285.6896,6.5155300000000125,12.539600000000007
2017-04-10 00:00:00,26.75,89.5,280.84882,286.15396,7.698820000000012,13.003960000000006
2017-04-10 00:00:00,26.75,89.75,282.3463,287.27615,9.196300000000008,14.126149999999996
2017-04-10 00:00:00,26.75,90.0,286.4844,291.40536,13.334400000000016,18.255359999999996
2017-04-10 00:00:00,26.5,85.5,284.17877,287.1785,11.028770000000009,14.028500000000008
2017-04-10 00:00:00,26.5,85.75,284.2124,287.05685,11.062400000000025,13.90685000000002
2017-04-10 00:00:00,26.5,86.0,284.2124,287.05685,11.062400000000025,13.90685000000002
2017-04-10 00:00:00,26.5,86.25,283.17902,287.13412,10.029020000000003,13.984120000000019
2017-04-10 00:00:00,26.5,86.5,282.8771,287.16214,9.727100000000007,14.012140000000045
2017-04-10 00:00:00,26.5,86.75,282.43997,286.17426,9.28997000000004,13.024260000000027
2017-04-10 00:00:00,26.5,87.0,280.7836,283.5556,7.633600000000001,10.40560000000005
2017-04-10 00:00:00,26.5,87.25,279.68082,284.95746,6.530820000000006,11.807460000000049
2017-04-10 00:00:00,26.5,87.5,279.3063,286.16937,6.156300000000044,13.019370000000038
2017-04-10 00:00:00,26.5,87.75,279.24432,286.30804,6.094320000000039,13.158040000000028
2017-04-10 00:00:00,26.5,88.0,279.4676,286.2875,6.317600000000027,13.137500000000045
2017-04-10 00:00:00,26.5,88.25,279.4676,286.2875,6.317600000000027,13.137500000000045
2017-04-10 00:00:00,26.5,88.5,279.9243,285.94296,6.774300000000039,12.79296000000005
2017-04-10 00:00:00,26.5,88.75,280.08948,286.3741,6.939480000000003,13.224100000000021
2017-04-10 00:00:00,26.5,89.0,279.56366,286.77966,6.41366000000005,13.629660000000001
2017-04-10 00:00:00,26.5,89.25,279.68546,286.74942,6.5354600000000005,13.59942000000001
2017-04-10 00:00:00,26.5,89.5,281.66455,288.35095,8.514550000000042,15.200950000000034
2017-04-10 00:00:00,26.5,89.75,283.73413,289.03113,10.584130000000016,15.881130000000041
2017-04-10 00:00:00,26.5,90.0,285.22955,291.26318,12.07955000000004,18.11318
2017-04-10 00:00:00,26.25,85.5,283.99246,287.20438,10.842460000000017,14.054380000000037
2017-04-10 00:00:00,26.25,85.75,283.91943,287.27554,10.76943,14.12554
2017-04-10 00:00:00,26.25,86.0,283.91943,287.27554,10.76943,14.12554
2017-04-10 00:00:00,26.25,86.25,283.65268,286.90298,10.502679999999998,13.752980000000036
2017-04-10 00:00:00,26.25,86.5,283.16727,286.9503,10.017269999999996,13.80030000000005
2017-04-10 00:00:00,26.25,86.75,283.22406,286.82526,10.074060000000031,13.675260000000037
2017-04-10 00:00:00,26.25,87.0,282.96362,286.1137,9.813620000000014,12.963700000000017
2017-04-10 00:00:00,26.25,87.25,282.2288,286.01706,9.078800000000001,12.867060000000038
2017-04-10 00:00:00,26.25,87.5,281.73596,285.75394,8.58596,12.603940000000023
2017-04-10 00:00:00,26.25,87.75,281.0157,285.0546,7.865700000000004,11.904600000000016
2017-04-10 00:00:00,26.25,88.0,280.6406,284.7194,7.490600000000029,11.56940000000003
2017-04-10 00:00:00,26.25,88.25,280.6406,284.7194,7.490600000000029,11.56940000000003
2017-04-10 00:00:00,26.25,88.5,281.08524,284.95758,7.935240000000022,11.80758000000003
2017-04-10 00:00:00,26.25,88.75,281.18167,284.9436,8.03167000000002,11.793600000000026
2017-04-10 00:00:00,26.25,89.0,280.9201,284.61227,7.7701000000000136,11.462270000000046
2017-04-10 00:00:00,26.25,89.25,280.8599,285.60196,7.709900000000005,12.451960000000042
2017-04-10 00:00:00,26.25,89.5,280.3209,286.50668,7.170900000000017,13.35668000000004
2017-04-10 00:00:00,26.25,89.75,281.57358,287.55917,8.423580000000015,14.409170000000017
2017-04-10 00:00:00,26.25,90.0,283.75092,289.52133,10.60092000000003,16.37133
2017-04-10 00:00:00,26.0,85.5,284.58862,287.4733,11.438620000000014,14.323300000000017
2017-04-10 00:00:00,26.0,85.75,284.50488,287.43686,11.354880000000037,14.286860000000047
2017-04-10 00:00:00,26.0,86.0,284.50488,287.43686,11.354880000000037,14.286860000000047
2017-04-10 00:00:00,26.0,86.25,284.14484,287.54318,10.99484000000001,14.39318000000003
2017-04-10 00:00:00,26.0,86.5,283.94894,287.30017,10.798940000000016,14.150170000000003
2017-04-10 00:00:00,26.0,86.75,283.148,287.12268,9.998000000000047,13.972680000000025
2017-04-10 00:00:00,26.0,87.0,282.71396,286.60178,9.563960000000009,13.451780000000042
2017-04-10 00:00:00,26.0,87.25,282.40414,286.1105,9.254140000000007,12.960500000000025
2017-04-10 00:00:00,26.0,87.5,282.4472,285.971,9.297200000000032,12.821000000000026
2017-04-10 00:00:00,26.0,87.75,282.63107,285.85522,9.481070000000045,12.705219999999997
2017-04-10 00:00:00,26.0,88.0,282.56998,285.6513,9.41998000000001,12.501300000000015
2017-04-10 00:00:00,26.0,88.25,282.56998,285.6513,9.41998000000001,12.501300000000015
2017-04-10 00:00:00,26.0,88.5,282.28955,285.53247,9.139550000000042,12.382470000000012
2017-04-10 00:00:00,26.0,88.75,281.94568,285.59674,8.795680000000004,12.446740000000034
2017-04-10 00:00:00,26.0,89.0,281.52106,285.1716,8.37106,12.021600000000035
2017-04-10 00:00:00,26.0,89.25,280.85477,283.53348,7.704769999999996,10.38348000000002
2017-04-10 00:00:00,26.0,89.5,280.96442,285.59946,7.814420000000041,12.449460000000045
2017-04-10 00:00:00,26.0,89.75,283.68887,288.6064,10.538870000000031,15.45640000000003
2017-04-10 00:00:00,26.0,90.0,286.78757,291.95306,13.63757000000004,18.803060000000016
2017-04-10 00:00:00,25.75,85.5,284.7339,288.55313,11.583900000000028,15.403130000000033
2017-04-10 00:00:00,25.75,85.75,284.36783,288.1338,11.217830000000049,14.98380000000003
2017-04-10 00:00:00,25.75,86.0,284.36783,288.1338,11.217830000000049,14.98380000000003
2017-04-10 00:00:00,25.75,86.25,284.2098,287.86316,11.059799999999996,14.713160000000016
2017-04-10 00:00:00,25.75,86.5,284.0484,287.53497,10.898400000000038,14.38497000000001
2017-04-10 00:00:00,25.75,86.75,283.80804,287.23254,10.658040000000028,14.082539999999995
2017-04-10 00:00:00,25.75,87.0,283.62067,287.023,10.470670000000041,13.873000000000047
2017-04-10 00:00:00,25.75,87.25,283.25284,286.6508,10.102840000000015,13.500800000000027
2017-04-10 00:00:00,25.75,87.5,282.7241,286.3228,9.574100000000044,13.172799999999995
2017-04-10 00:00:00,25.75,87.75,282.38388,286.26843,9.23388,13.118430000000046
2017-04-10 00:00:00,25.75,88.0,282.30154,286.49896,9.151540000000011,13.348960000000034
2017-04-10 00:00:00,25.75,88.25,282.30154,286.49896,9.151540000000011,13.348960000000034
2017-04-10 00:00:00,25.75,88.5,282.2424,286.59772,9.092399999999998,13.447720000000004
2017-04-10 00:00:00,25.75,88.75,282.07205,286.32275,8.922050000000013,13.172750000000008
2017-04-10 00:00:00,25.75,89.0,281.58957,285.97443,8.439570000000003,12.824430000000007
2017-04-10 00:00:00,25.75,89.25,280.79285,285.36945,7.64285000000001,12.219449999999995
2017-04-10 00:00:00,25.75,89.5,281.78467,286.2501,8.634670000000028,13.100099999999998
2017-04-10 00:00:00,25.75,89.75,286.3874,291.76443,13.237400000000036,18.614430000000027
2017-04-10 00:00:00,25.75,90.0,288.6273,292.75586,15.477300000000014,19.605860000000007
2017-04-10 00:00:00,25.5,85.5,284.24963,287.9613,11.099630000000047,14.811300000000017
2017-04-10 00:00:00,25.5,85.75,284.36954,288.1502,11.219539999999995,15.000200000000007
2017-04-10 00:00:00,25.5,86.0,284.36954,288.1502,11.219539999999995,15.000200000000007
2017-04-10 00:00:00,25.5,86.25,284.13785,287.8848,10.987850000000037,14.734800000000007
2017-04-10 00:00:00,25.5,86.5,284.12582,287.90805,10.975819999999999,14.758050000000026
2017-04-10 00:00:00,25.5,86.75,284.0508,287.75278,10.900800000000004,14.602779999999996
2017-04-10 00:00:00,25.5,87.0,283.78546,287.64066,10.635460000000023,14.490660000000048
2017-04-10 00:00:00,25.5,87.25,283.5627,287.55576,10.41270000000003,14.405760000000043
2017-04-10 00:00:00,25.5,87.5,283.56818,287.56955,10.418180000000007,14.419550000000015
2017-04-10 00:00:00,25.5,87.75,283.471,287.60025,10.321000000000026,14.45025000000004
2017-04-10 00:00:00,25.5,88.0,283.29092,287.61182,10.140920000000051,14.461820000000046
2017-04-10 00:00:00,25.5,88.25,283.29092,287.61182,10.140920000000051,14.461820000000046
2017-04-10 00:00:00,25.5,88.5,283.2243,287.3205,10.07430000000005,14.170500000000004
2017-04-10 00:00:00,25.5,88.75,282.89554,286.31027,9.745540000000005,13.160270000000025
2017-04-10 00:00:00,25.5,89.0,281.92554,285.1236,8.775540000000035,11.973600000000033
2017-04-10 00:00:00,25.5,89.25,281.01178,285.08588,7.86178000000001,11.935879999999997
2017-04-10 00:00:00,25.5,89.5,282.5103,287.3755,9.360299999999995,14.225500000000011
2017-04-10 00:00:00,25.5,89.75,287.03958,293.31628,13.889580000000024,20.16628000000003
2017-04-10 00:00:00,25.5,90.0,288.99307,294.27234,15.843070000000012,21.12234000000001
2017-04-10 00:00:00,25.25,85.5,283.66248,287.03925,10.51248000000004,13.889250000000004
2017-04-10 00:00:00,25.25,85.75,283.35287,287.133,10.202870000000019,13.983000000000004
2017-04-10 00:00:00,25.25,86.0,283.35287,287.133,10.202870000000019,13.983000000000004
2017-04-10 00:00:00,25.25,86.25,283.06796,287.30807,9.91796000000005,14.15807000000001
2017-04-10 00:00:00,25.25,86.5,283.48322,287.77737,10.33322000000004,14.627370000000042
2017-04-10 00:00:00,25.25,86.75,283.84378,288.13757,10.693780000000004,14.987570000000005
2017-04-10 00:00:00,25.25,87.0,283.7525,288.28833,10.60250000000002,15.138329999999996
2017-04-10 00:00:00,25.25,87.25,283.43906,288.08884,10.289060000000006,14.938840000000027
2017-04-10 00:00:00,25.25,87.5,283.4353,288.10892,10.285300000000007,14.958920000000035
2017-04-10 00:00:00,25.25,87.75,283.32983,288.18796,10.179830000000038,15.037959999999998
2017-04-10 00:00:00,25.25,88.0,282.9514,287.64264,9.801400000000001,14.492639999999994
2017-04-10 00:00:00,25.25,88.25,282.9514,287.64264,9.801400000000001,14.492639999999994
2017-04-10 00:00:00,25.25,88.5,282.686,286.75977,9.536000000000001,13.609770000000026
2017-04-10 00:00:00,25.25,88.75,282.51978,286.48657,9.369780000000048,13.336569999999995
2017-04-10 00:00:00,25.25,89.0,282.30106,286.85495,9.15106000000003,13.704949999999997
2017-04-10 00:00:00,25.25,89.25,282.42972,287.4783,9.279719999999998,14.328300000000013
2017-04-10 00:00:00,25.25,89.5,283.82642,289.0805,10.676420000000007,15.930499999999995
2017-04-10 00:00:00,25.25,89.75,286.2756,290.5195,13.12560000000002,17.369500000000016
2017-04-10 00:00:00,25.25,90.0,287.34024,293.48734,14.190240000000017,20.33734000000004
2017-04-10 00:00:00,25.0,85.5,283.321,286.76184,10.17100000000005,13.61184000000003
2017-04-10 00:00:00,25.0,85.75,283.37595,287.16193,10.225950000000012,14.011930000000007
2017-04-10 00:00:00,25.0,86.0,283.37595,287.16193,10.225950000000012,14.011930000000007
2017-04-10 00:00:00,25.0,86.25,283.22574,287.398,10.075739999999996,14.248000000000047
2017-04-10 00:00:00,25.0,86.5,283.40048,287.4204,10.250480000000039,14.270399999999995
2017-04-10 00:00:00,25.0,86.75,283.45428,287.56094,10.304280000000006,14.41094000000004
2017-04-10 00:00:00,25.0,87.0,283.45142,287.92664,10.301420000000007,14.776640000000043
2017-04-10 00:00:00,25.0,87.25,283.07886,287.76596,9.928860000000043,14.61596000000003
2017-04-10 00:00:00,25.0,87.5,282.63412,287.5489,9.484120000000019,14.398900000000026
2017-04-10 00:00:00,25.0,87.75,282.76553,287.64737,9.615530000000035,14.497370000000046
2017-04-10 00:00:00,25.0,88.0,282.99164,287.91837,9.84164000000004,14.768370000000004
2017-04-10 00:00:00,25.0,88.25,282.99164,287.91837,9.84164000000004,14.768370000000004
2017-04-10 00:00:00,25.0,88.5,283.04953,287.82996,9.899530000000027,14.679960000000051
2017-04-10 00:00:00,25.0,88.75,282.9479,287.3766,9.797900000000027,14.226600000000019
2017-04-10 00:00:00,25.0,89.0,282.43463,287.79468,9.28463000000005,14.64468000000005
2017-04-10 00:00:00,25.0,89.25,283.74744,289.4452,10.597440000000006,16.295200000000023
2017-04-10 00:00:00,25.0,89.5,285.94016,291.73795,12.790160000000014,18.587950000000035
2017-04-10 00:00:00,25.0,89.75,288.17667,294.2932,15.026670000000024,21.143200000000036
2017-04-10 00:00:00,25.0,90.0,288.99997,293.83948,15.849970000000042,20.689480000000003
2017-04-10 00:00:00,24.75,85.5,283.321,286.76184,10.17100000000005,13.61184000000003
2017-04-10 00:00:00,24.75,85.75,283.37595,287.16193,10.225950000000012,14.011930000000007
2017-04-10 00:00:00,24.75,86.0,283.37595,287.16193,10.225950000000012,14.011930000000007
2017-04-10 00:00:00,24.75,86.25,283.22574,287.398,10.075739999999996,14.248000000000047
2017-04-10 00:00:00,24.75,86.5,283.40048,287.4204,10.250480000000039,14.270399999999995
2017-04-10 00:00:00,24.75,86.75,283.45428,287.56094,10.304280000000006,14.41094000000004
2017-04-10 00:00:00,24.75,87.0,283.45142,287.92664,10.301420000000007,14.776640000000043
2017-04-10 00:00:00,24.75,87.25,283.07886,287.76596,9.928860000000043,14.61596000000003
2017-04-10 00:00:00,24.75,87.5,282.63412,287.5489,9.484120000000019,14.398900000000026
2017-04-10 00:00:00,24.75,87.75,282.76553,287.64737,9.615530000000035,14.497370000000046
2017-04-10 00:00:00,24.75,88.0,282.99164,287.91837,9.84164000000004,14.768370000000004
2017-04-10 00:00:00,24.75,88.25,282.99164,287.91837,9.84164000000004,14.768370000000004
2017-04-10 00:00:00,24.75,88.5,283.04953,287.82996,9.899530000000027,14.679960000000051
2017-04-10 00:00:00,24.75,88.75,282.9479,287.3766,9.797900000000027,14.226600000000019
2017-04-10 00:00:00,24.75,89.0,282.43463,287.79468,9.28463000000005,14.64468000000005
2017-04-10 00:00:00,24.75,89.25,283.74744,289.4452,10.597440000000006,16.295200000000023
2017-04-10 00:00:00,24.75,89.5,285.94016,291.73795,12.790160000000014,18.587950000000035
2017-04-10 00:00:00,24.75,89.75,288.17667,294.2932,15.026670000000024,21.143200000000036
2017-04-10 00:00:00,24.75,90.0,288.99997,293.83948,15.849970000000042,20.689480000000003
2017-04-10 00:00:00,24.5,85.5,282.5953,287.16476,9.445300000000032,14.014760000000024
2017-04-10 00:00:00,24.5,85.75,282.33197,287.27707,9.181970000000035,14.127070000000003
2017-04-10 00:00:00,24.5,86.0,282.33197,287.27707,9.181970000000035,14.127070000000003
2017-04-10 00:00:00,24.5,86.25,282.69305,287.06982,9.54305000000005,13.919820000000016
2017-04-10 00:00:00,24.5,86.5,283.13916,286.84366,9.989160000000027,13.693660000000023
2017-04-10 00:00:00,24.5,86.75,282.97626,286.97638,9.826260000000048,13.826380000000029
2017-04-10 00:00:00,24.5,87.0,282.72284,287.34528,9.572840000000042,14.195280000000025
2017-04-10 00:00:00,24.5,87.25,282.32666,287.16675,9.176660000000027,14.016750000000002
2017-04-10 00:00:00,24.5,87.5,281.9074,286.73138,8.757400000000018,13.581380000000024
2017-04-10 00:00:00,24.5,87.75,282.07132,286.9112,8.921320000000037,13.76120000000003
2017-04-10 00:00:00,24.5,88.0,282.80927,287.67084,9.659270000000049,14.520840000000021
2017-04-10 00:00:00,24.5,88.25,282.80927,287.67084,9.659270000000049,14.520840000000021
2017-04-10 00:00:00,24.5,88.5,283.6014,288.4138,10.451400000000035,15.263800000000003
2017-04-10 00:00:00,24.5,88.75,284.069,289.0122,10.91900000000004,15.86220000000003
2017-04-10 00:00:00,24.5,89.0,284.42868,289.9005,11.278680000000008,16.750500000000045
2017-04-10 00:00:00,24.5,89.25,285.8305,291.66837,12.680499999999995,18.518370000000004
2017-04-10 00:00:00,24.5,89.5,287.40237,293.6342,14.252370000000042,20.484200000000044
2017-04-10 00:00:00,24.5,89.75,289.0665,295.3266,15.916500000000042,22.176600000000008
2017-04-10 00:00:00,24.5,90.0,289.99774,295.71103,16.847740000000044,22.561030000000017
2017-04-10 00:00:00,24.25,85.5,282.40494,286.36996,9.254940000000033,13.219960000000015
2017-04-10 00:00:00,24.25,85.75,282.22614,285.8947,9.07614000000001,12.744700000000023
2017-04-10 00:00:00,24.25,86.0,282.22614,285.8947,9.07614000000001,12.744700000000023
2017-04-10 00:00:00,24.25,86.25,282.52258,286.44443,9.372580000000028,13.294430000000034
2017-04-10 00:00:00,24.25,86.5,282.51865,286.8964,9.368650000000002,13.746400000000051
2017-04-10 00:00:00,24.25,86.75,282.06357,286.6428,8.91357000000005,13.492800000000045
2017-04-10 00:00:00,24.25,87.0,281.87796,286.61423,8.727959999999996,13.464230000000043
2017-04-10 00:00:00,24.25,87.25,282.25165,286.9604,9.101650000000006,13.810400000000016
2017-04-10 00:00:00,24.25,87.5,282.58463,287.18567,9.434630000000027,14.035670000000039
2017-04-10 00:00:00,24.25,87.75,283.29776,287.62598,10.147760000000005,14.47598000000005
2017-04-10 00:00:00,24.25,88.0,283.8954,288.3404,10.745400000000018,15.190400000000011
2017-04-10 00:00:00,24.25,88.25,283.8954,288.3404,10.745400000000018,15.190400000000011
2017-04-10 00:00:00,24.25,88.5,284.3139,289.36523,11.163900000000012,16.21523000000002
2017-04-10 00:00:00,24.25,88.75,285.41498,291.0384,12.264980000000037,17.888400000000047
2017-04-10 00:00:00,24.25,89.0,286.46133,292.84872,13.311329999999998,19.698720000000037
2017-04-10 00:00:00,24.25,89.25,287.68765,294.3665,14.537650000000042,21.216499999999996
2017-04-10 00:00:00,24.25,89.5,288.7279,295.26022,15.5779,22.110220000000027
2017-04-10 00:00:00,24.25,89.75,289.95404,296.10498,16.804040000000043,22.954980000000035
2017-04-10 00:00:00,24.25,90.0,290.66843,296.36566,17.518430000000023,23.215660000000014
2017-04-10 00:00:00,24.0,85.5,281.73172,285.1322,8.581720000000018,11.982200000000034
2017-04-10 00:00:00,24.0,85.75,281.07285,285.7389,7.9228500000000395,12.588900000000024
2017-04-10 00:00:00,24.0,86.0,281.07285,285.7389,7.9228500000000395,12.588900000000024
2017-04-10 00:00:00,24.0,86.25,281.0675,285.56677,7.917500000000018,12.416770000000042
2017-04-10 00:00:00,24.0,86.5,281.03574,285.5348,7.885739999999998,12.384800000000041
2017-04-10 00:00:00,24.0,86.75,281.39304,286.0782,8.243040000000008,12.928200000000004
2017-04-10 00:00:00,24.0,87.0,281.94833,286.78998,8.798330000000021,13.639980000000037
2017-04-10 00:00:00,24.0,87.25,282.66583,287.4018,9.51583000000005,14.251800000000003
2017-04-10 00:00:00,24.0,87.5,283.64752,288.24496,10.497520000000009,15.094960000000015
2017-04-10 00:00:00,24.0,87.75,284.75967,289.90585,11.609670000000051,16.75585000000001
2017-04-10 00:00:00,24.0,88.0,285.2649,291.4337,12.114900000000034,18.28370000000001
2017-04-10 00:00:00,24.0,88.25,285.2649,291.4337,12.114900000000034,18.28370000000001
2017-04-10 00:00:00,24.0,88.5,285.81735,292.71716,12.667349999999999,19.56716
2017-04-10 00:00:00,24.0,88.75,287.46786,294.72467,14.317859999999996,21.574670000000026
2017-04-10 00:00:00,24.0,89.0,288.9201,296.22357,15.770100000000014,23.073570000000018
2017-04-10 00:00:00,24.0,89.25,289.7495,296.6394,16.599500000000035,23.489400000000046
2017-04-10 00:00:00,24.0,89.5,290.1857,296.68622,17.03570000000002,23.536220000000014
2017-04-10 00:00:00,24.0,89.75,291.16693,297.09955,18.016930000000002,23.949550000000045
2017-04-10 00:00:00,24.0,90.0,291.65057,296.96332,18.50057000000004,23.813320000000033
2017-04-10 00:00:00,23.75,85.5,281.20267,286.01648,8.052670000000035,12.866480000000024
2017-04-10 00:00:00,23.75,85.75,281.79883,286.66904,8.648830000000032,13.519040000000018
2017-04-10 00:00:00,23.75,86.0,281.79883,286.66904,8.648830000000032,13.519040000000018
2017-04-10 00:00:00,23.75,86.25,281.9725,287.19922,8.822500000000048,14.049220000000048
2017-04-10 00:00:00,23.75,86.5,282.38187,287.77414,9.231870000000015,14.624140000000011
2017-04-10 00:00:00,23.75,86.75,282.81995,287.97824,9.669950000000028,14.82824000000005
2017-04-10 00:00:00,23.75,87.0,283.0536,288.01505,9.90360000000004,14.865049999999997
2017-04-10 00:00:00,23.75,87.25,283.5662,288.53168,10.416200000000003,15.381680000000017
2017-04-10 00:00:00,23.75,87.5,285.3586,291.21356,12.208600000000047,18.063559999999995
2017-04-10 00:00:00,23.75,87.75,287.1378,293.87534,13.98780000000005,20.725340000000017
2017-04-10 00:00:00,23.75,88.0,288.25217,295.90823,15.102170000000001,22.758230000000026
2017-04-10 00:00:00,23.75,88.25,288.25217,295.90823,15.102170000000001,22.758230000000026
2017-04-10 00:00:00,23.75,88.5,289.17667,297.4325,16.026670000000024,24.282500000000027
2017-04-10 00:00:00,23.75,88.75,289.81525,297.38345,16.665250000000015,24.233450000000005
2017-04-10 00:00:00,23.75,89.0,290.41043,297.44653,17.260430000000042,24.29653000000002
2017-04-10 00:00:00,23.75,89.25,291.00537,297.5105,17.85537000000005,24.360500000000002
2017-04-10 00:00:00,23.75,89.5,291.70798,297.5253,18.557980000000043,24.37530000000004
2017-04-10 00:00:00,23.75,89.75,292.45923,297.55002,19.309230000000014,24.40002000000004
2017-04-10 00:00:00,23.75,90.0,293.5034,298.1721,20.353400000000022,25.022100000000023
2017-04-10 00:00:00,23.5,85.5,282.12872,286.8066,8.97872000000001,13.656600000000026
2017-04-10 00:00:00,23.5,85.75,282.9463,287.27744,9.79630000000003,14.127440000000036
2017-04-10 00:00:00,23.5,86.0,282.9463,287.27744,9.79630000000003,14.127440000000036
2017-04-10 00:00:00,23.5,86.25,283.3187,287.90036,10.168700000000001,14.75036
2017-04-10 00:00:00,23.5,86.5,283.92606,288.54105,10.77606000000003,15.391050000000007
2017-04-10 00:00:00,23.5,86.75,283.87534,288.63107,10.725340000000017,15.481070000000045
2017-04-10 00:00:00,23.5,87.0,284.59952,289.60333,11.449520000000007,16.45333000000005
2017-04-10 00:00:00,23.5,87.25,285.92413,291.30713,12.774130000000014,18.157129999999995
2017-04-10 00:00:00,23.5,87.5,287.5952,293.58945,14.4452,20.439450000000022
2017-04-10 00:00:00,23.5,87.75,289.3364,296.3873,16.18640000000005,23.237300000000005
2017-04-10 00:00:00,23.5,88.0,290.61276,298.30496,17.462760000000003,25.154960000000017
2017-04-10 00:00:00,23.5,88.25,290.61276,298.30496,17.462760000000003,25.154960000000017
2017-04-10 00:00:00,23.5,88.5,291.3026,298.54614,18.152600000000007,25.396140000000003
2017-04-10 00:00:00,23.5,88.75,291.7278,298.15234,18.577800000000025,25.002340000000004
2017-04-10 00:00:00,23.5,89.0,292.02963,297.80988,18.87963000000002,24.659880000000044
2017-04-10 00:00:00,23.5,89.25,292.38757,297.70587,19.237570000000005,24.555870000000027
2017-04-10 00:00:00,23.5,89.5,292.84512,297.89636,19.69512000000003,24.74636000000004
2017-04-10 00:00:00,23.5,89.75,293.40765,298.07977,20.257650000000012,24.92977000000002
2017-04-10 00:00:00,23.5,90.0,294.37286,298.5825,21.222860000000026,25.432500000000005
2017-04-10 00:00:00,23.25,85.5,283.35547,287.99915,10.205470000000048,14.849150000000009
2017-04-10 00:00:00,23.25,85.75,284.22495,289.1412,11.074950000000001,15.991200000000049
2017-04-10 00:00:00,23.25,86.0,284.22495,289.1412,11.074950000000001,15.991200000000049
2017-04-10 00:00:00,23.25,86.25,285.84293,289.9693,12.692930000000047,16.8193
2017-04-10 00:00:00,23.25,86.5,286.25327,290.37662,13.103270000000009,17.226620000000025
2017-04-10 00:00:00,23.25,86.75,287.01816,291.8523,13.868160000000046,18.702300000000037
2017-04-10 00:00:00,23.25,87.0,288.28845,295.92255,15.138450000000034,22.772550000000024
2017-04-10 00:00:00,23.25,87.25,289.67053,298.47806,16.520530000000008,25.32806000000005
2017-04-10 00:00:00,23.25,87.5,291.2852,299.32294,18.135199999999998,26.17294000000004
2017-04-10 00:00:00,23.25,87.75,292.77695,299.76193,19.626950000000022,26.61193000000003
2017-04-10 00:00:00,23.25,88.0,293.64066,299.77588,20.490660000000048,26.625879999999995
2017-04-10 00:00:00,23.25,88.25,293.64066,299.77588,20.490660000000048,26.625879999999995
2017-04-10 00:00:00,23.25,88.5,294.01865,299.52408,20.868650000000002,26.37408000000005
2017-04-10 00:00:00,23.25,88.75,294.11432,299.44495,20.964320000000043,26.29495000000003
2017-04-10 00:00:00,23.25,89.0,293.84363,299.15338,20.69363000000004,26.00338000000005
2017-04-10 00:00:00,23.25,89.25,293.7584,298.81747,20.608400000000017,25.667470000000037
2017-04-10 00:00:00,23.25,89.5,294.0839,298.90347,20.93390000000005,25.75347000000005
2017-04-10 00:00:00,23.25,89.75,294.97382,299.3022,21.823820000000012,26.15220000000005
2017-04-10 00:00:00,23.25,90.0,295.42084,299.35812,22.27084000000002,26.208120000000008
2017-04-10 00:00:00,23.0,85.5,285.6623,289.02536,12.512300000000039,15.87536
2017-04-10 00:00:00,23.0,85.75,286.98438,290.5917,13.83438000000001,17.441700000000026
2017-04-10 00:00:00,23.0,86.0,286.98438,290.5917,13.83438000000001,17.441700000000026
2017-04-10 00:00:00,23.0,86.25,288.24207,292.8935,15.092070000000035,19.74350000000004
2017-04-10 00:00:00,23.0,86.5,289.4744,294.94962,16.324400000000026,21.799620000000004
2017-04-10 00:00:00,23.0,86.75,290.654,299.8193,17.50400000000002,26.66930000000002
2017-04-10 00:00:00,23.0,87.0,291.54572,300.32547,18.39572000000004,27.17547000000002
2017-04-10 00:00:00,23.0,87.25,292.94513,300.4112,19.79513000000003,27.26120000000003
2017-04-10 00:00:00,23.0,87.5,294.48166,301.0773,21.33166,27.927300000000002
2017-04-10 00:00:00,23.0,87.75,295.77213,301.3548,22.622130000000027,28.204800000000034
2017-04-10 00:00:00,23.0,88.0,296.53705,301.21826,23.387050000000045,28.06826000000001
2017-04-10 00:00:00,23.0,88.25,296.53705,301.21826,23.387050000000045,28.06826000000001
2017-04-10 00:00:00,23.0,88.5,296.69064,300.9315,23.540639999999996,27.78150000000005
2017-04-10 00:00:00,23.0,88.75,296.4235,300.62225,23.273500000000013,27.47225000000003
2017-04-10 00:00:00,23.0,89.0,295.73767,300.23123,22.587670000000003,27.081230000000005
2017-04-10 00:00:00,23.0,89.25,295.178,299.98636,22.02800000000002,26.836360000000013
2017-04-10 00:00:00,23.0,89.5,295.37347,300.01587,22.22347000000002,26.86587000000003
2017-04-10 00:00:00,23.0,89.75,296.20404,300.28525,23.054040000000043,27.135250000000042
2017-04-10 00:00:00,23.0,90.0,296.77356,300.2007,23.623559999999998,27.050700000000006
2017-04-10 00:00:00,22.75,85.5,288.88232,294.41397,15.732320000000016,21.26397000000003
2017-04-10 00:00:00,22.75,85.75,290.22107,297.69748,17.07107000000002,24.547480000000007
2017-04-10 00:00:00,22.75,86.0,290.22107,297.69748,17.07107000000002,24.547480000000007
2017-04-10 00:00:00,22.75,86.25,291.26685,299.7214,18.11685,26.57140000000004
2017-04-10 00:00:00,22.75,86.5,291.8895,300.49643,18.73950000000002,27.346429999999998
2017-04-10 00:00:00,22.75,86.75,292.86078,300.0736,19.71078,26.92360000000002
2017-04-10 00:00:00,22.75,87.0,294.09384,300.87558,20.943840000000023,27.725580000000036
2017-04-10 00:00:00,22.75,87.25,295.50958,301.83923,22.35958000000005,28.68923000000001
2017-04-10 00:00:00,22.75,87.5,296.77765,301.8982,23.627650000000017,28.748199999999997
2017-04-10 00:00:00,22.75,87.75,297.59293,301.34775,24.442930000000047,28.197750000000042
2017-04-10 00:00:00,22.75,88.0,297.94693,301.03354,24.79693000000003,27.88354000000004
2017-04-10 00:00:00,22.75,88.25,297.94693,301.03354,24.79693000000003,27.88354000000004
2017-04-10 00:00:00,22.75,88.5,297.9424,301.13187,24.792400000000043,27.981870000000015
2017-04-10 00:00:00,22.75,88.75,297.52655,301.21536,24.37655000000001,28.06536
2017-04-10 00:00:00,22.75,89.0,296.97375,301.09955,23.823750000000018,27.949550000000045
2017-04-10 00:00:00,22.75,89.25,296.79886,300.9258,23.648860000000013,27.775800000000004
2017-04-10 00:00:00,22.75,89.5,296.95547,300.80103,23.805470000000014,27.65103000000005
2017-04-10 00:00:00,22.75,89.75,296.97385,300.70663,23.82385000000005,27.55663000000004
2017-04-10 00:00:00,22.75,90.0,296.48154,300.45813,23.331540000000018,27.308130000000006
2017-04-10 00:00:00,22.5,85.5,288.88232,294.41397,15.732320000000016,21.26397000000003
2017-04-10 00:00:00,22.5,85.75,290.22107,297.69748,17.07107000000002,24.547480000000007
2017-04-10 00:00:00,22.5,86.0,290.22107,297.69748,17.07107000000002,24.547480000000007
2017-04-10 00:00:00,22.5,86.25,291.26685,299.7214,18.11685,26.57140000000004
2017-04-10 00:00:00,22.5,86.5,291.8895,300.49643,18.73950000000002,27.346429999999998
2017-04-10 00:00:00,22.5,86.75,292.86078,300.0736,19.71078,26.92360000000002
2017-04-10 00:00:00,22.5,87.0,294.09384,300.87558,20.943840000000023,27.725580000000036
2017-04-10 00:00:00,22.5,87.25,295.50958,301.83923,22.35958000000005,28.68923000000001
2017-04-10 00:00:00,22.5,87.5,296.77765,301.8982,23.627650000000017,28.748199999999997
2017-04-10 00:00:00,22.5,87.75,297.59293,301.34775,24.442930000000047,28.197750000000042
2017-04-10 00:00:00,22.5,88.0,297.94693,301.03354,24.79693000000003,27.88354000000004
2017-04-10 00:00:00,22.5,88.25,297.94693,301.03354,24.79693000000003,27.88354000000004
2017-04-10 00:00:00,22.5,88.5,297.9424,301.13187,24.792400000000043,27.981870000000015
2017-04-10 00:00:00,22.5,88.75,297.52655,301.21536,24.37655000000001,28.06536
2017-04-10 00:00:00,22.5,89.0,296.97375,301.09955,23.823750000000018,27.949550000000045
2017-04-10 00:00:00,22.5,89.25,296.79886,300.9258,23.648860000000013,27.775800000000004
2017-04-10 00:00:00,22.5,89.5,296.95547,300.80103,23.805470000000014,27.65103000000005
2017-04-10 00:00:00,22.5,89.75,296.97385,300.70663,23.82385000000005,27.55663000000004
2017-04-10 00:00:00,22.5,90.0,296.48154,300.45813,23.331540000000018,27.308130000000006
2017-04-10 00:00:00,22.25,85.5,292.31445,300.3108,19.164450000000045,27.160799999999995
2017-04-10 00:00:00,22.25,85.75,293.04562,301.26044,19.895620000000008,28.11044000000004
2017-04-10 00:00:00,22.25,86.0,293.04562,301.26044,19.895620000000008,28.11044000000004
2017-04-10 00:00:00,22.25,86.25,293.3165,301.14975,20.166500000000042,27.999750000000006
2017-04-10 00:00:00,22.25,86.5,293.04453,301.55203,19.89453000000003,28.402030000000025
2017-04-10 00:00:00,22.25,86.75,294.12247,301.23398,20.972470000000044,28.083979999999997
2017-04-10 00:00:00,22.25,87.0,294.9898,301.67245,21.839800000000025,28.52245000000005
2017-04-10 00:00:00,22.25,87.25,296.1189,301.84137,22.96890000000002,28.691370000000006
2017-04-10 00:00:00,22.25,87.5,297.14377,301.81647,23.99377000000004,28.666470000000004
2017-04-10 00:00:00,22.25,87.75,297.85364,301.88126,24.703640000000007,28.73126000000002
2017-04-10 00:00:00,22.25,88.0,298.0565,301.69736,24.90650000000005,28.547360000000026
2017-04-10 00:00:00,22.25,88.25,298.0565,301.69736,24.90650000000005,28.547360000000026
2017-04-10 00:00:00,22.25,88.5,297.97226,301.5989,24.82226000000003,28.448900000000037
2017-04-10 00:00:00,22.25,88.75,297.8259,301.64334,24.675900000000013,28.493340000000046
2017-04-10 00:00:00,22.25,89.0,297.61264,301.58472,24.46264000000002,28.434720000000027
2017-04-10 00:00:00,22.25,89.25,297.27847,301.46198,24.12847000000005,28.311980000000005
2017-04-10 00:00:00,22.25,89.5,296.90182,301.3359,23.75182000000001,28.185900000000004
2017-04-10 00:00:00,22.25,89.75,296.53323,301.03482,23.383230000000026,27.884820000000047
2017-04-10 00:00:00,22.25,90.0,295.84927,300.5452,22.699270000000013,27.395200000000045
2017-04-10 00:00:00,22.0,85.5,292.8226,299.69586,19.672600000000045,26.545860000000005
2017-04-10 00:00:00,22.0,85.75,293.86835,300.32993,20.718350000000044,27.179930000000013
2017-04-10 00:00:00,22.0,86.0,293.86835,300.32993,20.718350000000044,27.179930000000013
2017-04-10 00:00:00,22.0,86.25,293.94818,299.29153,20.798180000000002,26.141530000000046
2017-04-10 00:00:00,22.0,86.5,293.77295,300.04535,20.622950000000003,26.895350000000008
2017-04-10 00:00:00,22.0,86.75,295.09784,301.96664,21.947840000000042,28.816640000000007
2017-04-10 00:00:00,22.0,87.0,295.68582,302.05838,22.53582,28.908380000000022
2017-04-10 00:00:00,22.0,87.25,296.32907,301.87466,23.179070000000024,28.72466000000003
2017-04-10 00:00:00,22.0,87.5,296.9541,301.63263,23.804100000000005,28.48263000000003
2017-04-10 00:00:00,22.0,87.75,297.47522,301.1473,24.32522,27.997299999999996
2017-04-10 00:00:00,22.0,88.0,297.75705,301.35007,24.607050000000015,28.20007000000004
2017-04-10 00:00:00,22.0,88.25,297.75705,301.35007,24.607050000000015,28.20007000000004
2017-04-10 00:00:00,22.0,88.5,297.91,301.43045,24.760000000000048,28.28045000000003
2017-04-10 00:00:00,22.0,88.75,297.98535,301.41943,24.835350000000005,28.26943
2017-04-10 00:00:00,22.0,89.0,297.89847,301.76306,24.748469999999998,28.61306000000002
2017-04-10 00:00:00,22.0,89.25,297.61963,301.71396,24.469629999999995,28.56396000000001
2017-04-10 00:00:00,22.0,89.5,297.13074,301.1535,23.980740000000026,28.00350000000003
2017-04-10 00:00:00,22.0,89.75,296.43823,300.86404,23.28823,27.71404000000001
2017-04-10 00:00:00,22.0,90.0,295.70612,300.6908,22.55612000000002,27.540800000000047
2017-04-10 00:00:00,21.75,85.5,293.38696,299.71786,20.23696000000001,26.567859999999996
2017-04-10 00:00:00,21.75,85.75,294.1775,300.18002,21.027500000000032,27.030020000000036
2017-04-10 00:00:00,21.75,86.0,294.1775,300.18002,21.027500000000032,27.030020000000036
2017-04-10 00:00:00,21.75,86.25,293.69623,298.404,20.546230000000037,25.25400000000002
2017-04-10 00:00:00,21.75,86.5,294.2478,299.2868,21.097800000000007,26.13680000000005
2017-04-10 00:00:00,21.75,86.75,295.86856,301.5779,22.718560000000025,28.427900000000022
2017-04-10 00:00:00,21.75,87.0,296.30435,301.21777,23.154350000000022,28.067769999999996
2017-04-10 00:00:00,21.75,87.25,296.59183,301.18976,23.44183000000004,28.03976
2017-04-10 00:00:00,21.75,87.5,296.90894,300.79565,23.758939999999996,27.645650000000046
2017-04-10 00:00:00,21.75,87.75,297.68655,299.64603,24.536550000000034,26.49603000000002
2017-04-10 00:00:00,21.75,88.0,297.8754,299.54575,24.725400000000036,26.39575000000002
2017-04-10 00:00:00,21.75,88.25,297.8754,299.54575,24.725400000000036,26.39575000000002
2017-04-10 00:00:00,21.75,88.5,298.15186,299.64404,25.001860000000022,26.49404000000004
2017-04-10 00:00:00,21.75,88.75,298.23355,300.0067,25.083550000000002,26.856700000000046
2017-04-10 00:00:00,21.75,89.0,297.8215,300.4353,24.671500000000037,27.285300000000007
2017-04-10 00:00:00,21.75,89.25,297.83572,299.74484,24.685720000000003,26.594840000000033
2017-04-10 00:00:00,21.75,89.5,298.05896,298.69894,24.908960000000036,25.548940000000016
2017-04-10 00:00:00,21.75,89.75,297.67526,298.43628,24.525260000000003,25.286280000000033
2017-04-10 00:00:00,21.75,90.0,297.23856,298.408,24.08856000000003,25.258000000000038
2017-04-10 00:00:00,21.5,85.5,293.30566,299.08014,20.15566000000001,25.930139999999994
2017-04-10 00:00:00,21.5,85.75,294.22058,300.2907,21.070580000000007,27.140700000000038
2017-04-10 00:00:00,21.5,86.0,294.22058,300.2907,21.070580000000007,27.140700000000038
2017-04-10 00:00:00,21.5,86.25,294.98508,300.35938,21.835080000000005,27.20938000000001
2017-04-10 00:00:00,21.5,86.5,295.86484,301.1814,22.714840000000038,28.03140000000002
2017-04-10 00:00:00,21.5,86.75,296.7716,301.0616,23.6216,27.91160000000002
2017-04-10 00:00:00,21.5,87.0,297.54846,299.70117,24.39846,26.551170000000013
2017-04-10 00:00:00,21.5,87.25,297.7044,299.1708,24.554400000000044,26.02080000000001
2017-04-10 00:00:00,21.5,87.5,297.69406,299.04276,24.54406,25.89276000000001
2017-04-10 00:00:00,21.5,87.75,297.79364,298.84882,24.643640000000005,25.698820000000012
2017-04-10 00:00:00,21.5,88.0,298.01523,298.5922,24.865229999999997,25.442200000000014
2017-04-10 00:00:00,21.5,88.25,298.01523,298.5922,24.865229999999997,25.442200000000014
2017-04-10 00:00:00,21.5,88.5,298.24533,298.45798,25.095330000000047,25.307980000000043
2017-04-10 00:00:00,21.5,88.75,298.37775,298.53055,25.227750000000015,25.380550000000028
2017-04-10 00:00:00,21.5,89.0,298.3677,298.62933,25.217700000000036,25.479330000000004
2017-04-10 00:00:00,21.5,89.25,298.23254,298.58792,25.082539999999995,25.43792000000002
2017-04-10 00:00:00,21.5,89.5,298.0667,298.57104,24.91670000000005,25.421040000000005
2017-04-10 00:00:00,21.5,89.75,297.87924,298.61404,24.729240000000004,25.46404000000001
2017-04-10 00:00:00,21.5,90.0,297.51788,298.47293,24.367880000000014,25.322930000000042
2017-04-10 00:00:00,21.25,85.5,295.00412,300.22018,21.854120000000023,27.07018000000005
2017-04-10 00:00:00,21.25,85.75,295.90884,301.33673,22.75884000000002,28.18673000000001
2017-04-10 00:00:00,21.25,86.0,295.90884,301.33673,22.75884000000002,28.18673000000001
2017-04-10 00:00:00,21.25,86.25,297.101,302.25876,23.951000000000022,29.108760000000018
2017-04-10 00:00:00,21.25,86.5,297.53738,302.15207,24.387380000000007,29.002070000000003
2017-04-10 00:00:00,21.25,86.75,297.96902,301.2282,24.819020000000023,28.078200000000038
2017-04-10 00:00:00,21.25,87.0,297.88364,299.4941,24.733640000000037,26.344100000000026
2017-04-10 00:00:00,21.25,87.25,297.614,298.70184,24.464,25.551840000000027
2017-04-10 00:00:00,21.25,87.5,297.3959,298.5618,24.245900000000006,25.411800000000028
2017-04-10 00:00:00,21.25,87.75,297.35675,298.58344,24.20675,25.43344000000002
2017-04-10 00:00:00,21.25,88.0,297.48257,298.37775,24.332570000000032,25.227750000000015
2017-04-10 00:00:00,21.25,88.25,297.48257,298.37775,24.332570000000032,25.227750000000015
2017-04-10 00:00:00,21.25,88.5,297.66718,298.32352,24.517179999999996,25.173519999999996
2017-04-10 00:00:00,21.25,88.75,297.8469,298.3962,24.696900000000028,25.246200000000044
2017-04-10 00:00:00,21.25,89.0,298.00705,298.3838,24.857050000000015,25.23380000000003
2017-04-10 00:00:00,21.25,89.25,298.111,298.48904,24.961000000000013,25.33904000000001
2017-04-10 00:00:00,21.25,89.5,298.15817,298.6646,25.008170000000007,25.51460000000003
2017-04-10 00:00:00,21.25,89.75,298.10754,298.64496,24.957539999999995,25.49496000000005
2017-04-10 00:00:00,21.25,90.0,297.80554,298.57864,24.65554000000003,25.42864000000003
2017-04-10 00:00:00,21.0,85.5,296.96667,301.15363,23.816670000000045,28.003630000000044
2017-04-10 00:00:00,21.0,85.75,297.75824,301.8552,24.608240000000023,28.705200000000048
2017-04-10 00:00:00,21.0,86.0,297.75824,301.8552,24.608240000000023,28.705200000000048
2017-04-10 00:00:00,21.0,86.25,298.5253,302.36246,25.37530000000004,29.21246000000002
2017-04-10 00:00:00,21.0,86.5,298.60312,302.081,25.453120000000013,28.93100000000004
2017-04-10 00:00:00,21.0,86.75,298.42026,301.0139,25.270260000000007,27.8639
2017-04-10 00:00:00,21.0,87.0,297.914,299.51437,24.76400000000001,26.364370000000008
2017-04-10 00:00:00,21.0,87.25,297.3938,298.7173,24.24380000000002,25.567300000000046
2017-04-10 00:00:00,21.0,87.5,297.07733,298.34756,23.92733000000004,25.19756000000001
2017-04-10 00:00:00,21.0,87.75,296.89957,298.2006,23.749570000000006,25.05060000000003
2017-04-10 00:00:00,21.0,88.0,296.823,298.02695,23.673000000000002,24.876950000000022
2017-04-10 00:00:00,21.0,88.25,296.823,298.02695,23.673000000000002,24.876950000000022
2017-04-10 00:00:00,21.0,88.5,296.90234,297.9871,23.752340000000004,24.83710000000002
2017-04-10 00:00:00,21.0,88.75,297.197,298.1127,24.047000000000025,24.96270000000004
2017-04-10 00:00:00,21.0,89.0,297.6433,298.27344,24.493300000000033,25.123440000000016
2017-04-10 00:00:00,21.0,89.25,298.03778,298.45187,24.88778000000002,25.301870000000008
2017-04-10 00:00:00,21.0,89.5,298.24597,298.5216,25.095970000000023,25.3716
2017-04-10 00:00:00,21.0,89.75,298.2577,298.46127,25.107700000000023,25.311270000000036
2017-04-10 00:00:00,21.0,90.0,298.06296,298.5716,24.912959999999998,25.421600000000012
2017-04-10 01:00:00,27.5,85.5,294.652,290.2571,21.50200000000001,17.107100000000003
2017-04-10 01:00:00,27.5,85.75,293.703,288.64767,20.552999999999997,15.497670000000028
2017-04-10 01:00:00,27.5,86.0,293.703,288.64767,20.552999999999997,15.497670000000028
2017-04-10 01:00:00,27.5,86.25,293.0826,288.6005,19.932600000000036,15.450500000000034
2017-04-10 01:00:00,27.5,86.5,291.4042,288.0966,18.254200000000026,14.946600000000046
2017-04-10 01:00:00,27.5,86.75,289.20294,286.35046,16.052940000000035,13.200460000000021
2017-04-10 01:00:00,27.5,87.0,287.6164,284.2365,14.466400000000021,11.086500000000001
2017-04-10 01:00:00,27.5,87.25,287.77805,283.8351,14.62805000000003,10.685100000000034
2017-04-10 01:00:00,27.5,87.5,288.22012,283.988,15.070120000000031,10.838000000000022
2017-04-10 01:00:00,27.5,87.75,287.78906,283.80637,14.639060000000029,10.656370000000038
2017-04-10 01:00:00,27.5,88.0,287.59314,284.33514,14.443140000000028,11.185140000000047
2017-04-10 01:00:00,27.5,88.25,287.59314,284.33514,14.443140000000028,11.185140000000047
2017-04-10 01:00:00,27.5,88.5,288.38547,286.51376,15.23547000000002,13.363760000000013
2017-04-10 01:00:00,27.5,88.75,288.77774,286.17072,15.627740000000017,13.02072000000004
2017-04-10 01:00:00,27.5,89.0,287.95554,279.5236,14.805540000000008,6.37360000000001
2017-04-10 01:00:00,27.5,89.25,287.7136,277.2226,14.563600000000008,4.072600000000023
2017-04-10 01:00:00,27.5,89.5,288.92892,282.0035,15.778920000000028,8.853499999999997
2017-04-10 01:00:00,27.5,89.75,288.5903,283.07904,15.440300000000036,9.929040000000043
2017-04-10 01:00:00,27.5,90.0,289.21533,287.05753,16.065330000000017,13.907530000000008
2017-04-10 01:00:00,27.25,85.5,297.85626,292.8402,24.706260000000043,19.690200000000004
2017-04-10 01:00:00,27.25,85.75,297.28024,293.42136,24.130240000000015,20.271360000000016
2017-04-10 01:00:00,27.25,86.0,297.28024,293.42136,24.130240000000015,20.271360000000016
2017-04-10 01:00:00,27.25,86.25,296.83545,293.01205,23.685450000000003,19.86205000000001
2017-04-10 01:00:00,27.25,86.5,295.68387,292.19165,22.533870000000036,19.041650000000004
2017-04-10 01:00:00,27.25,86.75,294.89655,290.26935,21.746550000000013,17.119349999999997
2017-04-10 01:00:00,27.25,87.0,293.81915,288.0817,20.669150000000002,14.931700000000035
2017-04-10 01:00:00,27.25,87.25,293.61517,288.70245,20.46517,15.552450000000022
2017-04-10 01:00:00,27.25,87.5,293.98492,289.95435,20.83492000000001,16.80435
2017-04-10 01:00:00,27.25,87.75,294.02484,290.07108,20.874840000000006,16.921080000000018
2017-04-10 01:00:00,27.25,88.0,294.66843,290.39743,21.518430000000023,17.24743000000001
2017-04-10 01:00:00,27.25,88.25,294.66843,290.39743,21.518430000000023,17.24743000000001
2017-04-10 01:00:00,27.25,88.5,296.5312,292.27228,23.381200000000035,19.122280000000046
2017-04-10 01:00:00,27.25,88.75,297.5219,292.6075,24.37190000000004,19.45750000000004
2017-04-10 01:00:00,27.25,89.0,296.10132,288.95752,22.95132000000001,15.807520000000011
2017-04-10 01:00:00,27.25,89.25,294.49188,288.6096,21.341880000000003,15.459600000000023
2017-04-10 01:00:00,27.25,89.5,294.2078,288.37592,21.057800000000043,15.22592000000003
2017-04-10 01:00:00,27.25,89.75,293.73633,286.64096,20.586330000000032,13.49096000000003
2017-04-10 01:00:00,27.25,90.0,295.82483,291.78397,22.674830000000043,18.633970000000033
2017-04-10 01:00:00,27.0,85.5,297.85626,292.8402,24.706260000000043,19.690200000000004
2017-04-10 01:00:00,27.0,85.75,297.28024,293.42136,24.130240000000015,20.271360000000016
2017-04-10 01:00:00,27.0,86.0,297.28024,293.42136,24.130240000000015,20.271360000000016
2017-04-10 01:00:00,27.0,86.25,296.83545,293.01205,23.685450000000003,19.86205000000001
2017-04-10 01:00:00,27.0,86.5,295.68387,292.19165,22.533870000000036,19.041650000000004
2017-04-10 01:00:00,27.0,86.75,294.89655,290.26935,21.746550000000013,17.119349999999997
2017-04-10 01:00:00,27.0,87.0,293.81915,288.0817,20.669150000000002,14.931700000000035
2017-04-10 01:00:00,27.0,87.25,293.61517,288.70245,20.46517,15.552450000000022
2017-04-10 01:00:00,27.0,87.5,293.98492,289.95435,20.83492000000001,16.80435
2017-04-10 01:00:00,27.0,87.75,294.02484,290.07108,20.874840000000006,16.921080000000018
2017-04-10 01:00:00,27.0,88.0,294.66843,290.39743,21.518430000000023,17.24743000000001
2017-04-10 01:00:00,27.0,88.25,294.66843,290.39743,21.518430000000023,17.24743000000001
2017-04-10 01:00:00,27.0,88.5,296.5312,292.27228,23.381200000000035,19.122280000000046
2017-04-10 01:00:00,27.0,88.75,297.5219,292.6075,24.37190000000004,19.45750000000004
2017-04-10 01:00:00,27.0,89.0,296.10132,288.95752,22.95132000000001,15.807520000000011
2017-04-10 01:00:00,27.0,89.25,294.49188,288.6096,21.341880000000003,15.459600000000023
2017-04-10 01:00:00,27.0,89.5,294.2078,288.37592,21.057800000000043,15.22592000000003
2017-04-10 01:00:00,27.0,89.75,293.73633,286.64096,20.586330000000032,13.49096000000003
2017-04-10 01:00:00,27.0,90.0,295.82483,291.78397,22.674830000000043,18.633970000000033
2017-04-10 01:00:00,26.75,85.5,299.11624,293.0594,25.966240000000028,19.909400000000005
2017-04-10 01:00:00,26.75,85.75,299.36832,293.2516,26.218320000000006,20.10160000000002
2017-04-10 01:00:00,26.75,86.0,299.36832,293.2516,26.218320000000006,20.10160000000002
2017-04-10 01:00:00,26.75,86.25,299.30386,294.80945,26.15386000000001,21.65945000000005
2017-04-10 01:00:00,26.75,86.5,299.2272,294.64987,26.077200000000005,21.499870000000044
2017-04-10 01:00:00,26.75,86.75,298.7908,293.37915,25.640800000000013,20.229150000000004
2017-04-10 01:00:00,26.75,87.0,298.29764,292.53033,25.147640000000024,19.380330000000015
2017-04-10 01:00:00,26.75,87.25,297.9759,292.6102,24.825900000000047,19.460200000000043
2017-04-10 01:00:00,26.75,87.5,297.91245,292.56427,24.76245,19.414270000000045
2017-04-10 01:00:00,26.75,87.75,298.24954,292.15036,25.099540000000047,19.00036
2017-04-10 01:00:00,26.75,88.0,299.2007,292.72287,26.050700000000006,19.572870000000023
2017-04-10 01:00:00,26.75,88.25,299.2007,292.72287,26.050700000000006,19.572870000000023
2017-04-10 01:00:00,26.75,88.5,300.77142,294.33243,27.62142,21.18243000000001
2017-04-10 01:00:00,26.75,88.75,301.82645,294.6494,28.676450000000045,21.499400000000037
2017-04-10 01:00:00,26.75,89.0,301.29205,293.43832,28.14205000000004,20.28832
2017-04-10 01:00:00,26.75,89.25,300.89145,293.80374,27.741450000000043,20.653740000000028
2017-04-10 01:00:00,26.75,89.5,300.4967,293.57947,27.3467,20.429470000000038
2017-04-10 01:00:00,26.75,89.75,299.66592,294.02606,26.51592000000005,20.876059999999995
2017-04-10 01:00:00,26.75,90.0,301.38397,297.09854,28.23397,23.948540000000037
2017-04-10 01:00:00,26.5,85.5,299.9302,292.2388,26.780200000000036,19.08880000000005
2017-04-10 01:00:00,26.5,85.75,300.40842,292.5832,27.25842,19.4332
2017-04-10 01:00:00,26.5,86.0,300.40842,292.5832,27.25842,19.4332
2017-04-10 01:00:00,26.5,86.25,300.1981,293.2579,27.048100000000034,20.10790000000003
2017-04-10 01:00:00,26.5,86.5,300.78143,293.4044,27.631430000000023,20.254400000000032
2017-04-10 01:00:00,26.5,86.75,300.8169,292.6429,27.6669,19.49290000000002
2017-04-10 01:00:00,26.5,87.0,299.85342,293.6225,26.70342000000005,20.472500000000025
2017-04-10 01:00:00,26.5,87.25,299.6231,294.45483,26.473100000000045,21.304830000000038
2017-04-10 01:00:00,26.5,87.5,299.85406,294.4438,26.704060000000027,21.293800000000033
2017-04-10 01:00:00,26.5,87.75,300.06036,294.6835,26.910360000000026,21.533500000000004
2017-04-10 01:00:00,26.5,88.0,300.50497,295.38385,27.354970000000037,22.233850000000018
2017-04-10 01:00:00,26.5,88.25,300.50497,295.38385,27.354970000000037,22.233850000000018
2017-04-10 01:00:00,26.5,88.5,301.24213,295.87708,28.092129999999997,22.72708
2017-04-10 01:00:00,26.5,88.75,301.71555,295.9766,28.56555000000003,22.82660000000004
2017-04-10 01:00:00,26.5,89.0,301.50668,295.70935,28.35668000000004,22.559349999999995
2017-04-10 01:00:00,26.5,89.25,301.3928,295.11157,28.242800000000045,21.961569999999995
2017-04-10 01:00:00,26.5,89.5,302.27322,295.4705,29.123220000000003,22.320500000000038
2017-04-10 01:00:00,26.5,89.75,303.1497,296.68167,29.99970000000002,23.53167000000002
2017-04-10 01:00:00,26.5,90.0,303.8744,298.8008,30.724400000000003,25.650800000000004
2017-04-10 01:00:00,26.25,85.5,299.5577,292.2786,26.407700000000034,19.128600000000006
2017-04-10 01:00:00,26.25,85.75,299.99783,292.56454,26.847830000000044,19.414540000000045
2017-04-10 01:00:00,26.25,86.0,299.99783,292.56454,26.847830000000044,19.414540000000045
2017-04-10 01:00:00,26.25,86.25,300.33292,292.42078,27.182920000000024,19.270780000000002
2017-04-10 01:00:00,26.25,86.5,300.61685,293.0652,27.466850000000022,19.915200000000027
2017-04-10 01:00:00,26.25,86.75,301.09357,293.05942,27.943570000000022,19.90942000000001
2017-04-10 01:00:00,26.25,87.0,301.09888,292.46768,27.94888000000003,19.317679999999996
2017-04-10 01:00:00,26.25,87.25,300.85922,292.64194,27.709220000000016,19.49194
2017-04-10 01:00:00,26.25,87.5,300.8868,292.61426,27.736800000000017,19.464260000000024
2017-04-10 01:00:00,26.25,87.75,300.73843,292.11496,27.588430000000017,18.96496000000002
2017-04-10 01:00:00,26.25,88.0,300.66946,291.71567,27.519460000000038,18.56567000000001
2017-04-10 01:00:00,26.25,88.25,300.66946,291.71567,27.519460000000038,18.56567000000001
2017-04-10 01:00:00,26.25,88.5,300.99042,292.08994,27.840419999999995,18.939940000000036
2017-04-10 01:00:00,26.25,88.75,301.11874,293.34216,27.968740000000025,20.19216
2017-04-10 01:00:00,26.25,89.0,301.1543,294.2536,28.0043,21.10360000000003
2017-04-10 01:00:00,26.25,89.25,301.34653,294.22162,28.196529999999996,21.071619999999996
2017-04-10 01:00:00,26.25,89.5,301.51035,293.1783,28.36035000000004,20.0283
2017-04-10 01:00:00,26.25,89.75,302.5912,294.36826,29.441200000000038,21.218260000000043
2017-04-10 01:00:00,26.25,90.0,303.85388,296.7931,30.703880000000026,23.643100000000004
2017-04-10 01:00:00,26.0,85.5,299.7768,292.18857,26.626800000000003,19.03857000000005
2017-04-10 01:00:00,26.0,85.75,300.27054,292.64062,27.120540000000005,19.490620000000035
2017-04-10 01:00:00,26.0,86.0,300.27054,292.64062,27.120540000000005,19.490620000000035
2017-04-10 01:00:00,26.0,86.25,300.52325,293.05997,27.37325000000004,19.909970000000044
2017-04-10 01:00:00,26.0,86.5,300.95004,293.0558,27.800040000000024,19.9058
2017-04-10 01:00:00,26.0,86.75,300.89362,293.27527,27.74362000000002,20.12527
2017-04-10 01:00:00,26.0,87.0,300.76376,293.04755,27.613760000000013,19.897550000000024
2017-04-10 01:00:00,26.0,87.25,300.8021,292.67828,27.65210000000002,19.528279999999995
2017-04-10 01:00:00,26.0,87.5,301.2235,292.33517,28.073500000000024,19.185170000000028
2017-04-10 01:00:00,26.0,87.75,301.6879,292.14688,28.537900000000036,18.996880000000033
2017-04-10 01:00:00,26.0,88.0,301.8673,292.2178,28.717300000000023,19.067800000000034
2017-04-10 01:00:00,26.0,88.25,301.8673,292.2178,28.717300000000023,19.067800000000034
2017-04-10 01:00:00,26.0,88.5,301.79437,292.38535,28.644370000000038,19.23535000000004
2017-04-10 01:00:00,26.0,88.75,301.65613,292.9169,28.50613000000004,19.76690000000002
2017-04-10 01:00:00,26.0,89.0,301.56577,294.01935,28.41577000000001,20.869349999999997
2017-04-10 01:00:00,26.0,89.25,301.28882,293.94138,28.13882000000001,20.791380000000004
2017-04-10 01:00:00,26.0,89.5,301.44818,292.84174,28.298180000000002,19.69174000000004
2017-04-10 01:00:00,26.0,89.75,302.8353,294.6403,29.68530000000004,21.490300000000047
2017-04-10 01:00:00,26.0,90.0,304.25558,297.0135,31.10558000000003,23.863500000000045
2017-04-10 01:00:00,25.75,85.5,299.63696,293.19327,26.48696000000001,20.043270000000007
2017-04-10 01:00:00,25.75,85.75,299.93042,293.07135,26.78042000000005,19.921350000000018
2017-04-10 01:00:00,25.75,86.0,299.93042,293.07135,26.78042000000005,19.921350000000018
2017-04-10 01:00:00,25.75,86.25,300.41852,293.0636,27.268520000000024,19.91360000000003
2017-04-10 01:00:00,25.75,86.5,301.00256,293.0977,27.85256000000004,19.947699999999998
2017-04-10 01:00:00,25.75,86.75,301.4337,293.17316,28.28370000000001,20.02316000000002
2017-04-10 01:00:00,25.75,87.0,301.5215,293.08984,28.371500000000026,19.939840000000004
2017-04-10 01:00:00,25.75,87.25,301.42526,292.77966,28.275260000000003,19.62966
2017-04-10 01:00:00,25.75,87.5,301.25775,292.692,28.10775000000001,19.54200000000003
2017-04-10 01:00:00,25.75,87.75,301.27628,292.78925,28.12628000000001,19.639250000000004
2017-04-10 01:00:00,25.75,88.0,301.42926,293.3007,28.279260000000022,20.15070000000003
2017-04-10 01:00:00,25.75,88.25,301.42926,293.3007,28.279260000000022,20.15070000000003
2017-04-10 01:00:00,25.75,88.5,301.49463,294.07068,28.344629999999995,20.920680000000004
2017-04-10 01:00:00,25.75,88.75,301.53326,294.1958,28.383260000000007,21.045800000000042
2017-04-10 01:00:00,25.75,89.0,301.49655,293.6158,28.346550000000036,20.4658
2017-04-10 01:00:00,25.75,89.25,301.17606,292.91083,28.02606000000003,19.76083
2017-04-10 01:00:00,25.75,89.5,301.32425,293.40475,28.17425000000003,20.25475
2017-04-10 01:00:00,25.75,89.75,303.24884,296.50458,30.098839999999996,23.35458
2017-04-10 01:00:00,25.75,90.0,303.42728,297.23758,30.27728000000002,24.087580000000003
2017-04-10 01:00:00,25.5,85.5,299.18732,292.31122,26.037320000000022,19.161220000000014
2017-04-10 01:00:00,25.5,85.75,299.8331,292.6585,26.683100000000024,19.508500000000026
2017-04-10 01:00:00,25.5,86.0,299.8331,292.6585,26.683100000000024,19.508500000000026
2017-04-10 01:00:00,25.5,86.25,300.2949,292.67548,27.144900000000007,19.525480000000016
2017-04-10 01:00:00,25.5,86.5,301.01172,293.02173,27.861720000000048,19.871730000000014
2017-04-10 01:00:00,25.5,86.75,301.57584,293.33255,28.42584000000005,20.18255000000005
2017-04-10 01:00:00,25.5,87.0,301.69284,293.59628,28.542840000000012,20.44628
2017-04-10 01:00:00,25.5,87.25,301.72873,293.6217,28.578730000000007,20.4717
2017-04-10 01:00:00,25.5,87.5,301.94977,293.71027,28.799770000000024,20.560270000000003
2017-04-10 01:00:00,25.5,87.75,302.12378,294.0264,28.973780000000033,20.876400000000046
2017-04-10 01:00:00,25.5,88.0,302.09262,294.5939,28.942620000000034,21.443900000000042
2017-04-10 01:00:00,25.5,88.25,302.09262,294.5939,28.942620000000034,21.443900000000042
2017-04-10 01:00:00,25.5,88.5,302.12064,295.17755,28.970640000000003,22.02755000000002
2017-04-10 01:00:00,25.5,88.75,302.24545,295.28574,29.095450000000028,22.13574
2017-04-10 01:00:00,25.5,89.0,301.99585,294.69537,28.84585000000004,21.545370000000048
2017-04-10 01:00:00,25.5,89.25,301.53845,293.65683,28.388450000000034,20.506830000000036
2017-04-10 01:00:00,25.5,89.5,301.95456,293.9617,28.804560000000038,20.81170000000003
2017-04-10 01:00:00,25.5,89.75,303.66675,297.70734,30.516750000000002,24.55734000000001
2017-04-10 01:00:00,25.5,90.0,303.22684,298.65384,30.076840000000004,25.503840000000025
2017-04-10 01:00:00,25.25,85.5,298.7097,291.4395,25.55970000000002,18.289500000000032
2017-04-10 01:00:00,25.25,85.75,299.109,291.73486,25.959000000000003,18.58486000000005
2017-04-10 01:00:00,25.25,86.0,299.109,291.73486,25.959000000000003,18.58486000000005
2017-04-10 01:00:00,25.25,86.25,299.51907,292.39194,26.369070000000022,19.24194
2017-04-10 01:00:00,25.25,86.5,300.32413,293.11676,27.174130000000048,19.966760000000022
2017-04-10 01:00:00,25.25,86.75,301.18832,293.6572,28.03832,20.50720000000001
2017-04-10 01:00:00,25.25,87.0,301.51065,294.16254,28.36065000000002,21.01254
2017-04-10 01:00:00,25.25,87.25,301.63135,294.3611,28.48135000000002,21.211100000000044
2017-04-10 01:00:00,25.25,87.5,301.69366,294.58575,28.543660000000045,21.43575000000004
2017-04-10 01:00:00,25.25,87.75,301.66516,295.3117,28.515160000000037,22.161699999999996
2017-04-10 01:00:00,25.25,88.0,301.6714,295.64374,28.52140000000003,22.493740000000003
2017-04-10 01:00:00,25.25,88.25,301.6714,295.64374,28.52140000000003,22.493740000000003
2017-04-10 01:00:00,25.25,88.5,301.834,295.17862,28.684000000000026,22.028620000000046
2017-04-10 01:00:00,25.25,88.75,302.02097,294.72333,28.87097,21.57333
2017-04-10 01:00:00,25.25,89.0,302.08374,294.34598,28.93374,21.19598000000002
2017-04-10 01:00:00,25.25,89.25,302.31595,294.53943,29.16595000000001,21.389430000000004
2017-04-10 01:00:00,25.25,89.5,303.0697,295.63873,29.919700000000034,22.488730000000032
2017-04-10 01:00:00,25.25,89.75,303.9506,299.01178,30.80060000000003,25.86178000000001
2017-04-10 01:00:00,25.25,90.0,303.56747,301.22073,30.417470000000037,28.070730000000026
2017-04-10 01:00:00,25.0,85.5,298.6292,291.4872,25.47920000000005,18.337199999999996
2017-04-10 01:00:00,25.0,85.75,299.13568,292.268,25.985680000000002,19.117999999999995
2017-04-10 01:00:00,25.0,86.0,299.13568,292.268,25.985680000000002,19.117999999999995
2017-04-10 01:00:00,25.0,86.25,299.5124,292.7441,26.362400000000036,19.594100000000026
2017-04-10 01:00:00,25.0,86.5,300.36243,292.8351,27.21243000000004,19.685100000000034
2017-04-10 01:00:00,25.0,86.75,300.94302,293.26782,27.793020000000013,20.117819999999995
2017-04-10 01:00:00,25.0,87.0,301.27512,294.12674,28.125120000000038,20.976740000000007
2017-04-10 01:00:00,25.0,87.25,301.2132,294.6449,28.063199999999995,21.49490000000003
2017-04-10 01:00:00,25.0,87.5,301.00317,294.72086,27.853170000000034,21.57086000000004
2017-04-10 01:00:00,25.0,87.75,301.3377,294.93448,28.187700000000007,21.78448000000003
2017-04-10 01:00:00,25.0,88.0,301.88083,294.88925,28.730830000000026,21.739250000000027
2017-04-10 01:00:00,25.0,88.25,301.88083,294.88925,28.730830000000026,21.739250000000027
2017-04-10 01:00:00,25.0,88.5,302.1904,294.80356,29.040400000000034,21.653560000000027
2017-04-10 01:00:00,25.0,88.75,302.30292,295.0094,29.152919999999995,21.85940000000005
2017-04-10 01:00:00,25.0,89.0,302.19925,294.5524,29.04925000000003,21.4024
2017-04-10 01:00:00,25.0,89.25,303.16806,295.29065,30.018060000000048,22.14065000000005
2017-04-10 01:00:00,25.0,89.5,304.48007,296.96872,31.330070000000035,23.81872000000004
2017-04-10 01:00:00,25.0,89.75,305.55032,299.30487,32.40032000000002,26.154870000000017
2017-04-10 01:00:00,25.0,90.0,304.99594,302.1644,31.84594000000004,29.014400000000023
2017-04-10 01:00:00,24.75,85.5,298.6292,291.4872,25.47920000000005,18.337199999999996
2017-04-10 01:00:00,24.75,85.75,299.13568,292.268,25.985680000000002,19.117999999999995
2017-04-10 01:00:00,24.75,86.0,299.13568,292.268,25.985680000000002,19.117999999999995
2017-04-10 01:00:00,24.75,86.25,299.5124,292.7441,26.362400000000036,19.594100000000026
2017-04-10 01:00:00,24.75,86.5,300.36243,292.8351,27.21243000000004,19.685100000000034
2017-04-10 01:00:00,24.75,86.75,300.94302,293.26782,27.793020000000013,20.117819999999995
2017-04-10 01:00:00,24.75,87.0,301.27512,294.12674,28.125120000000038,20.976740000000007
2017-04-10 01:00:00,24.75,87.25,301.2132,294.6449,28.063199999999995,21.49490000000003
2017-04-10 01:00:00,24.75,87.5,301.00317,294.72086,27.853170000000034,21.57086000000004
2017-04-10 01:00:00,24.75,87.75,301.3377,294.93448,28.187700000000007,21.78448000000003
2017-04-10 01:00:00,24.75,88.0,301.88083,294.88925,28.730830000000026,21.739250000000027
2017-04-10 01:00:00,24.75,88.25,301.88083,294.88925,28.730830000000026,21.739250000000027
2017-04-10 01:00:00,24.75,88.5,302.1904,294.80356,29.040400000000034,21.653560000000027
2017-04-10 01:00:00,24.75,88.75,302.30292,295.0094,29.152919999999995,21.85940000000005
2017-04-10 01:00:00,24.75,89.0,302.19925,294.5524,29.04925000000003,21.4024
2017-04-10 01:00:00,24.75,89.25,303.16806,295.29065,30.018060000000048,22.14065000000005
2017-04-10 01:00:00,24.75,89.5,304.48007,296.96872,31.330070000000035,23.81872000000004
2017-04-10 01:00:00,24.75,89.75,305.55032,299.30487,32.40032000000002,26.154870000000017
2017-04-10 01:00:00,24.75,90.0,304.99594,302.1644,31.84594000000004,29.014400000000023
2017-04-10 01:00:00,24.5,85.5,297.8546,292.4113,24.704600000000028,19.261300000000006
2017-04-10 01:00:00,24.5,85.75,298.3367,292.9026,25.18670000000003,19.75260000000003
2017-04-10 01:00:00,24.5,86.0,298.3367,292.9026,25.18670000000003,19.75260000000003
2017-04-10 01:00:00,24.5,86.25,299.08646,292.7291,25.93646000000001,19.57910000000004
2017-04-10 01:00:00,24.5,86.5,300.0302,292.6132,26.880200000000002,19.46320000000003
2017-04-10 01:00:00,24.5,86.75,300.52197,292.97137,27.371970000000033,19.82137
2017-04-10 01:00:00,24.5,87.0,300.75626,293.43713,27.60626000000002,20.287130000000047
2017-04-10 01:00:00,24.5,87.25,300.65573,293.42877,27.505730000000028,20.27877000000001
2017-04-10 01:00:00,24.5,87.5,300.48468,293.1529,27.33468000000005,20.00290000000001
2017-04-10 01:00:00,24.5,87.75,300.9022,293.43405,27.752200000000016,20.284050000000036
2017-04-10 01:00:00,24.5,88.0,301.74524,294.32285,28.595240000000047,21.17285000000004
2017-04-10 01:00:00,24.5,88.25,301.74524,294.32285,28.595240000000047,21.17285000000004
2017-04-10 01:00:00,24.5,88.5,302.45715,295.05487,29.307150000000036,21.904870000000017
2017-04-10 01:00:00,24.5,88.75,302.91605,295.28336,29.766050000000007,22.13336000000004
2017-04-10 01:00:00,24.5,89.0,303.3012,295.66476,30.151200000000017,22.514760000000024
2017-04-10 01:00:00,24.5,89.25,304.28186,297.00015,31.131860000000017,23.850150000000042
2017-04-10 01:00:00,24.5,89.5,305.38,298.43106,32.23000000000002,25.281060000000025
2017-04-10 01:00:00,24.5,89.75,306.10535,300.0,32.95535000000001,26.850000000000023
2017-04-10 01:00:00,24.5,90.0,305.77078,300.79755,32.620780000000025,27.647550000000024
2017-04-10 01:00:00,24.25,85.5,297.892,291.6077,24.74200000000002,18.457700000000045
2017-04-10 01:00:00,24.25,85.75,298.29837,291.42365,25.14837,18.273650000000032
2017-04-10 01:00:00,24.25,86.0,298.29837,291.42365,25.14837,18.273650000000032
2017-04-10 01:00:00,24.25,86.25,299.06482,292.07822,25.91482000000002,18.92822000000001
2017-04-10 01:00:00,24.25,86.5,299.48743,292.72873,26.33743000000004,19.578730000000007
2017-04-10 01:00:00,24.25,86.75,299.6487,293.1131,26.498700000000042,19.963099999999997
2017-04-10 01:00:00,24.25,87.0,300.03912,293.16797,26.889120000000048,20.017970000000048
2017-04-10 01:00:00,24.25,87.25,300.5889,293.1699,27.438900000000046,20.019900000000007
2017-04-10 01:00:00,24.25,87.5,300.92963,293.50793,27.779629999999997,20.35793000000001
2017-04-10 01:00:00,24.25,87.75,301.58762,294.18887,28.437620000000038,21.03887000000003
2017-04-10 01:00:00,24.25,88.0,302.25967,294.72003,29.10967000000005,21.57003000000003
2017-04-10 01:00:00,24.25,88.25,302.25967,294.72003,29.10967000000005,21.57003000000003
2017-04-10 01:00:00,24.25,88.5,302.7706,295.2244,29.620600000000024,22.074400000000026
2017-04-10 01:00:00,24.25,88.75,303.6079,296.27298,30.457899999999995,23.12298000000004
2017-04-10 01:00:00,24.25,89.0,304.2819,297.6581,31.13190000000003,24.508100000000013
2017-04-10 01:00:00,24.25,89.25,305.13947,299.16544,31.98947000000004,26.015440000000012
2017-04-10 01:00:00,24.25,89.5,305.8176,300.18756,32.66760000000005,27.037560000000042
2017-04-10 01:00:00,24.25,89.75,306.184,300.6292,33.03400000000005,27.47920000000005
2017-04-10 01:00:00,24.25,90.0,305.89105,300.35715,32.74105000000003,27.207150000000013
2017-04-10 01:00:00,24.0,85.5,296.99115,290.34106,23.841150000000027,17.19106000000005
2017-04-10 01:00:00,24.0,85.75,297.04184,292.03052,23.891840000000002,18.880520000000047
2017-04-10 01:00:00,24.0,86.0,297.04184,292.03052,23.891840000000002,18.880520000000047
2017-04-10 01:00:00,24.0,86.25,297.50342,293.289,24.35342000000003,20.13900000000001
2017-04-10 01:00:00,24.0,86.5,298.0631,293.12863,24.913100000000043,19.97863000000001
2017-04-10 01:00:00,24.0,86.75,299.0065,293.42572,25.85650000000004,20.275720000000035
2017-04-10 01:00:00,24.0,87.0,299.982,293.72446,26.83200000000005,20.574460000000045
2017-04-10 01:00:00,24.0,87.25,300.67828,293.98132,27.528279999999995,20.831320000000005
2017-04-10 01:00:00,24.0,87.5,301.50226,294.89844,28.35226,21.748440000000016
2017-04-10 01:00:00,24.0,87.75,302.4153,295.93414,29.265300000000025,22.784140000000036
2017-04-10 01:00:00,24.0,88.0,302.87683,296.75897,29.726830000000007,23.60897
2017-04-10 01:00:00,24.0,88.25,302.87683,296.75897,29.726830000000007,23.60897
2017-04-10 01:00:00,24.0,88.5,303.31396,297.78925,30.16396000000003,24.639250000000004
2017-04-10 01:00:00,24.0,88.75,304.3843,299.20786,31.23430000000002,26.057860000000005
2017-04-10 01:00:00,24.0,89.0,305.2625,300.7255,32.11250000000001,27.575500000000034
2017-04-10 01:00:00,24.0,89.25,305.43372,301.18558,32.28372000000002,28.03558000000004
2017-04-10 01:00:00,24.0,89.5,305.3486,300.55927,32.1986,27.40927000000005
2017-04-10 01:00:00,24.0,89.75,305.62454,300.03644,32.47454000000005,26.88644000000005
2017-04-10 01:00:00,24.0,90.0,305.7724,299.7705,32.62240000000003,26.62050000000005
2017-04-10 01:00:00,23.75,85.5,296.35504,292.2748,23.205039999999997,19.12480000000005
2017-04-10 01:00:00,23.75,85.75,297.1692,294.36844,24.019200000000012,21.218440000000044
2017-04-10 01:00:00,23.75,86.0,297.1692,294.36844,24.019200000000012,21.218440000000044
2017-04-10 01:00:00,23.75,86.25,297.9989,294.05408,24.848900000000015,20.90408000000002
2017-04-10 01:00:00,23.75,86.5,298.95255,293.79147,25.802549999999997,20.641470000000027
2017-04-10 01:00:00,23.75,86.75,299.86273,295.3466,26.712730000000022,22.196600000000046
2017-04-10 01:00:00,23.75,87.0,300.51276,295.58295,27.362760000000037,22.432950000000005
2017-04-10 01:00:00,23.75,87.25,301.03714,295.4182,27.887140000000045,22.268200000000036
2017-04-10 01:00:00,23.75,87.5,302.28192,296.7437,29.131920000000036,23.593700000000013
2017-04-10 01:00:00,23.75,87.75,303.56644,299.0521,30.416440000000023,25.90210000000002
2017-04-10 01:00:00,23.75,88.0,304.3624,300.9408,31.212400000000002,27.790800000000047
2017-04-10 01:00:00,23.75,88.25,304.3624,300.9408,31.212400000000002,27.790800000000047
2017-04-10 01:00:00,23.75,88.5,304.87885,301.7147,31.728850000000023,28.564700000000016
2017-04-10 01:00:00,23.75,88.75,305.06943,301.59546,31.919430000000034,28.445460000000026
2017-04-10 01:00:00,23.75,89.0,304.99313,301.35,31.84313000000003,28.200000000000045
2017-04-10 01:00:00,23.75,89.25,304.54428,300.91956,31.394280000000037,27.769560000000013
2017-04-10 01:00:00,23.75,89.5,304.1875,300.16794,31.037500000000023,27.01794000000001
2017-04-10 01:00:00,23.75,89.75,304.37952,299.5603,31.229520000000036,26.410300000000007
2017-04-10 01:00:00,23.75,90.0,305.68082,299.75156,32.530820000000006,26.601560000000006
2017-04-10 01:00:00,23.5,85.5,296.61145,292.3858,23.461450000000013,19.23580000000004
2017-04-10 01:00:00,23.5,85.75,297.78522,294.20636,24.635220000000004,21.05636000000004
2017-04-10 01:00:00,23.5,86.0,297.78522,294.20636,24.635220000000004,21.05636000000004
2017-04-10 01:00:00,23.5,86.25,298.94202,294.50266,25.792020000000036,21.352660000000014
2017-04-10 01:00:00,23.5,86.5,299.96143,294.3482,26.81143000000003,21.198200000000043
2017-04-10 01:00:00,23.5,86.75,300.41342,294.7536,27.263419999999996,21.60360000000003
2017-04-10 01:00:00,23.5,87.0,301.28976,295.6196,28.139760000000024,22.469600000000014
2017-04-10 01:00:00,23.5,87.25,302.23398,297.84473,29.083979999999997,24.69473000000005
2017-04-10 01:00:00,23.5,87.5,303.29074,300.91205,30.14074000000005,27.762050000000045
2017-04-10 01:00:00,23.5,87.75,304.3903,302.73444,31.240300000000047,29.58444000000003
2017-04-10 01:00:00,23.5,88.0,305.07986,302.78162,31.92986000000002,29.631619999999998
2017-04-10 01:00:00,23.5,88.25,305.07986,302.78162,31.92986000000002,29.631619999999998
2017-04-10 01:00:00,23.5,88.5,305.25186,302.03513,32.101860000000045,28.885130000000004
2017-04-10 01:00:00,23.5,88.75,305.13443,301.19888,31.98443000000003,28.048879999999997
2017-04-10 01:00:00,23.5,89.0,304.68054,300.6555,31.53054000000003,27.50550000000004
2017-04-10 01:00:00,23.5,89.25,303.8079,300.15512,30.65790000000004,27.005120000000034
2017-04-10 01:00:00,23.5,89.5,302.8854,299.78052,29.735400000000027,26.630520000000047
2017-04-10 01:00:00,23.5,89.75,302.8383,299.54074,29.688300000000027,26.39074000000005
2017-04-10 01:00:00,23.5,90.0,304.66245,299.89444,31.51245,26.744439999999997
2017-04-10 01:00:00,23.25,85.5,297.4294,293.43597,24.27940000000001,20.28597000000002
2017-04-10 01:00:00,23.25,85.75,298.79126,293.96057,25.641260000000045,20.81057000000004
2017-04-10 01:00:00,23.25,86.0,298.79126,293.96057,25.641260000000045,20.81057000000004
2017-04-10 01:00:00,23.25,86.25,300.33725,295.442,27.187250000000006,22.29200000000003
2017-04-10 01:00:00,23.25,86.5,301.14877,295.57413,27.998770000000036,22.424130000000048
2017-04-10 01:00:00,23.25,86.75,302.1374,296.48615,28.987400000000036,23.336150000000032
2017-04-10 01:00:00,23.25,87.0,303.4211,300.1441,30.271100000000047,26.994100000000003
2017-04-10 01:00:00,23.25,87.25,304.3572,303.29944,31.2072,30.149440000000027
2017-04-10 01:00:00,23.25,87.5,305.0176,304.02838,31.86760000000004,30.87838000000005
2017-04-10 01:00:00,23.25,87.75,305.35895,303.33408,32.208950000000016,30.184079999999994
2017-04-10 01:00:00,23.25,88.0,305.348,302.39587,32.198000000000036,29.245870000000025
2017-04-10 01:00:00,23.25,88.25,305.348,302.39587,32.198000000000036,29.245870000000025
2017-04-10 01:00:00,23.25,88.5,305.13434,301.53925,31.98434000000003,28.389250000000004
2017-04-10 01:00:00,23.25,88.75,304.80984,300.98907,31.65984000000003,27.83907000000005
2017-04-10 01:00:00,23.25,89.0,304.43433,300.74725,31.28433000000001,27.59725000000003
2017-04-10 01:00:00,23.25,89.25,303.80798,300.36316,30.65798000000001,27.213160000000016
2017-04-10 01:00:00,23.25,89.5,302.92807,300.00427,29.778070000000014,26.854270000000042
2017-04-10 01:00:00,23.25,89.75,302.4666,299.88092,29.31660000000005,26.730920000000026
2017-04-10 01:00:00,23.25,90.0,303.42877,300.48117,30.27877000000001,27.331170000000043
2017-04-10 01:00:00,23.0,85.5,298.8907,295.5662,25.740700000000004,22.416200000000003
2017-04-10 01:00:00,23.0,85.75,300.3019,296.67474,27.151900000000012,23.52474000000001
2017-04-10 01:00:00,23.0,86.0,300.3019,296.67474,27.151900000000012,23.52474000000001
2017-04-10 01:00:00,23.0,86.25,301.58673,298.6552,28.43673000000001,25.505200000000002
2017-04-10 01:00:00,23.0,86.5,302.77597,300.52878,29.625969999999995,27.378780000000006
2017-04-10 01:00:00,23.0,86.75,304.15158,303.42908,31.001580000000047,30.27908000000002
2017-04-10 01:00:00,23.0,87.0,305.2454,304.7692,32.09540000000004,31.619200000000035
2017-04-10 01:00:00,23.0,87.25,305.90887,304.73502,32.75887,31.585020000000043
2017-04-10 01:00:00,23.0,87.5,306.0647,304.26065,32.91470000000004,31.11065000000002
2017-04-10 01:00:00,23.0,87.75,305.81177,303.4873,32.66177000000005,30.337300000000027
2017-04-10 01:00:00,23.0,88.0,305.3262,302.79456,32.176199999999994,29.644560000000013
2017-04-10 01:00:00,23.0,88.25,305.3262,302.79456,32.176199999999994,29.644560000000013
2017-04-10 01:00:00,23.0,88.5,304.74506,302.3437,31.595060000000046,29.193700000000035
2017-04-10 01:00:00,23.0,88.75,304.32132,301.797,31.171320000000037,28.647000000000048
2017-04-10 01:00:00,23.0,89.0,304.2245,301.35306,31.0745,28.20306000000005
2017-04-10 01:00:00,23.0,89.25,304.0322,300.99753,30.88220000000001,27.847530000000006
2017-04-10 01:00:00,23.0,89.5,303.4204,300.84464,30.270399999999995,27.69464000000005
2017-04-10 01:00:00,23.0,89.75,302.73895,300.87164,29.58895000000001,27.721640000000036
2017-04-10 01:00:00,23.0,90.0,302.6586,300.73022,29.5086,27.580219999999997
2017-04-10 01:00:00,22.75,85.5,301.31317,299.49048,28.163170000000036,26.340480000000014
2017-04-10 01:00:00,22.75,85.75,302.92618,301.8515,29.77618000000001,28.70150000000001
2017-04-10 01:00:00,22.75,86.0,302.92618,301.8515,29.77618000000001,28.70150000000001
2017-04-10 01:00:00,22.75,86.25,303.92496,303.1603,30.77496000000002,30.01030000000003
2017-04-10 01:00:00,22.75,86.5,304.53192,304.08008,31.381920000000036,30.930080000000032
2017-04-10 01:00:00,22.75,86.75,305.65808,305.05496,32.50808000000001,31.904960000000017
2017-04-10 01:00:00,22.75,87.0,306.6168,305.2666,33.466800000000035,32.116600000000005
2017-04-10 01:00:00,22.75,87.25,306.7483,304.72287,33.598299999999995,31.572870000000023
2017-04-10 01:00:00,22.75,87.5,306.14862,303.78732,32.99862000000002,30.637320000000045
2017-04-10 01:00:00,22.75,87.75,305.43423,303.00616,32.284230000000036,29.856160000000045
2017-04-10 01:00:00,22.75,88.0,304.8969,302.51904,31.74690000000004,29.36904000000004
2017-04-10 01:00:00,22.75,88.25,304.8969,302.51904,31.74690000000004,29.36904000000004
2017-04-10 01:00:00,22.75,88.5,304.60007,302.26993,31.45007000000004,29.11993000000001
2017-04-10 01:00:00,22.75,88.75,304.4542,302.23553,31.304200000000037,29.085530000000006
2017-04-10 01:00:00,22.75,89.0,304.4305,302.20535,31.280500000000018,29.055350000000033
2017-04-10 01:00:00,22.75,89.25,304.34476,302.01974,31.19476000000003,28.869740000000036
2017-04-10 01:00:00,22.75,89.5,304.0363,301.66278,30.886300000000006,28.51278000000002
2017-04-10 01:00:00,22.75,89.75,303.9039,301.15955,30.753900000000044,28.009550000000047
2017-04-10 01:00:00,22.75,90.0,304.41602,301.0247,31.266020000000026,27.87470000000002
2017-04-10 01:00:00,22.5,85.5,301.31317,299.49048,28.163170000000036,26.340480000000014
2017-04-10 01:00:00,22.5,85.75,302.92618,301.8515,29.77618000000001,28.70150000000001
2017-04-10 01:00:00,22.5,86.0,302.92618,301.8515,29.77618000000001,28.70150000000001
2017-04-10 01:00:00,22.5,86.25,303.92496,303.1603,30.77496000000002,30.01030000000003
2017-04-10 01:00:00,22.5,86.5,304.53192,304.08008,31.381920000000036,30.930080000000032
2017-04-10 01:00:00,22.5,86.75,305.65808,305.05496,32.50808000000001,31.904960000000017
2017-04-10 01:00:00,22.5,87.0,306.6168,305.2666,33.466800000000035,32.116600000000005
2017-04-10 01:00:00,22.5,87.25,306.7483,304.72287,33.598299999999995,31.572870000000023
2017-04-10 01:00:00,22.5,87.5,306.14862,303.78732,32.99862000000002,30.637320000000045
2017-04-10 01:00:00,22.5,87.75,305.43423,303.00616,32.284230000000036,29.856160000000045
2017-04-10 01:00:00,22.5,88.0,304.8969,302.51904,31.74690000000004,29.36904000000004
2017-04-10 01:00:00,22.5,88.25,304.8969,302.51904,31.74690000000004,29.36904000000004
2017-04-10 01:00:00,22.5,88.5,304.60007,302.26993,31.45007000000004,29.11993000000001
2017-04-10 01:00:00,22.5,88.75,304.4542,302.23553,31.304200000000037,29.085530000000006
2017-04-10 01:00:00,22.5,89.0,304.4305,302.20535,31.280500000000018,29.055350000000033
2017-04-10 01:00:00,22.5,89.25,304.34476,302.01974,31.19476000000003,28.869740000000036
2017-04-10 01:00:00,22.5,89.5,304.0363,301.66278,30.886300000000006,28.51278000000002
2017-04-10 01:00:00,22.5,89.75,303.9039,301.15955,30.753900000000044,28.009550000000047
2017-04-10 01:00:00,22.5,90.0,304.41602,301.0247,31.266020000000026,27.87470000000002
2017-04-10 01:00:00,22.25,85.5,303.4727,303.42038,30.322699999999998,30.270380000000046
2017-04-10 01:00:00,22.25,85.75,304.46408,304.364,31.314080000000047,31.214
2017-04-10 01:00:00,22.25,86.0,304.46408,304.364,31.314080000000047,31.214
2017-04-10 01:00:00,22.25,86.25,305.04044,304.31223,31.890440000000012,31.162230000000022
2017-04-10 01:00:00,22.25,86.5,305.24747,304.9619,32.097470000000044,31.811900000000037
2017-04-10 01:00:00,22.25,86.75,306.3975,305.62714,33.2475,32.47714000000002
2017-04-10 01:00:00,22.25,87.0,307.00284,305.45126,33.852840000000015,32.30126000000001
2017-04-10 01:00:00,22.25,87.25,306.9855,304.92648,33.835500000000025,31.77648000000005
2017-04-10 01:00:00,22.25,87.5,306.45157,304.1136,33.30157000000003,30.963600000000042
2017-04-10 01:00:00,22.25,87.75,305.83942,303.6425,32.68942000000004,30.492500000000007
2017-04-10 01:00:00,22.25,88.0,305.61627,303.4532,32.46627000000001,30.303200000000004
2017-04-10 01:00:00,22.25,88.25,305.61627,303.4532,32.46627000000001,30.303200000000004
2017-04-10 01:00:00,22.25,88.5,305.5152,303.32968,32.365200000000016,30.17968000000002
2017-04-10 01:00:00,22.25,88.75,305.2223,303.16046,32.07230000000004,30.010460000000023
2017-04-10 01:00:00,22.25,89.0,304.864,302.81158,31.714,29.661580000000015
2017-04-10 01:00:00,22.25,89.25,304.61774,302.48834,31.46774000000005,29.338340000000017
2017-04-10 01:00:00,22.25,89.5,304.61902,302.37097,31.46902,29.220970000000023
2017-04-10 01:00:00,22.25,89.75,305.08206,302.16537,31.932060000000035,29.01537000000002
2017-04-10 01:00:00,22.25,90.0,305.9538,302.10593,32.803800000000024,28.955930000000023
2017-04-10 01:00:00,22.0,85.5,303.27655,303.46097,30.12655000000001,30.310969999999998
2017-04-10 01:00:00,22.0,85.75,304.39307,303.76303,31.243070000000046,30.613030000000037
2017-04-10 01:00:00,22.0,86.0,304.39307,303.76303,31.243070000000046,30.613030000000037
2017-04-10 01:00:00,22.0,86.25,304.77637,303.6419,31.62637000000001,30.491900000000044
2017-04-10 01:00:00,22.0,86.5,305.2169,304.45474,32.06690000000003,31.304740000000038
2017-04-10 01:00:00,22.0,86.75,306.72342,305.75363,33.57342,32.60363000000001
2017-04-10 01:00:00,22.0,87.0,307.26105,305.34293,34.111050000000034,32.19293000000005
2017-04-10 01:00:00,22.0,87.25,307.0701,304.8742,33.92010000000005,31.724199999999996
2017-04-10 01:00:00,22.0,87.5,306.57748,304.11438,33.42748,30.964380000000006
2017-04-10 01:00:00,22.0,87.75,306.25134,303.11334,33.10134000000005,29.963340000000017
2017-04-10 01:00:00,22.0,88.0,306.3089,302.99374,33.15890000000002,29.843740000000025
2017-04-10 01:00:00,22.0,88.25,306.3089,302.99374,33.15890000000002,29.843740000000025
2017-04-10 01:00:00,22.0,88.5,306.31995,303.01407,33.16995000000003,29.864070000000027
2017-04-10 01:00:00,22.0,88.75,305.81476,302.92178,32.66476,29.771780000000035
2017-04-10 01:00:00,22.0,89.0,305.07626,302.8475,31.926260000000013,29.697500000000048
2017-04-10 01:00:00,22.0,89.25,304.80038,302.56625,31.65038000000004,29.416250000000048
2017-04-10 01:00:00,22.0,89.5,305.19778,302.51575,32.047780000000046,29.365750000000048
2017-04-10 01:00:00,22.0,89.75,306.07504,302.8166,32.925040000000024,29.666600000000017
2017-04-10 01:00:00,22.0,90.0,307.1987,302.76355,34.0487,29.613550000000032
2017-04-10 01:00:00,21.75,85.5,303.07486,302.69937,29.924860000000024,29.54937000000001
2017-04-10 01:00:00,21.75,85.75,303.9145,303.38974,30.764499999999998,30.23974000000004
2017-04-10 01:00:00,21.75,86.0,303.9145,303.38974,30.764499999999998,30.23974000000004
2017-04-10 01:00:00,21.75,86.25,303.34888,302.1883,30.19888000000003,29.03830000000005
2017-04-10 01:00:00,21.75,86.5,304.35645,302.94943,31.206450000000018,29.79943000000003
2017-04-10 01:00:00,21.75,86.75,306.45505,304.83658,33.30505000000005,31.68658000000005
2017-04-10 01:00:00,21.75,87.0,307.22653,304.1587,34.07653000000005,31.008700000000033
2017-04-10 01:00:00,21.75,87.25,307.14386,303.58774,33.99386000000004,30.43774000000002
2017-04-10 01:00:00,21.75,87.5,306.67578,303.02646,33.52578,29.87646000000001
2017-04-10 01:00:00,21.75,87.75,306.54703,301.88968,33.39703000000003,28.73968000000002
2017-04-10 01:00:00,21.75,88.0,306.76572,301.8735,33.61572000000001,28.7235
2017-04-10 01:00:00,21.75,88.25,306.76572,301.8735,33.61572000000001,28.7235
2017-04-10 01:00:00,21.75,88.5,306.83853,301.85236,33.688530000000014,28.70236
2017-04-10 01:00:00,21.75,88.75,306.08804,301.97678,32.93804,28.826780000000042
2017-04-10 01:00:00,21.75,89.0,304.8218,302.31155,31.67180000000002,29.161550000000034
2017-04-10 01:00:00,21.75,89.25,304.4344,301.60233,31.284400000000005,28.452330000000018
2017-04-10 01:00:00,21.75,89.5,305.37708,300.60065,32.22708,27.450649999999996
2017-04-10 01:00:00,21.75,89.75,306.68356,300.64685,33.53356000000002,27.496849999999995
2017-04-10 01:00:00,21.75,90.0,307.78525,301.00928,34.63525000000004,27.859280000000012
2017-04-10 01:00:00,21.5,85.5,301.93933,301.81018,28.789330000000007,28.660180000000025
2017-04-10 01:00:00,21.5,85.75,302.89212,302.9469,29.74212,29.79690000000005
2017-04-10 01:00:00,21.5,86.0,302.89212,302.9469,29.74212,29.79690000000005
2017-04-10 01:00:00,21.5,86.25,303.5015,303.26492,30.351500000000044,30.11492000000004
2017-04-10 01:00:00,21.5,86.5,304.70874,303.63058,31.55874,30.48058000000003
2017-04-10 01:00:00,21.5,86.75,306.3052,303.68103,33.155200000000036,30.531030000000044
2017-04-10 01:00:00,21.5,87.0,307.2083,302.0829,34.05830000000003,28.932900000000018
2017-04-10 01:00:00,21.5,87.25,307.3545,301.3859,34.204499999999996,28.235900000000015
2017-04-10 01:00:00,21.5,87.5,307.10992,301.2385,33.95992000000001,28.08850000000001
2017-04-10 01:00:00,21.5,87.75,307.09268,300.9927,33.942679999999996,27.842700000000036
2017-04-10 01:00:00,21.5,88.0,307.36166,300.84982,34.211659999999995,27.699820000000045
2017-04-10 01:00:00,21.5,88.25,307.36166,300.84982,34.211659999999995,27.699820000000045
2017-04-10 01:00:00,21.5,88.5,307.42657,300.6839,34.27657000000005,27.533900000000017
2017-04-10 01:00:00,21.5,88.75,306.54474,300.4642,33.39474000000001,27.314200000000028
2017-04-10 01:00:00,21.5,89.0,305.0486,300.24936,31.898600000000044,27.099360000000047
2017-04-10 01:00:00,21.5,89.25,304.37015,300.15143,31.220150000000046,27.001430000000028
2017-04-10 01:00:00,21.5,89.5,305.15833,300.37878,32.00833,27.22878000000003
2017-04-10 01:00:00,21.5,89.75,306.56787,300.78867,33.41787000000005,27.638670000000047
2017-04-10 01:00:00,21.5,90.0,307.6092,301.08096,34.45920000000001,27.930960000000027
2017-04-10 01:00:00,21.25,85.5,301.7987,302.2454,28.64870000000002,29.09540000000004
2017-04-10 01:00:00,21.25,85.75,302.47668,303.25122,29.32668000000001,30.101220000000012
2017-04-10 01:00:00,21.25,86.0,302.47668,303.25122,29.32668000000001,30.101220000000012
2017-04-10 01:00:00,21.25,86.25,303.6071,303.78738,30.457100000000025,30.637380000000007
2017-04-10 01:00:00,21.25,86.5,304.6012,303.5737,31.45120000000003,30.423699999999997
2017-04-10 01:00:00,21.25,86.75,305.69113,302.86148,32.54113000000001,29.711479999999995
2017-04-10 01:00:00,21.25,87.0,306.419,301.30713,33.269000000000005,28.157129999999995
2017-04-10 01:00:00,21.25,87.25,306.92252,300.76102,33.77252000000004,27.611019999999996
2017-04-10 01:00:00,21.25,87.5,307.1723,300.84497,34.02230000000003,27.694970000000012
2017-04-10 01:00:00,21.25,87.75,307.43732,300.91016,34.28732000000002,27.76016000000004
2017-04-10 01:00:00,21.25,88.0,307.72836,300.72302,34.57836000000003,27.573020000000042
2017-04-10 01:00:00,21.25,88.25,307.72836,300.72302,34.57836000000003,27.573020000000042
2017-04-10 01:00:00,21.25,88.5,307.76846,300.63168,34.61846000000003,27.48168000000004
2017-04-10 01:00:00,21.25,88.75,307.14743,300.57614,33.99743000000001,27.426140000000032
2017-04-10 01:00:00,21.25,89.0,306.12817,300.3316,32.978170000000034,27.181600000000003
2017-04-10 01:00:00,21.25,89.25,305.5334,300.25647,32.383399999999995,27.10647
2017-04-10 01:00:00,21.25,89.5,305.74387,300.5293,32.59387000000004,27.3793
2017-04-10 01:00:00,21.25,89.75,306.4287,300.77228,33.278700000000015,27.622280000000046
2017-04-10 01:00:00,21.25,90.0,307.08475,300.94852,33.93475000000001,27.798519999999996
2017-04-10 01:00:00,21.0,85.5,301.67587,302.6261,28.525869999999998,29.47610000000003
2017-04-10 01:00:00,21.0,85.75,302.08557,303.2149,28.93557000000004,30.064900000000023
2017-04-10 01:00:00,21.0,86.0,302.08557,303.2149,28.93557000000004,30.064900000000023
2017-04-10 01:00:00,21.0,86.25,302.89514,303.42026,29.74514000000005,30.270260000000007
2017-04-10 01:00:00,21.0,86.5,303.59494,303.03467,30.44494000000003,29.88467000000003
2017-04-10 01:00:00,21.0,86.75,304.70816,302.32095,31.558160000000044,29.170950000000005
2017-04-10 01:00:00,21.0,87.0,305.27542,301.19025,32.12542000000002,28.040250000000015
2017-04-10 01:00:00,21.0,87.25,306.24216,300.7167,33.092160000000035,27.566700000000026
2017-04-10 01:00:00,21.0,87.5,307.14972,300.5822,33.999720000000025,27.432200000000023
2017-04-10 01:00:00,21.0,87.75,307.7137,300.5779,34.56370000000004,27.427900000000022
2017-04-10 01:00:00,21.0,88.0,307.92877,300.5228,34.77877000000001,27.37280000000004
2017-04-10 01:00:00,21.0,88.25,307.92877,300.5228,34.77877000000001,27.37280000000004
2017-04-10 01:00:00,21.0,88.5,307.93674,300.50986,34.78674000000001,27.359860000000026
2017-04-10 01:00:00,21.0,88.75,307.85605,300.5952,34.706050000000005,27.4452
2017-04-10 01:00:00,21.0,89.0,307.72427,300.66586,34.57427000000001,27.515860000000032
2017-04-10 01:00:00,21.0,89.25,307.39844,300.69382,34.248440000000016,27.54382000000004
2017-04-10 01:00:00,21.0,89.5,306.8362,300.63718,33.68620000000004,27.487180000000023
2017-04-10 01:00:00,21.0,89.75,306.42178,300.53635,33.271780000000035,27.38635000000005
2017-04-10 01:00:00,21.0,90.0,306.5828,300.71658,33.43280000000004,27.566580000000044
2017-04-10 02:00:00,27.5,85.5,309.92416,297.82083,36.774159999999995,24.670830000000024
2017-04-10 02:00:00,27.5,85.75,309.04996,297.08746,35.89996000000002,23.937460000000044
2017-04-10 02:00:00,27.5,86.0,309.04996,297.08746,35.89996000000002,23.937460000000044
2017-04-10 02:00:00,27.5,86.25,308.55722,295.9987,35.407219999999995,22.848700000000008
2017-04-10 02:00:00,27.5,86.5,307.02844,294.95364,33.87844000000001,21.80364000000003
2017-04-10 02:00:00,27.5,86.75,305.45065,294.2548,32.30065000000002,21.10480000000001
2017-04-10 02:00:00,27.5,87.0,303.85788,293.00867,30.707880000000046,19.858670000000018
2017-04-10 02:00:00,27.5,87.25,303.89758,292.14536,30.747580000000028,18.995360000000005
2017-04-10 02:00:00,27.5,87.5,303.8184,292.19714,30.66840000000002,19.047140000000013
2017-04-10 02:00:00,27.5,87.75,301.60135,291.12988,28.451350000000048,17.979880000000037
2017-04-10 02:00:00,27.5,88.0,298.8206,289.39297,25.670600000000036,16.242970000000014
2017-04-10 02:00:00,27.5,88.25,298.8206,289.39297,25.670600000000036,16.242970000000014
2017-04-10 02:00:00,27.5,88.5,297.65015,289.99945,24.50015000000002,16.849450000000047
2017-04-10 02:00:00,27.5,88.75,297.93317,290.90973,24.78317000000004,17.759730000000047
2017-04-10 02:00:00,27.5,89.0,299.0463,287.20493,25.896299999999997,14.054930000000013
2017-04-10 02:00:00,27.5,89.25,300.5858,283.85355,27.43580000000003,10.703550000000007
2017-04-10 02:00:00,27.5,89.5,301.4616,286.90005,28.3116,13.750050000000044
2017-04-10 02:00:00,27.5,89.75,298.5122,288.64236,25.36220000000003,15.49236000000002
2017-04-10 02:00:00,27.5,90.0,298.36478,291.19043,25.21478000000002,18.040430000000015
2017-04-10 02:00:00,27.25,85.5,313.76,300.96768,40.610000000000014,27.817679999999996
2017-04-10 02:00:00,27.25,85.75,312.4763,300.52124,39.3263,27.37124
2017-04-10 02:00:00,27.25,86.0,312.4763,300.52124,39.3263,27.37124
2017-04-10 02:00:00,27.25,86.25,311.96814,299.68472,38.81814000000003,26.53472000000005
2017-04-10 02:00:00,27.25,86.5,310.67007,298.5568,37.52007000000003,25.406800000000032
2017-04-10 02:00:00,27.25,86.75,309.78452,297.33917,36.63452000000001,24.189170000000047
2017-04-10 02:00:00,27.25,87.0,308.92566,295.89902,35.775660000000016,22.74902000000003
2017-04-10 02:00:00,27.25,87.25,308.84836,296.02524,35.69836000000004,22.87524000000002
2017-04-10 02:00:00,27.25,87.5,309.1819,296.6962,36.03190000000001,23.5462
2017-04-10 02:00:00,27.25,87.75,308.6131,296.55716,35.4631,23.407160000000033
2017-04-10 02:00:00,27.25,88.0,308.15414,296.456,35.00414000000001,23.30600000000004
2017-04-10 02:00:00,27.25,88.25,308.15414,296.456,35.00414000000001,23.30600000000004
2017-04-10 02:00:00,27.25,88.5,309.13177,297.90732,35.98177000000004,24.75732000000005
2017-04-10 02:00:00,27.25,88.75,309.93314,298.83057,36.78314,25.680570000000046
2017-04-10 02:00:00,27.25,89.0,308.99414,296.49777,35.84414000000004,23.347770000000025
2017-04-10 02:00:00,27.25,89.25,307.49646,295.03534,34.346460000000036,21.885340000000042
2017-04-10 02:00:00,27.25,89.5,305.17682,292.16272,32.02682000000004,19.01272
2017-04-10 02:00:00,27.25,89.75,300.7031,290.11554,27.55310000000003,16.965540000000033
2017-04-10 02:00:00,27.25,90.0,300.18723,293.21933,27.037230000000022,20.069330000000036
2017-04-10 02:00:00,27.0,85.5,313.76,300.96768,40.610000000000014,27.817679999999996
2017-04-10 02:00:00,27.0,85.75,312.4763,300.52124,39.3263,27.37124
2017-04-10 02:00:00,27.0,86.0,312.4763,300.52124,39.3263,27.37124
2017-04-10 02:00:00,27.0,86.25,311.96814,299.68472,38.81814000000003,26.53472000000005
2017-04-10 02:00:00,27.0,86.5,310.67007,298.5568,37.52007000000003,25.406800000000032
2017-04-10 02:00:00,27.0,86.75,309.78452,297.33917,36.63452000000001,24.189170000000047
2017-04-10 02:00:00,27.0,87.0,308.92566,295.89902,35.775660000000016,22.74902000000003
2017-04-10 02:00:00,27.0,87.25,308.84836,296.02524,35.69836000000004,22.87524000000002
2017-04-10 02:00:00,27.0,87.5,309.1819,296.6962,36.03190000000001,23.5462
2017-04-10 02:00:00,27.0,87.75,308.6131,296.55716,35.4631,23.407160000000033
2017-04-10 02:00:00,27.0,88.0,308.15414,296.456,35.00414000000001,23.30600000000004
2017-04-10 02:00:00,27.0,88.25,308.15414,296.456,35.00414000000001,23.30600000000004
2017-04-10 02:00:00,27.0,88.5,309.13177,297.90732,35.98177000000004,24.75732000000005
2017-04-10 02:00:00,27.0,88.75,309.93314,298.83057,36.78314,25.680570000000046
2017-04-10 02:00:00,27.0,89.0,308.99414,296.49777,35.84414000000004,23.347770000000025
2017-04-10 02:00:00,27.0,89.25,307.49646,295.03534,34.346460000000036,21.885340000000042
2017-04-10 02:00:00,27.0,89.5,305.17682,292.16272,32.02682000000004,19.01272
2017-04-10 02:00:00,27.0,89.75,300.7031,290.11554,27.55310000000003,16.965540000000033
2017-04-10 02:00:00,27.0,90.0,300.18723,293.21933,27.037230000000022,20.069330000000036
2017-04-10 02:00:00,26.75,85.5,314.4502,299.133,41.30020000000002,25.983000000000004
2017-04-10 02:00:00,26.75,85.75,315.21027,300.2208,42.06027,27.07080000000002
2017-04-10 02:00:00,26.75,86.0,315.21027,300.2208,42.06027,27.07080000000002
2017-04-10 02:00:00,26.75,86.25,315.39474,301.43875,42.244740000000036,28.28875000000005
2017-04-10 02:00:00,26.75,86.5,314.896,301.72186,41.74600000000004,28.571860000000015
2017-04-10 02:00:00,26.75,86.75,313.35,301.18698,40.200000000000045,28.036980000000028
2017-04-10 02:00:00,26.75,87.0,312.46927,300.51038,39.31927000000002,27.36038000000002
2017-04-10 02:00:00,26.75,87.25,312.16418,300.1528,39.01418000000001,27.002800000000036
2017-04-10 02:00:00,26.75,87.5,312.04816,299.92557,38.89816000000002,26.775570000000016
2017-04-10 02:00:00,26.75,87.75,312.13107,299.94638,38.981070000000045,26.79638
2017-04-10 02:00:00,26.75,88.0,312.79785,300.6645,39.647850000000005,27.514499999999998
2017-04-10 02:00:00,26.75,88.25,312.79785,300.6645,39.647850000000005,27.514499999999998
2017-04-10 02:00:00,26.75,88.5,314.23712,302.13406,41.08712000000003,28.98406
2017-04-10 02:00:00,26.75,88.75,315.4381,303.2132,42.28810000000004,30.063199999999995
2017-04-10 02:00:00,26.75,89.0,315.15457,302.82306,42.00457,29.67306000000002
2017-04-10 02:00:00,26.75,89.25,314.00436,302.14896,40.85436000000004,28.99896000000001
2017-04-10 02:00:00,26.75,89.5,311.58997,300.55664,38.43997000000002,27.40664000000004
2017-04-10 02:00:00,26.75,89.75,307.56412,298.3609,34.414120000000025,25.210900000000038
2017-04-10 02:00:00,26.75,90.0,306.95303,299.54736,33.803030000000035,26.39736000000005
2017-04-10 02:00:00,26.5,85.5,315.43115,299.1001,42.281150000000025,25.95010000000002
2017-04-10 02:00:00,26.5,85.75,315.38455,299.2091,42.23455000000001,26.0591
2017-04-10 02:00:00,26.5,86.0,315.38455,299.2091,42.23455000000001,26.0591
2017-04-10 02:00:00,26.5,86.25,315.2275,299.56644,42.07750000000004,26.416440000000023
2017-04-10 02:00:00,26.5,86.5,315.57513,299.9163,42.425130000000024,26.7663
2017-04-10 02:00:00,26.5,86.75,315.23785,299.6087,42.08785,26.45870000000002
2017-04-10 02:00:00,26.5,87.0,314.42212,300.18613,41.27212000000003,27.036130000000014
2017-04-10 02:00:00,26.5,87.25,314.90048,301.3238,41.75048000000004,28.17380000000003
2017-04-10 02:00:00,26.5,87.5,315.255,302.01477,42.10500000000002,28.86477000000002
2017-04-10 02:00:00,26.5,87.75,315.06848,302.45297,41.918480000000045,29.302970000000016
2017-04-10 02:00:00,26.5,88.0,315.3013,302.79688,42.15130000000005,29.64688000000001
2017-04-10 02:00:00,26.5,88.25,315.3013,302.79688,42.15130000000005,29.64688000000001
2017-04-10 02:00:00,26.5,88.5,315.97174,302.89435,42.821740000000034,29.744349999999997
2017-04-10 02:00:00,26.5,88.75,316.27582,302.4755,43.12582000000003,29.325500000000034
2017-04-10 02:00:00,26.5,89.0,315.7713,301.19403,42.62130000000002,28.04403000000002
2017-04-10 02:00:00,26.5,89.25,314.95258,300.4233,41.802580000000034,27.273300000000006
2017-04-10 02:00:00,26.5,89.5,314.71616,300.91818,41.566160000000025,27.76818000000003
2017-04-10 02:00:00,26.5,89.75,313.81436,301.34918,40.664360000000045,28.199180000000013
2017-04-10 02:00:00,26.5,90.0,313.89133,303.00974,40.741330000000005,29.859740000000045
2017-04-10 02:00:00,26.25,85.5,315.0144,298.84647,41.864400000000046,25.696470000000033
2017-04-10 02:00:00,26.25,85.75,315.14258,299.01492,41.99258000000003,25.86492000000004
2017-04-10 02:00:00,26.25,86.0,315.14258,299.01492,41.99258000000003,25.86492000000004
2017-04-10 02:00:00,26.25,86.25,315.15698,299.225,42.00698,26.075000000000045
2017-04-10 02:00:00,26.25,86.5,314.91132,299.38925,41.76132000000001,26.239250000000027
2017-04-10 02:00:00,26.25,86.75,315.01303,299.44077,41.86303000000004,26.29077000000001
2017-04-10 02:00:00,26.25,87.0,314.7765,299.0133,41.62650000000002,25.863300000000038
2017-04-10 02:00:00,26.25,87.25,314.8143,298.98407,41.664300000000026,25.834069999999997
2017-04-10 02:00:00,26.25,87.5,315.02515,299.0819,41.87515000000002,25.93190000000004
2017-04-10 02:00:00,26.25,87.75,314.98553,298.8807,41.835530000000006,25.730700000000013
2017-04-10 02:00:00,26.25,88.0,314.87976,298.7149,41.72976,25.564900000000023
2017-04-10 02:00:00,26.25,88.25,314.87976,298.7149,41.72976,25.564900000000023
2017-04-10 02:00:00,26.25,88.5,314.82425,299.17984,41.67425000000003,26.029840000000036
2017-04-10 02:00:00,26.25,88.75,314.74588,300.24994,41.59588000000002,27.099940000000004
2017-04-10 02:00:00,26.25,89.0,314.8683,300.93634,41.7183,27.786339999999996
2017-04-10 02:00:00,26.25,89.25,314.82443,300.3275,41.67443000000003,27.17750000000001
2017-04-10 02:00:00,26.25,89.5,314.73346,299.40677,41.58346,26.256770000000017
2017-04-10 02:00:00,26.25,89.75,315.70615,300.72073,42.55615,27.570730000000026
2017-04-10 02:00:00,26.25,90.0,316.46857,302.21786,43.31857000000002,29.067859999999996
2017-04-10 02:00:00,26.0,85.5,315.01846,298.75684,41.86846000000003,25.606840000000034
2017-04-10 02:00:00,26.0,85.75,315.39487,299.39673,42.24487000000005,26.246730000000014
2017-04-10 02:00:00,26.0,86.0,315.39487,299.39673,42.24487000000005,26.246730000000014
2017-04-10 02:00:00,26.0,86.25,315.35345,299.65036,42.20345000000003,26.50036
2017-04-10 02:00:00,26.0,86.5,314.9086,299.50488,41.7586,26.354880000000037
2017-04-10 02:00:00,26.0,86.75,314.9789,299.65802,41.82890000000003,26.508020000000045
2017-04-10 02:00:00,26.0,87.0,314.69913,299.56967,41.54913000000005,26.419669999999996
2017-04-10 02:00:00,26.0,87.25,314.79657,299.34546,41.64657,26.195460000000026
2017-04-10 02:00:00,26.0,87.5,315.3055,299.12225,42.15550000000002,25.97225000000003
2017-04-10 02:00:00,26.0,87.75,315.63,298.87283,42.48000000000002,25.722830000000044
2017-04-10 02:00:00,26.0,88.0,315.64346,298.8326,42.49346000000003,25.682600000000036
2017-04-10 02:00:00,26.0,88.25,315.64346,298.8326,42.49346000000003,25.682600000000036
2017-04-10 02:00:00,26.0,88.5,315.4384,299.11414,42.288400000000024,25.964140000000043
2017-04-10 02:00:00,26.0,88.75,315.15567,299.67984,42.00567000000001,26.529840000000036
2017-04-10 02:00:00,26.0,89.0,315.0381,300.29507,41.88810000000001,27.145070000000032
2017-04-10 02:00:00,26.0,89.25,314.80005,299.75858,41.65005000000002,26.608580000000018
2017-04-10 02:00:00,26.0,89.5,315.21033,298.94196,42.06033000000002,25.791960000000017
2017-04-10 02:00:00,26.0,89.75,316.62006,300.0039,43.470060000000046,26.85390000000001
2017-04-10 02:00:00,26.0,90.0,317.84656,301.22015,44.696560000000034,28.070150000000012
2017-04-10 02:00:00,25.75,85.5,314.64294,299.23813,41.49294000000003,26.088130000000035
2017-04-10 02:00:00,25.75,85.75,314.96207,299.3334,41.812070000000006,26.183400000000006
2017-04-10 02:00:00,25.75,86.0,314.96207,299.3334,41.812070000000006,26.183400000000006
2017-04-10 02:00:00,25.75,86.25,315.2329,299.5255,42.082899999999995,26.375500000000045
2017-04-10 02:00:00,25.75,86.5,315.28372,299.4557,42.13372000000004,26.3057
2017-04-10 02:00:00,25.75,86.75,315.45844,299.57364,42.30844000000002,26.423640000000034
2017-04-10 02:00:00,25.75,87.0,315.29373,299.51855,42.143730000000005,26.368550000000027
2017-04-10 02:00:00,25.75,87.25,315.17563,299.2122,42.025630000000035,26.06220000000002
2017-04-10 02:00:00,25.75,87.5,315.10126,299.0544,41.95126000000005,25.90440000000001
2017-04-10 02:00:00,25.75,87.75,315.1793,299.26456,42.029300000000035,26.11456000000004
2017-04-10 02:00:00,25.75,88.0,315.30225,299.8392,42.15225000000004,26.689200000000028
2017-04-10 02:00:00,25.75,88.25,315.30225,299.8392,42.15225000000004,26.689200000000028
2017-04-10 02:00:00,25.75,88.5,315.23062,300.38696,42.08062000000001,27.23696000000001
2017-04-10 02:00:00,25.75,88.75,314.98016,300.32318,41.830160000000035,27.173180000000002
2017-04-10 02:00:00,25.75,89.0,314.60782,299.65762,41.45782000000003,26.50762000000003
2017-04-10 02:00:00,25.75,89.25,314.49274,299.00403,41.34274000000005,25.854030000000023
2017-04-10 02:00:00,25.75,89.5,315.0344,299.39236,41.88440000000003,26.24236000000002
2017-04-10 02:00:00,25.75,89.75,316.8142,301.129,43.66420000000005,27.979000000000042
2017-04-10 02:00:00,25.75,90.0,317.67026,301.2682,44.52026000000001,28.1182
2017-04-10 02:00:00,25.5,85.5,314.51416,298.69913,41.36416000000003,25.549130000000048
2017-04-10 02:00:00,25.5,85.75,314.6145,298.62518,41.464500000000044,25.475180000000023
2017-04-10 02:00:00,25.5,86.0,314.6145,298.62518,41.464500000000044,25.475180000000023
2017-04-10 02:00:00,25.5,86.25,314.97437,298.73132,41.824370000000044,25.581320000000005
2017-04-10 02:00:00,25.5,86.5,315.28934,298.99707,42.139340000000004,25.84707000000003
2017-04-10 02:00:00,25.5,86.75,315.53488,299.43762,42.38488000000001,26.287620000000004
2017-04-10 02:00:00,25.5,87.0,315.52228,299.77393,42.372280000000046,26.62393000000003
2017-04-10 02:00:00,25.5,87.25,315.40356,299.74628,42.25356000000005,26.596280000000036
2017-04-10 02:00:00,25.5,87.5,315.4742,299.97086,42.32420000000002,26.82086000000004
2017-04-10 02:00:00,25.5,87.75,315.8081,300.67172,42.65810000000005,27.521720000000016
2017-04-10 02:00:00,25.5,88.0,315.82034,301.06418,42.67034000000001,27.914180000000044
2017-04-10 02:00:00,25.5,88.25,315.82034,301.06418,42.67034000000001,27.914180000000044
2017-04-10 02:00:00,25.5,88.5,315.5305,300.95074,42.38050000000004,27.80074000000002
2017-04-10 02:00:00,25.5,88.75,315.4438,300.7401,42.29380000000003,27.590100000000007
2017-04-10 02:00:00,25.5,89.0,315.1586,300.0932,42.0086,26.943200000000047
2017-04-10 02:00:00,25.5,89.25,314.9812,299.44565,41.831200000000024,26.295650000000023
2017-04-10 02:00:00,25.5,89.5,315.52707,300.02197,42.37707,26.871970000000033
2017-04-10 02:00:00,25.5,89.75,316.81586,302.06055,43.66586000000001,28.91055
2017-04-10 02:00:00,25.5,90.0,317.01117,302.87488,43.861170000000016,29.72488000000004
2017-04-10 02:00:00,25.25,85.5,314.33066,298.16846,41.180660000000046,25.018460000000005
2017-04-10 02:00:00,25.25,85.75,314.47253,298.29074,41.32253000000003,25.14074000000005
2017-04-10 02:00:00,25.25,86.0,314.47253,298.29074,41.32253000000003,25.14074000000005
2017-04-10 02:00:00,25.25,86.25,314.59134,298.6554,41.441340000000025,25.50540000000001
2017-04-10 02:00:00,25.25,86.5,314.67612,299.06027,41.52612000000005,25.910270000000025
2017-04-10 02:00:00,25.25,86.75,315.07785,299.58466,41.927850000000035,26.434660000000008
2017-04-10 02:00:00,25.25,87.0,315.3629,300.22046,42.21290000000005,27.070460000000026
2017-04-10 02:00:00,25.25,87.25,315.7309,300.61285,42.58090000000004,27.462850000000003
2017-04-10 02:00:00,25.25,87.5,315.42493,300.63065,42.27493000000004,27.480650000000026
2017-04-10 02:00:00,25.25,87.75,315.2081,300.9015,42.058100000000024,27.75150000000002
2017-04-10 02:00:00,25.25,88.0,315.57312,301.08835,42.42312000000004,27.938350000000014
2017-04-10 02:00:00,25.25,88.25,315.57312,301.08835,42.42312000000004,27.938350000000014
2017-04-10 02:00:00,25.25,88.5,315.76154,300.7657,42.61154000000005,27.615700000000004
2017-04-10 02:00:00,25.25,88.75,315.54565,300.45914,42.395650000000046,27.309140000000014
2017-04-10 02:00:00,25.25,89.0,315.36255,300.27936,42.21255000000002,27.12936000000002
2017-04-10 02:00:00,25.25,89.25,315.5605,300.43552,42.41050000000001,27.28552000000002
2017-04-10 02:00:00,25.25,89.5,316.30893,301.16534,43.15893,28.015340000000037
2017-04-10 02:00:00,25.25,89.75,316.8662,303.29596,43.716200000000015,30.145960000000002
2017-04-10 02:00:00,25.25,90.0,316.7537,305.7253,43.6037,32.57530000000003
2017-04-10 02:00:00,25.0,85.5,314.772,298.768,41.622000000000014,25.617999999999995
2017-04-10 02:00:00,25.0,85.75,314.44443,298.99365,41.294430000000034,25.843650000000025
2017-04-10 02:00:00,25.0,86.0,314.44443,298.99365,41.294430000000034,25.843650000000025
2017-04-10 02:00:00,25.0,86.25,314.4625,299.10532,41.3125,25.95532000000003
2017-04-10 02:00:00,25.0,86.5,315.28436,299.39368,42.134360000000015,26.24368000000004
2017-04-10 02:00:00,25.0,86.75,315.3609,299.806,42.21090000000004,26.656000000000006
2017-04-10 02:00:00,25.0,87.0,315.42358,300.3292,42.27358000000004,27.179200000000037
2017-04-10 02:00:00,25.0,87.25,315.41745,300.70227,42.26745,27.55227000000002
2017-04-10 02:00:00,25.0,87.5,315.15466,300.7184,42.00466,27.568399999999997
2017-04-10 02:00:00,25.0,87.75,315.21274,300.70062,42.06274000000002,27.550620000000038
2017-04-10 02:00:00,25.0,88.0,315.58377,300.76538,42.43377000000004,27.615380000000016
2017-04-10 02:00:00,25.0,88.25,315.58377,300.76538,42.43377000000004,27.615380000000016
2017-04-10 02:00:00,25.0,88.5,315.84143,300.9633,42.691430000000025,27.813300000000027
2017-04-10 02:00:00,25.0,88.75,315.97076,301.17197,42.82076000000001,28.02197000000001
2017-04-10 02:00:00,25.0,89.0,316.0746,301.02963,42.9246,27.87963000000002
2017-04-10 02:00:00,25.0,89.25,316.61182,301.42545,43.461820000000046,28.275450000000035
2017-04-10 02:00:00,25.0,89.5,317.14005,302.13162,43.99005,28.98162000000002
2017-04-10 02:00:00,25.0,89.75,317.11694,303.37717,43.96694000000002,30.22717
2017-04-10 02:00:00,25.0,90.0,316.23663,305.40466,43.086630000000014,32.25466
2017-04-10 02:00:00,24.75,85.5,314.772,298.768,41.622000000000014,25.617999999999995
2017-04-10 02:00:00,24.75,85.75,314.44443,298.99365,41.294430000000034,25.843650000000025
2017-04-10 02:00:00,24.75,86.0,314.44443,298.99365,41.294430000000034,25.843650000000025
2017-04-10 02:00:00,24.75,86.25,314.4625,299.10532,41.3125,25.95532000000003
2017-04-10 02:00:00,24.75,86.5,315.28436,299.39368,42.134360000000015,26.24368000000004
2017-04-10 02:00:00,24.75,86.75,315.3609,299.806,42.21090000000004,26.656000000000006
2017-04-10 02:00:00,24.75,87.0,315.42358,300.3292,42.27358000000004,27.179200000000037
2017-04-10 02:00:00,24.75,87.25,315.41745,300.70227,42.26745,27.55227000000002
2017-04-10 02:00:00,24.75,87.5,315.15466,300.7184,42.00466,27.568399999999997
2017-04-10 02:00:00,24.75,87.75,315.21274,300.70062,42.06274000000002,27.550620000000038
2017-04-10 02:00:00,24.75,88.0,315.58377,300.76538,42.43377000000004,27.615380000000016
2017-04-10 02:00:00,24.75,88.25,315.58377,300.76538,42.43377000000004,27.615380000000016
2017-04-10 02:00:00,24.75,88.5,315.84143,300.9633,42.691430000000025,27.813300000000027
2017-04-10 02:00:00,24.75,88.75,315.97076,301.17197,42.82076000000001,28.02197000000001
2017-04-10 02:00:00,24.75,89.0,316.0746,301.02963,42.9246,27.87963000000002
2017-04-10 02:00:00,24.75,89.25,316.61182,301.42545,43.461820000000046,28.275450000000035
2017-04-10 02:00:00,24.75,89.5,317.14005,302.13162,43.99005,28.98162000000002
2017-04-10 02:00:00,24.75,89.75,317.11694,303.37717,43.96694000000002,30.22717
2017-04-10 02:00:00,24.75,90.0,316.23663,305.40466,43.086630000000014,32.25466
2017-04-10 02:00:00,24.5,85.5,313.53397,299.08694,40.38397000000003,25.93694000000005
2017-04-10 02:00:00,24.5,85.75,314.31543,299.51486,41.165430000000015,26.36486000000002
2017-04-10 02:00:00,24.5,86.0,314.31543,299.51486,41.165430000000015,26.36486000000002
2017-04-10 02:00:00,24.5,86.25,314.56174,299.37677,41.41174000000001,26.226770000000045
2017-04-10 02:00:00,24.5,86.5,315.15814,299.62424,42.008140000000026,26.47424000000001
2017-04-10 02:00:00,24.5,86.75,315.30643,300.01193,42.15643,26.86193000000003
2017-04-10 02:00:00,24.5,87.0,315.4379,300.1901,42.287900000000036,27.040099999999995
2017-04-10 02:00:00,24.5,87.25,315.21262,299.9215,42.06262000000004,26.771500000000003
2017-04-10 02:00:00,24.5,87.5,314.732,299.60147,41.58200000000005,26.45147000000003
2017-04-10 02:00:00,24.5,87.75,314.8934,299.90216,41.74340000000001,26.752160000000003
2017-04-10 02:00:00,24.5,88.0,315.5653,300.6685,42.4153,27.518500000000017
2017-04-10 02:00:00,24.5,88.25,315.5653,300.6685,42.4153,27.518500000000017
2017-04-10 02:00:00,24.5,88.5,316.0577,301.19934,42.907700000000034,28.04934000000003
2017-04-10 02:00:00,24.5,88.75,316.36057,301.2765,43.21057000000002,28.12650000000002
2017-04-10 02:00:00,24.5,89.0,316.67487,301.4004,43.52487000000002,28.250400000000013
2017-04-10 02:00:00,24.5,89.25,317.40955,302.2333,44.25955000000005,29.08330000000001
2017-04-10 02:00:00,24.5,89.5,318.09113,303.10196,44.941130000000044,29.951960000000042
2017-04-10 02:00:00,24.5,89.75,317.53897,303.80988,44.38897000000003,30.659880000000044
2017-04-10 02:00:00,24.5,90.0,315.69217,304.29013,42.54217,31.14013
2017-04-10 02:00:00,24.25,85.5,314.0938,298.64105,40.94380000000001,25.49105000000003
2017-04-10 02:00:00,24.25,85.75,314.4765,298.81726,41.32650000000001,25.66726
2017-04-10 02:00:00,24.25,86.0,314.4765,298.81726,41.32650000000001,25.66726
2017-04-10 02:00:00,24.25,86.25,315.1245,299.64044,41.974500000000035,26.490440000000035
2017-04-10 02:00:00,24.25,86.5,315.21027,300.12064,42.06027,26.970640000000003
2017-04-10 02:00:00,24.25,86.75,314.92987,300.20816,41.77987000000002,27.058160000000044
2017-04-10 02:00:00,24.25,87.0,315.14096,300.40128,41.99096000000003,27.25128000000001
2017-04-10 02:00:00,24.25,87.25,315.2985,300.42612,42.14850000000001,27.27612000000005
2017-04-10 02:00:00,24.25,87.5,315.1923,300.5866,42.04230000000001,27.4366
2017-04-10 02:00:00,24.25,87.75,315.4493,301.0178,42.29930000000002,27.867800000000045
2017-04-10 02:00:00,24.25,88.0,315.9862,301.35733,42.83620000000002,28.207330000000013
2017-04-10 02:00:00,24.25,88.25,315.9862,301.35733,42.83620000000002,28.207330000000013
2017-04-10 02:00:00,24.25,88.5,316.44672,301.57788,43.29672000000005,28.427880000000016
2017-04-10 02:00:00,24.25,88.75,316.86932,301.92603,43.71932000000004,28.77603000000005
2017-04-10 02:00:00,24.25,89.0,317.23972,302.5324,44.08972,29.38240000000002
2017-04-10 02:00:00,24.25,89.25,318.10828,303.76248,44.95828,30.612480000000005
2017-04-10 02:00:00,24.25,89.5,318.6058,304.46216,45.45580000000001,31.312160000000006
2017-04-10 02:00:00,24.25,89.75,317.5829,304.36905,44.43290000000002,31.21905000000004
2017-04-10 02:00:00,24.25,90.0,315.26672,304.07224,42.11672000000004,30.922240000000045
2017-04-10 02:00:00,24.0,85.5,312.9504,297.4296,39.800400000000025,24.279600000000016
2017-04-10 02:00:00,24.0,85.75,313.24265,298.87897,40.09265000000005,25.728970000000004
2017-04-10 02:00:00,24.0,86.0,313.24265,298.87897,40.09265000000005,25.728970000000004
2017-04-10 02:00:00,24.0,86.25,313.62305,300.15027,40.47305,27.00027
2017-04-10 02:00:00,24.0,86.5,314.0081,300.28772,40.858100000000036,27.13772
2017-04-10 02:00:00,24.0,86.75,314.46594,300.6045,41.31594000000001,27.454499999999996
2017-04-10 02:00:00,24.0,87.0,315.16583,301.3042,42.01583000000005,28.154200000000003
2017-04-10 02:00:00,24.0,87.25,315.284,301.36014,42.134000000000015,28.210140000000024
2017-04-10 02:00:00,24.0,87.5,315.81647,301.87372,42.666470000000004,28.723720000000014
2017-04-10 02:00:00,24.0,87.75,316.58066,302.707,43.430660000000046,29.557000000000016
2017-04-10 02:00:00,24.0,88.0,316.87622,303.02945,43.72622000000001,29.87945000000002
2017-04-10 02:00:00,24.0,88.25,316.87622,303.02945,43.72622000000001,29.87945000000002
2017-04-10 02:00:00,24.0,88.5,317.05276,303.2831,43.90276,30.133100000000013
2017-04-10 02:00:00,24.0,88.75,317.40366,303.96637,44.253660000000025,30.816370000000006
2017-04-10 02:00:00,24.0,89.0,317.5764,304.58942,44.4264,31.43942000000004
2017-04-10 02:00:00,24.0,89.25,317.58878,304.88696,44.43878000000001,31.73696000000001
2017-04-10 02:00:00,24.0,89.5,317.62094,304.69012,44.47094000000004,31.54012
2017-04-10 02:00:00,24.0,89.75,316.61588,303.92737,43.46588000000003,30.77737000000002
2017-04-10 02:00:00,24.0,90.0,314.7449,303.373,41.594899999999996,30.223000000000013
2017-04-10 02:00:00,23.75,85.5,312.99615,299.1928,39.84615000000002,26.0428
2017-04-10 02:00:00,23.75,85.75,312.8902,300.47653,39.740200000000016,27.326530000000048
2017-04-10 02:00:00,23.75,86.0,312.8902,300.47653,39.740200000000016,27.326530000000048
2017-04-10 02:00:00,23.75,86.25,313.98657,301.68542,40.836569999999995,28.535420000000045
2017-04-10 02:00:00,23.75,86.5,314.83298,302.21948,41.68298000000004,29.06948
2017-04-10 02:00:00,23.75,86.75,314.8262,302.2941,41.676199999999994,29.144100000000037
2017-04-10 02:00:00,23.75,87.0,315.04013,302.20868,41.89013,29.058680000000038
2017-04-10 02:00:00,23.75,87.25,315.37997,302.08945,42.22997000000004,28.939450000000022
2017-04-10 02:00:00,23.75,87.5,316.37775,302.97876,43.227750000000015,29.828760000000045
2017-04-10 02:00:00,23.75,87.75,317.55414,304.4237,44.40414000000004,31.27370000000002
2017-04-10 02:00:00,23.75,88.0,318.0845,305.46527,44.934500000000014,32.31527
2017-04-10 02:00:00,23.75,88.25,318.0845,305.46527,44.934500000000014,32.31527
2017-04-10 02:00:00,23.75,88.5,317.89496,305.85727,44.74496000000005,32.70727000000005
2017-04-10 02:00:00,23.75,88.75,317.29837,305.68878,44.14837,32.53878000000003
2017-04-10 02:00:00,23.75,89.0,316.66956,305.25836,43.51956000000001,32.108360000000005
2017-04-10 02:00:00,23.75,89.25,316.15543,304.6712,43.00543000000005,31.52120000000002
2017-04-10 02:00:00,23.75,89.5,315.7189,304.10938,42.56890000000004,30.95938000000001
2017-04-10 02:00:00,23.75,89.75,314.94672,303.21115,41.79672000000005,30.061149999999998
2017-04-10 02:00:00,23.75,90.0,313.9216,302.69443,40.771600000000035,29.544430000000034
2017-04-10 02:00:00,23.5,85.5,312.84982,299.32065,39.699820000000045,26.170650000000023
2017-04-10 02:00:00,23.5,85.75,313.78964,301.26706,40.63964000000004,28.117060000000038
2017-04-10 02:00:00,23.5,86.0,313.78964,301.26706,40.63964000000004,28.117060000000038
2017-04-10 02:00:00,23.5,86.25,315.27872,302.5581,42.128720000000044,29.408100000000047
2017-04-10 02:00:00,23.5,86.5,315.77155,302.6493,42.62155000000001,29.499300000000005
2017-04-10 02:00:00,23.5,86.75,315.48572,302.13498,42.33572000000004,28.984980000000007
2017-04-10 02:00:00,23.5,87.0,315.6187,302.3984,42.46870000000001,29.248400000000004
2017-04-10 02:00:00,23.5,87.25,316.0176,303.7012,42.86760000000004,30.551199999999994
2017-04-10 02:00:00,23.5,87.5,316.88583,305.74756,43.73583000000002,32.597560000000044
2017-04-10 02:00:00,23.5,87.75,317.7842,307.1267,44.63420000000002,33.97670000000005
2017-04-10 02:00:00,23.5,88.0,318.1414,307.31088,44.9914,34.16088000000002
2017-04-10 02:00:00,23.5,88.25,318.1414,307.31088,44.9914,34.16088000000002
2017-04-10 02:00:00,23.5,88.5,317.81738,306.7406,44.66738000000004,33.590599999999995
2017-04-10 02:00:00,23.5,88.75,316.88492,305.63412,43.734920000000045,32.48412000000002
2017-04-10 02:00:00,23.5,89.0,315.81903,304.51462,42.66903000000002,31.364620000000002
2017-04-10 02:00:00,23.5,89.25,315.02878,303.8169,41.878780000000006,30.6669
2017-04-10 02:00:00,23.5,89.5,314.22742,303.4756,41.07742000000002,30.32560000000001
2017-04-10 02:00:00,23.5,89.75,313.69202,303.2174,40.542020000000036,30.06740000000002
2017-04-10 02:00:00,23.5,90.0,313.37518,303.10727,40.22518000000002,29.95727000000005
2017-04-10 02:00:00,23.25,85.5,314.01862,301.71375,40.86862000000002,28.563750000000027
2017-04-10 02:00:00,23.25,85.75,315.45917,302.9975,42.309169999999995,29.847500000000025
2017-04-10 02:00:00,23.25,86.0,315.45917,302.9975,42.309169999999995,29.847500000000025
2017-04-10 02:00:00,23.25,86.25,315.84494,303.08054,42.69494000000003,29.930540000000008
2017-04-10 02:00:00,23.25,86.5,316.22623,302.90894,43.07623000000001,29.758939999999996
2017-04-10 02:00:00,23.25,86.75,316.74893,303.38068,43.598929999999996,30.230680000000007
2017-04-10 02:00:00,23.25,87.0,317.30502,305.33862,44.155020000000036,32.188620000000014
2017-04-10 02:00:00,23.25,87.25,317.5156,307.54257,44.36560000000003,34.392570000000035
2017-04-10 02:00:00,23.25,87.5,317.00366,308.17105,43.85366000000005,35.02105
2017-04-10 02:00:00,23.25,87.75,316.27097,307.4535,43.12097,34.30350000000004
2017-04-10 02:00:00,23.25,88.0,316.22415,306.58627,43.07415000000003,33.436270000000036
2017-04-10 02:00:00,23.25,88.25,316.22415,306.58627,43.07415000000003,33.436270000000036
2017-04-10 02:00:00,23.25,88.5,316.46692,305.9108,43.31692000000004,32.76080000000002
2017-04-10 02:00:00,23.25,88.75,316.1482,305.2972,42.9982,32.1472
2017-04-10 02:00:00,23.25,89.0,315.7155,304.8781,42.56550000000004,31.72810000000004
2017-04-10 02:00:00,23.25,89.25,315.09048,304.55225,41.940480000000036,31.402250000000038
2017-04-10 02:00:00,23.25,89.5,314.0807,304.18228,40.9307,31.032280000000014
2017-04-10 02:00:00,23.25,89.75,312.97955,303.84872,39.82955000000004,30.698720000000037
2017-04-10 02:00:00,23.25,90.0,312.75012,303.80664,39.600120000000004,30.65664000000004
2017-04-10 02:00:00,23.0,85.5,314.66602,303.15036,41.516020000000026,30.00036
2017-04-10 02:00:00,23.0,85.75,315.76877,304.14047,42.61877000000004,30.990470000000016
2017-04-10 02:00:00,23.0,86.0,315.76877,304.14047,42.61877000000004,30.990470000000016
2017-04-10 02:00:00,23.0,86.25,316.54208,304.8592,43.39208000000002,31.70920000000001
2017-04-10 02:00:00,23.0,86.5,316.92825,305.42038,43.778250000000014,32.270380000000046
2017-04-10 02:00:00,23.0,86.75,317.62354,307.0166,44.473540000000014,33.866600000000005
2017-04-10 02:00:00,23.0,87.0,318.4021,308.57352,45.25210000000004,35.423519999999996
2017-04-10 02:00:00,23.0,87.25,318.00702,308.85385,44.857020000000034,35.703850000000045
2017-04-10 02:00:00,23.0,87.5,316.51425,308.15396,43.36425000000003,35.003960000000006
2017-04-10 02:00:00,23.0,87.75,314.89417,307.19238,41.74417,34.04238000000004
2017-04-10 02:00:00,23.0,88.0,314.40002,306.45117,41.250020000000006,33.30117000000001
2017-04-10 02:00:00,23.0,88.25,314.40002,306.45117,41.250020000000006,33.30117000000001
2017-04-10 02:00:00,23.0,88.5,314.91855,305.99454,41.768550000000005,32.844539999999995
2017-04-10 02:00:00,23.0,88.75,315.3213,305.62833,42.17130000000003,32.47833000000003
2017-04-10 02:00:00,23.0,89.0,315.5656,305.36118,42.41560000000004,32.21118000000001
2017-04-10 02:00:00,23.0,89.25,315.26685,305.10748,42.11685,31.957480000000032
2017-04-10 02:00:00,23.0,89.5,313.97253,304.6701,40.82253000000003,31.520100000000014
2017-04-10 02:00:00,23.0,89.75,312.73868,304.51886,39.58868000000001,31.36886000000004
2017-04-10 02:00:00,23.0,90.0,311.95,304.27637,38.80000000000001,31.12637000000001
2017-04-10 02:00:00,22.75,85.5,316.96613,305.90414,43.816130000000044,32.75414000000001
2017-04-10 02:00:00,22.75,85.75,318.81854,307.73315,45.66854000000001,34.583150000000046
2017-04-10 02:00:00,22.75,86.0,318.81854,307.73315,45.66854000000001,34.583150000000046
2017-04-10 02:00:00,22.75,86.25,318.91565,308.01694,45.76565000000005,34.86694
2017-04-10 02:00:00,22.75,86.5,318.2811,308.37473,45.1311,35.22473000000002
2017-04-10 02:00:00,22.75,86.75,318.93558,309.20233,45.78558000000004,36.05233000000004
2017-04-10 02:00:00,22.75,87.0,319.21088,309.5229,46.06088,36.372900000000016
2017-04-10 02:00:00,22.75,87.25,317.9255,308.9124,44.77550000000002,35.762400000000014
2017-04-10 02:00:00,22.75,87.5,315.54987,307.93073,42.39987000000002,34.780730000000005
2017-04-10 02:00:00,22.75,87.75,314.25604,306.92282,41.10604000000001,33.772820000000024
2017-04-10 02:00:00,22.75,88.0,314.13837,306.23605,40.98837000000003,33.08605
2017-04-10 02:00:00,22.75,88.25,314.13837,306.23605,40.98837000000003,33.08605
2017-04-10 02:00:00,22.75,88.5,314.7245,305.84006,41.5745,32.69006000000002
2017-04-10 02:00:00,22.75,88.75,315.21606,305.52545,42.06606000000005,32.37545
2017-04-10 02:00:00,22.75,89.0,315.23505,305.245,42.085050000000024,32.09500000000003
2017-04-10 02:00:00,22.75,89.25,314.74463,305.0035,41.594629999999995,31.853499999999997
2017-04-10 02:00:00,22.75,89.5,314.00137,304.94485,40.85137000000003,31.794849999999997
2017-04-10 02:00:00,22.75,89.75,313.72784,305.0817,40.57784000000004,31.931700000000035
2017-04-10 02:00:00,22.75,90.0,314.2833,305.14072,41.13330000000002,31.99072000000001
2017-04-10 02:00:00,22.5,85.5,316.96613,305.90414,43.816130000000044,32.75414000000001
2017-04-10 02:00:00,22.5,85.75,318.81854,307.73315,45.66854000000001,34.583150000000046
2017-04-10 02:00:00,22.5,86.0,318.81854,307.73315,45.66854000000001,34.583150000000046
2017-04-10 02:00:00,22.5,86.25,318.91565,308.01694,45.76565000000005,34.86694
2017-04-10 02:00:00,22.5,86.5,318.2811,308.37473,45.1311,35.22473000000002
2017-04-10 02:00:00,22.5,86.75,318.93558,309.20233,45.78558000000004,36.05233000000004
2017-04-10 02:00:00,22.5,87.0,319.21088,309.5229,46.06088,36.372900000000016
2017-04-10 02:00:00,22.5,87.25,317.9255,308.9124,44.77550000000002,35.762400000000014
2017-04-10 02:00:00,22.5,87.5,315.54987,307.93073,42.39987000000002,34.780730000000005
2017-04-10 02:00:00,22.5,87.75,314.25604,306.92282,41.10604000000001,33.772820000000024
2017-04-10 02:00:00,22.5,88.0,314.13837,306.23605,40.98837000000003,33.08605
2017-04-10 02:00:00,22.5,88.25,314.13837,306.23605,40.98837000000003,33.08605
2017-04-10 02:00:00,22.5,88.5,314.7245,305.84006,41.5745,32.69006000000002
2017-04-10 02:00:00,22.5,88.75,315.21606,305.52545,42.06606000000005,32.37545
2017-04-10 02:00:00,22.5,89.0,315.23505,305.245,42.085050000000024,32.09500000000003
2017-04-10 02:00:00,22.5,89.25,314.74463,305.0035,41.594629999999995,31.853499999999997
2017-04-10 02:00:00,22.5,89.5,314.00137,304.94485,40.85137000000003,31.794849999999997
2017-04-10 02:00:00,22.5,89.75,313.72784,305.0817,40.57784000000004,31.931700000000035
2017-04-10 02:00:00,22.5,90.0,314.2833,305.14072,41.13330000000002,31.99072000000001
2017-04-10 02:00:00,22.25,85.5,318.28802,308.13126,45.13802000000004,34.98126000000002
2017-04-10 02:00:00,22.25,85.75,319.17688,308.81332,46.026880000000006,35.66332
2017-04-10 02:00:00,22.25,86.0,319.17688,308.81332,46.026880000000006,35.66332
2017-04-10 02:00:00,22.25,86.25,319.29684,308.58868,46.14684,35.43868000000003
2017-04-10 02:00:00,22.25,86.5,319.0462,309.249,45.89620000000002,36.099000000000046
2017-04-10 02:00:00,22.25,86.75,319.77536,309.8785,46.62536,36.7285
2017-04-10 02:00:00,22.25,87.0,319.61307,309.6642,46.463070000000016,36.51420000000002
2017-04-10 02:00:00,22.25,87.25,318.71494,309.18808,45.564940000000036,36.038080000000036
2017-04-10 02:00:00,22.25,87.5,317.054,308.38412,43.903999999999996,35.23412000000002
2017-04-10 02:00:00,22.25,87.75,315.3872,307.22607,42.23720000000003,34.076070000000016
2017-04-10 02:00:00,22.25,88.0,315.20566,306.5131,42.055660000000046,33.36310000000003
2017-04-10 02:00:00,22.25,88.25,315.20566,306.5131,42.055660000000046,33.36310000000003
2017-04-10 02:00:00,22.25,88.5,315.7461,306.2235,42.596100000000035,33.073500000000024
2017-04-10 02:00:00,22.25,88.75,316.01328,305.93558,42.86328000000003,32.78558000000004
2017-04-10 02:00:00,22.25,89.0,315.96176,305.60504,42.81176000000005,32.45504
2017-04-10 02:00:00,22.25,89.25,315.58914,305.4049,42.43914000000001,32.25490000000002
2017-04-10 02:00:00,22.25,89.5,315.10022,305.40802,41.95022,32.258020000000045
2017-04-10 02:00:00,22.25,89.75,315.18768,305.40775,42.03768000000002,32.257750000000044
2017-04-10 02:00:00,22.25,90.0,316.0577,305.348,42.907700000000034,32.198000000000036
2017-04-10 02:00:00,22.0,85.5,317.16205,307.98923,44.012050000000045,34.83923000000004
2017-04-10 02:00:00,22.0,85.75,318.39682,308.28354,45.246820000000014,35.13354000000004
2017-04-10 02:00:00,22.0,86.0,318.39682,308.28354,45.246820000000014,35.13354000000004
2017-04-10 02:00:00,22.0,86.25,318.20615,307.58688,45.05615,34.43688000000003
2017-04-10 02:00:00,22.0,86.5,318.50064,308.82336,45.35064,35.67336
2017-04-10 02:00:00,22.0,86.75,320.1491,310.08508,46.9991,36.93508000000003
2017-04-10 02:00:00,22.0,87.0,320.09958,309.62225,46.949580000000026,36.47225000000003
2017-04-10 02:00:00,22.0,87.25,319.46017,309.06134,46.31017000000003,35.911339999999996
2017-04-10 02:00:00,22.0,87.5,318.44333,308.37988,45.293330000000026,35.22988000000004
2017-04-10 02:00:00,22.0,87.75,317.10324,307.04868,43.95324000000005,33.89868000000001
2017-04-10 02:00:00,22.0,88.0,316.36136,306.3156,43.21136000000001,33.16560000000004
2017-04-10 02:00:00,22.0,88.25,316.36136,306.3156,43.21136000000001,33.16560000000004
2017-04-10 02:00:00,22.0,88.5,315.86694,305.8488,42.71694000000002,32.698800000000006
2017-04-10 02:00:00,22.0,88.75,315.7163,305.5378,42.56630000000001,32.38780000000003
2017-04-10 02:00:00,22.0,89.0,316.07016,305.4998,42.92016000000001,32.349800000000016
2017-04-10 02:00:00,22.0,89.25,316.25757,305.3991,43.10757000000001,32.2491
2017-04-10 02:00:00,22.0,89.5,316.02515,305.3096,42.87515000000002,32.15960000000001
2017-04-10 02:00:00,22.0,89.75,316.1741,305.35202,43.02410000000003,32.202020000000005
2017-04-10 02:00:00,22.0,90.0,316.94794,305.3469,43.79794000000004,32.19690000000003
2017-04-10 02:00:00,21.75,85.5,316.41098,307.16904,43.26098000000002,34.01904000000002
2017-04-10 02:00:00,21.75,85.75,317.39197,307.72757,44.24197000000004,34.57757000000004
2017-04-10 02:00:00,21.75,86.0,317.39197,307.72757,44.24197000000004,34.57757000000004
2017-04-10 02:00:00,21.75,86.25,315.7878,306.19324,42.63780000000003,33.043240000000026
2017-04-10 02:00:00,21.75,86.5,316.81705,307.75366,43.66705000000002,34.60366000000005
2017-04-10 02:00:00,21.75,86.75,319.67923,309.4566,46.52923000000004,36.3066
2017-04-10 02:00:00,21.75,87.0,320.02826,308.49973,46.87826000000001,35.34973000000002
2017-04-10 02:00:00,21.75,87.25,319.75946,307.88303,46.60946000000001,34.73303000000004
2017-04-10 02:00:00,21.75,87.5,318.866,307.09335,45.71600000000001,33.94335000000001
2017-04-10 02:00:00,21.75,87.75,316.6024,305.10895,43.45240000000001,31.958950000000016
2017-04-10 02:00:00,21.75,88.0,315.79858,304.7386,42.64858000000004,31.588600000000042
2017-04-10 02:00:00,21.75,88.25,315.79858,304.7386,42.64858000000004,31.588600000000042
2017-04-10 02:00:00,21.75,88.5,314.684,304.25607,41.53400000000005,31.106070000000045
2017-04-10 02:00:00,21.75,88.75,314.44193,304.3042,41.291930000000036,31.154200000000003
2017-04-10 02:00:00,21.75,89.0,315.7641,305.17465,42.61410000000001,32.02465000000001
2017-04-10 02:00:00,21.75,89.25,315.91946,304.63205,42.76946000000004,31.482050000000015
2017-04-10 02:00:00,21.75,89.5,315.2338,303.3576,42.0838,30.207600000000014
2017-04-10 02:00:00,21.75,89.75,315.58478,303.12183,42.434780000000046,29.97183000000001
2017-04-10 02:00:00,21.75,90.0,316.0574,303.31155,42.907399999999996,30.161550000000034
2017-04-10 02:00:00,21.5,85.5,313.40402,305.58386,40.254020000000025,32.43386000000004
2017-04-10 02:00:00,21.5,85.75,314.99988,306.7968,41.84988000000004,33.64680000000004
2017-04-10 02:00:00,21.5,86.0,314.99988,306.7968,41.84988000000004,33.64680000000004
2017-04-10 02:00:00,21.5,86.25,315.75363,307.1167,42.60363000000001,33.9667
2017-04-10 02:00:00,21.5,86.5,317.34418,307.7079,44.19418000000002,34.55790000000002
2017-04-10 02:00:00,21.5,86.75,319.32938,307.9231,46.17938000000004,34.7731
2017-04-10 02:00:00,21.5,87.0,317.75742,305.05145,44.60742000000005,31.90145000000001
2017-04-10 02:00:00,21.5,87.25,317.45197,303.91003,44.30197000000004,30.76003000000003
2017-04-10 02:00:00,21.5,87.5,317.3193,303.69348,44.16930000000002,30.543480000000045
2017-04-10 02:00:00,21.5,87.75,316.58963,303.22598,43.43963000000002,30.075980000000015
2017-04-10 02:00:00,21.5,88.0,315.34167,302.88705,42.191670000000045,29.73705000000001
2017-04-10 02:00:00,21.5,88.25,315.34167,302.88705,42.191670000000045,29.73705000000001
2017-04-10 02:00:00,21.5,88.5,314.10492,302.46783,40.954920000000016,29.317830000000015
2017-04-10 02:00:00,21.5,88.75,313.6437,302.3187,40.49370000000005,29.1687
2017-04-10 02:00:00,21.5,89.0,313.91415,302.54337,40.76415000000003,29.393370000000004
2017-04-10 02:00:00,21.5,89.25,314.34955,302.74252,41.199550000000045,29.592520000000036
2017-04-10 02:00:00,21.5,89.5,314.828,302.92578,41.678,29.775779999999997
2017-04-10 02:00:00,21.5,89.75,315.4597,303.10968,42.30970000000002,29.95968000000005
2017-04-10 02:00:00,21.5,90.0,316.2835,303.37054,43.133500000000026,30.220540000000028
2017-04-10 02:00:00,21.25,85.5,311.86273,305.26132,38.71273000000002,32.111320000000035
2017-04-10 02:00:00,21.25,85.75,313.09875,306.43112,39.94875000000002,33.281120000000044
2017-04-10 02:00:00,21.25,86.0,313.09875,306.43112,39.94875000000002,33.281120000000044
2017-04-10 02:00:00,21.25,86.25,315.08377,306.9572,41.93377000000004,33.80720000000002
2017-04-10 02:00:00,21.25,86.5,317.16022,306.84622,44.010220000000004,33.69622000000004
2017-04-10 02:00:00,21.25,86.75,317.5105,305.92474,44.3605,32.77474000000001
2017-04-10 02:00:00,21.25,87.0,316.89587,303.7995,43.745870000000025,30.649500000000046
2017-04-10 02:00:00,21.25,87.25,316.97842,303.02997,43.82842000000005,29.879970000000014
2017-04-10 02:00:00,21.25,87.5,317.01416,303.03888,43.86416000000003,29.88888000000003
2017-04-10 02:00:00,21.25,87.75,316.59476,303.02426,43.44476000000003,29.87426000000005
2017-04-10 02:00:00,21.25,88.0,315.7538,302.7167,42.603800000000035,29.566700000000026
2017-04-10 02:00:00,21.25,88.25,315.7538,302.7167,42.603800000000035,29.566700000000026
2017-04-10 02:00:00,21.25,88.5,314.79175,302.45093,41.64175,29.30093000000005
2017-04-10 02:00:00,21.25,88.75,314.1201,302.39758,40.9701,29.247580000000028
2017-04-10 02:00:00,21.25,89.0,313.84332,302.3257,40.69332000000003,29.175700000000006
2017-04-10 02:00:00,21.25,89.25,313.82492,302.38953,40.67492000000004,29.239530000000002
2017-04-10 02:00:00,21.25,89.5,314.049,302.7326,40.899,29.582600000000014
2017-04-10 02:00:00,21.25,89.75,314.55695,303.01776,41.406949999999995,29.867760000000033
2017-04-10 02:00:00,21.25,90.0,315.35202,303.3078,42.202020000000005,30.15780000000001
2017-04-10 02:00:00,21.0,85.5,311.04083,305.51453,37.89083000000005,32.36453
2017-04-10 02:00:00,21.0,85.75,312.21707,306.30618,39.06707,33.156180000000006
2017-04-10 02:00:00,21.0,86.0,312.21707,306.30618,39.06707,33.156180000000006
2017-04-10 02:00:00,21.0,86.25,314.21918,306.22983,41.06918000000002,33.079830000000015
2017-04-10 02:00:00,21.0,86.5,315.67697,305.87445,42.526970000000006,32.72445000000005
2017-04-10 02:00:00,21.0,86.75,317.65115,305.43842,44.501149999999996,32.28842000000003
2017-04-10 02:00:00,21.0,87.0,316.29782,303.73895,43.147820000000024,30.58895000000001
2017-04-10 02:00:00,21.0,87.25,316.15723,302.94946,43.00723000000005,29.79946000000001
2017-04-10 02:00:00,21.0,87.5,316.3296,302.61853,43.17960000000005,29.468530000000044
2017-04-10 02:00:00,21.0,87.75,316.34583,302.5309,43.19583,29.380899999999997
2017-04-10 02:00:00,21.0,88.0,316.21124,302.4543,43.06124,29.304300000000012
2017-04-10 02:00:00,21.0,88.25,316.21124,302.4543,43.06124,29.304300000000012
2017-04-10 02:00:00,21.0,88.5,315.86316,302.45065,42.713160000000016,29.30065000000002
2017-04-10 02:00:00,21.0,88.75,315.13,302.49207,41.98000000000002,29.342070000000035
2017-04-10 02:00:00,21.0,89.0,314.2042,302.47565,41.05420000000004,29.325649999999996
2017-04-10 02:00:00,21.0,89.25,313.51523,302.45935,40.36523,29.309349999999995
2017-04-10 02:00:00,21.0,89.5,313.247,302.43814,40.09700000000004,29.28814
2017-04-10 02:00:00,21.0,89.75,313.4041,302.47092,40.25410000000005,29.32092
2017-04-10 02:00:00,21.0,90.0,313.9922,302.7699,40.84220000000005,29.61990000000003
2017-04-10 03:00:00,27.5,85.5,317.87576,300.89453,44.72576000000004,27.744529999999997
2017-04-10 03:00:00,27.5,85.75,317.04843,301.26917,43.89843000000002,28.119169999999997
2017-04-10 03:00:00,27.5,86.0,317.04843,301.26917,43.89843000000002,28.119169999999997
2017-04-10 03:00:00,27.5,86.25,316.4945,299.90717,43.34450000000004,26.75717000000003
2017-04-10 03:00:00,27.5,86.5,314.24112,297.1803,41.091120000000046,24.03030000000001
2017-04-10 03:00:00,27.5,86.75,312.43008,295.86844,39.28008,22.718440000000044
2017-04-10 03:00:00,27.5,87.0,311.09515,296.26,37.94515000000001,23.110000000000014
2017-04-10 03:00:00,27.5,87.25,311.3017,297.1335,38.151700000000005,23.98350000000005
2017-04-10 03:00:00,27.5,87.5,311.24518,297.01596,38.09518000000003,23.86596000000003
2017-04-10 03:00:00,27.5,87.75,308.90335,294.20157,35.75335000000001,21.051570000000027
2017-04-10 03:00:00,27.5,88.0,306.1269,291.8497,32.9769,18.699700000000007
2017-04-10 03:00:00,27.5,88.25,306.1269,291.8497,32.9769,18.699700000000007
2017-04-10 03:00:00,27.5,88.5,305.1906,292.7071,32.04060000000004,19.557100000000048
2017-04-10 03:00:00,27.5,88.75,305.5199,292.26697,32.36990000000003,19.116970000000038
2017-04-10 03:00:00,27.5,89.0,306.11917,287.41245,32.96917000000002,14.262450000000001
2017-04-10 03:00:00,27.5,89.25,306.3745,284.38193,33.224500000000035,11.231930000000034
2017-04-10 03:00:00,27.5,89.5,306.31726,287.28455,33.16726,14.134550000000047
2017-04-10 03:00:00,27.5,89.75,302.8392,290.07828,29.689200000000028,16.92828000000003
2017-04-10 03:00:00,27.5,90.0,302.71655,292.8724,29.566550000000007,19.72240000000005
2017-04-10 03:00:00,27.25,85.5,322.11346,304.46555,48.96346,31.31555000000003
2017-04-10 03:00:00,27.25,85.75,320.69412,303.95026,47.54412000000002,30.800260000000037
2017-04-10 03:00:00,27.25,86.0,320.69412,303.95026,47.54412000000002,30.800260000000037
2017-04-10 03:00:00,27.25,86.25,319.99033,303.16516,46.840329999999994,30.015160000000037
2017-04-10 03:00:00,27.25,86.5,318.07816,301.7428,44.92816000000005,28.59280000000001
2017-04-10 03:00:00,27.25,86.75,317.35788,301.16373,44.207880000000046,28.01373000000001
2017-04-10 03:00:00,27.25,87.0,316.51462,300.352,43.36462,27.201999999999998
2017-04-10 03:00:00,27.25,87.25,316.17804,300.4016,43.02804000000003,27.251599999999996
2017-04-10 03:00:00,27.25,87.5,316.38687,300.5307,43.23687000000001,27.380700000000047
2017-04-10 03:00:00,27.25,87.75,315.35788,299.0017,42.207880000000046,25.85170000000005
2017-04-10 03:00:00,27.25,88.0,314.47934,298.20135,41.32934,25.051350000000014
2017-04-10 03:00:00,27.25,88.25,314.47934,298.20135,41.32934,25.051350000000014
2017-04-10 03:00:00,27.25,88.5,315.57874,300.15915,42.428740000000005,27.009150000000034
2017-04-10 03:00:00,27.25,88.75,316.42282,301.16223,43.272820000000024,28.012230000000045
2017-04-10 03:00:00,27.25,89.0,315.11002,298.56833,41.96002000000004,25.418330000000026
2017-04-10 03:00:00,27.25,89.25,312.7284,295.81802,39.578400000000045,22.668020000000013
2017-04-10 03:00:00,27.25,89.5,309.6736,292.76456,36.523600000000044,19.61456000000004
2017-04-10 03:00:00,27.25,89.75,304.93283,291.24088,31.782830000000047,18.090880000000027
2017-04-10 03:00:00,27.25,90.0,304.37347,295.03735,31.22347000000002,21.887350000000026
2017-04-10 03:00:00,27.0,85.5,322.11346,304.46555,48.96346,31.31555000000003
2017-04-10 03:00:00,27.0,85.75,320.69412,303.95026,47.54412000000002,30.800260000000037
2017-04-10 03:00:00,27.0,86.0,320.69412,303.95026,47.54412000000002,30.800260000000037
2017-04-10 03:00:00,27.0,86.25,319.99033,303.16516,46.840329999999994,30.015160000000037
2017-04-10 03:00:00,27.0,86.5,318.07816,301.7428,44.92816000000005,28.59280000000001
2017-04-10 03:00:00,27.0,86.75,317.35788,301.16373,44.207880000000046,28.01373000000001
2017-04-10 03:00:00,27.0,87.0,316.51462,300.352,43.36462,27.201999999999998
2017-04-10 03:00:00,27.0,87.25,316.17804,300.4016,43.02804000000003,27.251599999999996
2017-04-10 03:00:00,27.0,87.5,316.38687,300.5307,43.23687000000001,27.380700000000047
2017-04-10 03:00:00,27.0,87.75,315.35788,299.0017,42.207880000000046,25.85170000000005
2017-04-10 03:00:00,27.0,88.0,314.47934,298.20135,41.32934,25.051350000000014
2017-04-10 03:00:00,27.0,88.25,314.47934,298.20135,41.32934,25.051350000000014
2017-04-10 03:00:00,27.0,88.5,315.57874,300.15915,42.428740000000005,27.009150000000034
2017-04-10 03:00:00,27.0,88.75,316.42282,301.16223,43.272820000000024,28.012230000000045
2017-04-10 03:00:00,27.0,89.0,315.11002,298.56833,41.96002000000004,25.418330000000026
2017-04-10 03:00:00,27.0,89.25,312.7284,295.81802,39.578400000000045,22.668020000000013
2017-04-10 03:00:00,27.0,89.5,309.6736,292.76456,36.523600000000044,19.61456000000004
2017-04-10 03:00:00,27.0,89.75,304.93283,291.24088,31.782830000000047,18.090880000000027
2017-04-10 03:00:00,27.0,90.0,304.37347,295.03735,31.22347000000002,21.887350000000026
2017-04-10 03:00:00,26.75,85.5,322.65494,302.87357,49.50494000000003,29.723569999999995
2017-04-10 03:00:00,26.75,85.75,323.6941,303.8357,50.544100000000014,30.685699999999997
2017-04-10 03:00:00,26.75,86.0,323.6941,303.8357,50.544100000000014,30.685699999999997
2017-04-10 03:00:00,26.75,86.25,323.8854,304.56726,50.73540000000003,31.41726
2017-04-10 03:00:00,26.75,86.5,323.3667,305.1547,50.2167,32.004700000000014
2017-04-10 03:00:00,26.75,86.75,321.59418,304.7328,48.44418000000002,31.58280000000002
2017-04-10 03:00:00,26.75,87.0,320.2486,304.03394,47.09860000000003,30.883939999999996
2017-04-10 03:00:00,26.75,87.25,319.52023,303.2815,46.37023000000005,30.131500000000017
2017-04-10 03:00:00,26.75,87.5,319.2424,302.77057,46.0924,29.620570000000043
2017-04-10 03:00:00,26.75,87.75,319.05328,302.56848,45.903279999999995,29.418480000000045
2017-04-10 03:00:00,26.75,88.0,319.29364,302.93338,46.143640000000005,29.783380000000022
2017-04-10 03:00:00,26.75,88.25,319.29364,302.93338,46.143640000000005,29.783380000000022
2017-04-10 03:00:00,26.75,88.5,320.54968,304.33447,47.399680000000046,31.184470000000033
2017-04-10 03:00:00,26.75,88.75,322.0084,305.70612,48.85840000000002,32.55612000000002
2017-04-10 03:00:00,26.75,89.0,322.06244,305.13956,48.912440000000004,31.98956000000004
2017-04-10 03:00:00,26.75,89.25,320.5073,303.7495,47.35730000000001,30.599500000000035
2017-04-10 03:00:00,26.75,89.5,317.7258,302.24826,44.575800000000015,29.09826000000004
2017-04-10 03:00:00,26.75,89.75,312.4124,299.30945,39.262400000000014,26.15945000000005
2017-04-10 03:00:00,26.75,90.0,311.34894,300.73996,38.19894000000005,27.58996000000002
2017-04-10 03:00:00,26.5,85.5,323.77353,303.15558,50.62353000000002,30.00558000000001
2017-04-10 03:00:00,26.5,85.75,323.51996,303.1153,50.36996000000005,29.965300000000013
2017-04-10 03:00:00,26.5,86.0,323.51996,303.1153,50.36996000000005,29.965300000000013
2017-04-10 03:00:00,26.5,86.25,323.32574,303.13568,50.17574000000002,29.985680000000002
2017-04-10 03:00:00,26.5,86.5,323.71454,303.24353,50.56454000000002,30.093530000000044
2017-04-10 03:00:00,26.5,86.75,323.2799,303.18353,50.12990000000002,30.03353000000004
2017-04-10 03:00:00,26.5,87.0,322.11197,303.50446,48.96197000000001,30.354460000000017
2017-04-10 03:00:00,26.5,87.25,322.88333,304.65756,49.733330000000024,31.507560000000012
2017-04-10 03:00:00,26.5,87.5,323.56732,305.4907,50.41732000000002,32.34070000000003
2017-04-10 03:00:00,26.5,87.75,323.1369,305.68878,49.98690000000005,32.53878000000003
2017-04-10 03:00:00,26.5,88.0,322.92535,305.76926,49.77535,32.61926
2017-04-10 03:00:00,26.5,88.25,322.92535,305.76926,49.77535,32.61926
2017-04-10 03:00:00,26.5,88.5,323.34528,305.9875,50.195280000000025,32.837500000000034
2017-04-10 03:00:00,26.5,88.75,323.47205,305.7031,50.32205000000005,32.55310000000003
2017-04-10 03:00:00,26.5,89.0,322.64426,304.1282,49.49426,30.978200000000015
2017-04-10 03:00:00,26.5,89.25,321.37408,302.9566,48.224080000000015,29.806600000000003
2017-04-10 03:00:00,26.5,89.5,321.10046,303.85254,47.95046000000002,30.70254
2017-04-10 03:00:00,26.5,89.75,319.62375,303.7677,46.473749999999995,30.617700000000013
2017-04-10 03:00:00,26.5,90.0,319.83954,305.14514,46.68954000000002,31.99514000000005
2017-04-10 03:00:00,26.25,85.5,323.22363,302.93765,50.07363000000004,29.787650000000042
2017-04-10 03:00:00,26.25,85.75,323.27103,302.97827,50.12103000000002,29.828270000000032
2017-04-10 03:00:00,26.25,86.0,323.27103,302.97827,50.12103000000002,29.828270000000032
2017-04-10 03:00:00,26.25,86.25,323.23248,303.03864,50.08248000000003,29.88864000000001
2017-04-10 03:00:00,26.25,86.5,322.81204,302.91336,49.66204000000005,29.763360000000034
2017-04-10 03:00:00,26.25,86.75,322.57306,302.91434,49.42306000000002,29.764340000000004
2017-04-10 03:00:00,26.25,87.0,322.14954,302.5752,48.999540000000025,29.425200000000018
2017-04-10 03:00:00,26.25,87.25,322.2733,302.46396,49.12330000000003,29.31396000000001
2017-04-10 03:00:00,26.25,87.5,322.62708,302.66925,49.47708,29.51925
2017-04-10 03:00:00,26.25,87.75,322.63696,302.6762,49.48696000000001,29.526200000000017
2017-04-10 03:00:00,26.25,88.0,322.41473,302.6793,49.26473000000004,29.529300000000035
2017-04-10 03:00:00,26.25,88.25,322.41473,302.6793,49.26473000000004,29.529300000000035
2017-04-10 03:00:00,26.25,88.5,322.10553,303.27972,48.95553000000001,30.12972000000002
2017-04-10 03:00:00,26.25,88.75,321.754,304.03052,48.60400000000004,30.880520000000047
2017-04-10 03:00:00,26.25,89.0,321.58334,303.8254,48.433340000000044,30.675400000000025
2017-04-10 03:00:00,26.25,89.25,321.2246,302.85056,48.07460000000003,29.700559999999996
2017-04-10 03:00:00,26.25,89.5,320.8797,302.4661,47.72970000000004,29.316100000000006
2017-04-10 03:00:00,26.25,89.75,321.55615,303.49335,48.406150000000025,30.343350000000044
2017-04-10 03:00:00,26.25,90.0,322.17383,304.35855,49.02383000000003,31.208550000000002
2017-04-10 03:00:00,26.0,85.5,323.08887,302.88336,49.93887000000001,29.733360000000005
2017-04-10 03:00:00,26.0,85.75,323.51532,303.4997,50.36532,30.34970000000004
2017-04-10 03:00:00,26.0,86.0,323.51532,303.4997,50.36532,30.34970000000004
2017-04-10 03:00:00,26.0,86.25,323.42944,303.5505,50.27944000000002,30.400500000000022
2017-04-10 03:00:00,26.0,86.5,322.55228,303.15875,49.40228000000002,30.00875000000002
2017-04-10 03:00:00,26.0,86.75,322.73154,303.08694,49.58154000000002,29.93694000000005
2017-04-10 03:00:00,26.0,87.0,322.25403,302.93713,49.10403000000002,29.787130000000047
2017-04-10 03:00:00,26.0,87.25,322.3116,302.78537,49.16160000000002,29.635370000000023
2017-04-10 03:00:00,26.0,87.5,322.88,302.71503,49.73000000000002,29.565030000000036
2017-04-10 03:00:00,26.0,87.75,323.11496,302.68246,49.96496000000002,29.532460000000015
2017-04-10 03:00:00,26.0,88.0,322.97516,302.8206,49.82516000000004,29.670600000000036
2017-04-10 03:00:00,26.0,88.25,322.97516,302.8206,49.82516000000004,29.670600000000036
2017-04-10 03:00:00,26.0,88.5,322.60687,303.0715,49.45687000000004,29.921500000000037
2017-04-10 03:00:00,26.0,88.75,322.1292,303.21063,48.97920000000005,30.060630000000003
2017-04-10 03:00:00,26.0,89.0,321.8269,303.11826,48.676900000000046,29.968260000000043
2017-04-10 03:00:00,26.0,89.25,321.2704,302.36484,48.12040000000002,29.214840000000038
2017-04-10 03:00:00,26.0,89.5,321.40036,301.77554,48.25036,28.62554
2017-04-10 03:00:00,26.0,89.75,322.03818,302.0747,48.888180000000034,28.92470000000003
2017-04-10 03:00:00,26.0,90.0,322.839,302.56998,49.68900000000002,29.41998000000001
2017-04-10 03:00:00,25.75,85.5,322.37146,302.9061,49.221460000000036,29.756100000000004
2017-04-10 03:00:00,25.75,85.75,322.92035,303.11517,49.77035000000001,29.96517
2017-04-10 03:00:00,25.75,86.0,322.92035,303.11517,49.77035000000001,29.96517
2017-04-10 03:00:00,25.75,86.25,323.19827,303.39297,50.04827,30.242970000000014
2017-04-10 03:00:00,25.75,86.5,323.0914,303.32944,49.941400000000044,30.17944
2017-04-10 03:00:00,25.75,86.75,323.21143,303.34232,50.06143000000003,30.192319999999995
2017-04-10 03:00:00,25.75,87.0,322.8434,303.22095,49.6934,30.07095000000004
2017-04-10 03:00:00,25.75,87.25,322.637,303.007,49.48700000000002,29.857000000000028
2017-04-10 03:00:00,25.75,87.5,322.51465,302.86667,49.36465000000004,29.716670000000022
2017-04-10 03:00:00,25.75,87.75,322.56326,303.0527,49.41326000000004,29.90270000000004
2017-04-10 03:00:00,25.75,88.0,322.639,303.54672,49.48900000000003,30.396720000000016
2017-04-10 03:00:00,25.75,88.25,322.639,303.54672,49.48900000000003,30.396720000000016
2017-04-10 03:00:00,25.75,88.5,322.3923,303.92007,49.2423,30.770070000000032
2017-04-10 03:00:00,25.75,88.75,321.8533,303.70853,48.70330000000001,30.55853000000002
2017-04-10 03:00:00,25.75,89.0,321.21414,302.96948,48.06414000000001,29.81948
2017-04-10 03:00:00,25.75,89.25,321.0007,302.4096,47.85070000000002,29.259600000000034
2017-04-10 03:00:00,25.75,89.5,321.12073,302.39105,47.97073,29.24105000000003
2017-04-10 03:00:00,25.75,89.75,321.90112,302.9064,48.751120000000014,29.756400000000042
2017-04-10 03:00:00,25.75,90.0,322.8595,302.86835,49.70950000000005,29.718350000000044
2017-04-10 03:00:00,25.5,85.5,322.55078,302.746,49.40078,29.596000000000004
2017-04-10 03:00:00,25.5,85.75,322.22833,302.51172,49.07833000000005,29.361720000000048
2017-04-10 03:00:00,25.5,86.0,322.22833,302.51172,49.07833000000005,29.361720000000048
2017-04-10 03:00:00,25.5,86.25,322.7064,302.5659,49.5564,29.415900000000022
2017-04-10 03:00:00,25.5,86.5,322.89117,302.7352,49.74117000000001,29.585200000000043
2017-04-10 03:00:00,25.5,86.75,323.08356,303.21423,49.93356,30.06423000000001
2017-04-10 03:00:00,25.5,87.0,322.95328,303.4947,49.80328000000003,30.344700000000046
2017-04-10 03:00:00,25.5,87.25,322.6061,303.4159,49.45610000000005,30.265900000000045
2017-04-10 03:00:00,25.5,87.5,322.51968,303.64902,49.36968000000002,30.49902000000003
2017-04-10 03:00:00,25.5,87.75,322.98425,304.40076,49.83425,31.250760000000014
2017-04-10 03:00:00,25.5,88.0,323.07745,304.6789,49.92745000000002,31.52890000000002
2017-04-10 03:00:00,25.5,88.25,323.07745,304.6789,49.92745000000002,31.52890000000002
2017-04-10 03:00:00,25.5,88.5,322.6164,304.18906,49.46640000000002,31.039060000000006
2017-04-10 03:00:00,25.5,88.75,322.40515,303.7192,49.255150000000015,30.569200000000023
2017-04-10 03:00:00,25.5,89.0,322.004,303.349,48.85400000000004,30.199000000000012
2017-04-10 03:00:00,25.5,89.25,321.58627,303.17477,48.436270000000036,30.024770000000046
2017-04-10 03:00:00,25.5,89.5,321.61014,303.31735,48.460140000000024,30.16735
2017-04-10 03:00:00,25.5,89.75,322.00818,304.08026,48.858180000000004,30.930260000000033
2017-04-10 03:00:00,25.5,90.0,322.84363,304.78506,49.69363000000004,31.63506000000001
2017-04-10 03:00:00,25.25,85.5,322.7236,302.5077,49.5736,29.357700000000023
2017-04-10 03:00:00,25.25,85.75,322.7119,302.53043,49.56190000000004,29.380430000000047
2017-04-10 03:00:00,25.25,86.0,322.7119,302.53043,49.56190000000004,29.380430000000047
2017-04-10 03:00:00,25.25,86.25,322.71817,302.60098,49.56817000000001,29.450980000000015
2017-04-10 03:00:00,25.25,86.5,322.46204,302.826,49.312040000000025,29.676000000000045
2017-04-10 03:00:00,25.25,86.75,322.7857,303.46613,49.63570000000004,30.316130000000044
2017-04-10 03:00:00,25.25,87.0,323.0391,304.15,49.88910000000004,31.0
2017-04-10 03:00:00,25.25,87.25,323.4428,304.47107,50.2928,31.32107000000002
2017-04-10 03:00:00,25.25,87.5,322.79684,304.1927,49.64684,31.042700000000025
2017-04-10 03:00:00,25.25,87.75,322.13974,304.08182,48.98974000000004,30.931820000000016
2017-04-10 03:00:00,25.25,88.0,322.59595,304.2457,49.44595000000004,31.095700000000022
2017-04-10 03:00:00,25.25,88.25,322.59595,304.2457,49.44595000000004,31.095700000000022
2017-04-10 03:00:00,25.25,88.5,323.0397,304.25952,49.889700000000005,31.109520000000032
2017-04-10 03:00:00,25.25,88.75,322.69266,304.23837,49.54266000000001,31.088369999999998
2017-04-10 03:00:00,25.25,89.0,322.30548,304.18228,49.15548000000001,31.032280000000014
2017-04-10 03:00:00,25.25,89.25,322.0191,304.1434,48.8691,30.99340000000001
2017-04-10 03:00:00,25.25,89.5,322.28024,304.27335,49.130240000000015,31.123350000000016
2017-04-10 03:00:00,25.25,89.75,322.49216,305.22516,49.342160000000035,32.07516000000004
2017-04-10 03:00:00,25.25,90.0,323.50018,307.58267,50.35018000000002,34.43267000000003
2017-04-10 03:00:00,25.0,85.5,323.47928,303.0856,50.32928000000004,29.935600000000022
2017-04-10 03:00:00,25.0,85.75,322.70657,302.97302,49.55657000000002,29.823020000000042
2017-04-10 03:00:00,25.0,86.0,322.70657,302.97302,49.55657000000002,29.823020000000042
2017-04-10 03:00:00,25.0,86.25,322.59967,302.94125,49.449670000000026,29.791250000000048
2017-04-10 03:00:00,25.0,86.5,323.482,303.33725,50.33200000000005,30.187250000000006
2017-04-10 03:00:00,25.0,86.75,323.33554,303.85422,50.18554,30.70422000000002
2017-04-10 03:00:00,25.0,87.0,323.3502,304.4029,50.200199999999995,31.25290000000001
2017-04-10 03:00:00,25.0,87.25,323.26123,304.5534,50.111230000000035,31.403400000000033
2017-04-10 03:00:00,25.0,87.5,322.75787,304.34848,49.60787000000005,31.198480000000018
2017-04-10 03:00:00,25.0,87.75,322.36157,304.24442,49.211569999999995,31.094420000000014
2017-04-10 03:00:00,25.0,88.0,322.5623,304.48428,49.412300000000016,31.334280000000035
2017-04-10 03:00:00,25.0,88.25,322.5623,304.48428,49.412300000000016,31.334280000000035
2017-04-10 03:00:00,25.0,88.5,323.1079,304.89084,49.957899999999995,31.74084000000005
2017-04-10 03:00:00,25.0,88.75,323.33493,305.14804,50.18493000000001,31.998040000000003
2017-04-10 03:00:00,25.0,89.0,323.09494,305.08456,49.94494000000003,31.934560000000033
2017-04-10 03:00:00,25.0,89.25,322.98434,304.8513,49.83434,31.701300000000003
2017-04-10 03:00:00,25.0,89.5,322.95163,304.99908,49.801630000000046,31.849080000000015
2017-04-10 03:00:00,25.0,89.75,322.94107,305.53424,49.79107000000005,32.384240000000034
2017-04-10 03:00:00,25.0,90.0,323.75247,307.27634,50.60247000000004,34.12634000000003
2017-04-10 03:00:00,24.75,85.5,323.47928,303.0856,50.32928000000004,29.935600000000022
2017-04-10 03:00:00,24.75,85.75,322.70657,302.97302,49.55657000000002,29.823020000000042
2017-04-10 03:00:00,24.75,86.0,322.70657,302.97302,49.55657000000002,29.823020000000042
2017-04-10 03:00:00,24.75,86.25,322.59967,302.94125,49.449670000000026,29.791250000000048
2017-04-10 03:00:00,24.75,86.5,323.482,303.33725,50.33200000000005,30.187250000000006
2017-04-10 03:00:00,24.75,86.75,323.33554,303.85422,50.18554,30.70422000000002
2017-04-10 03:00:00,24.75,87.0,323.3502,304.4029,50.200199999999995,31.25290000000001
2017-04-10 03:00:00,24.75,87.25,323.26123,304.5534,50.111230000000035,31.403400000000033
2017-04-10 03:00:00,24.75,87.5,322.75787,304.34848,49.60787000000005,31.198480000000018
2017-04-10 03:00:00,24.75,87.75,322.36157,304.24442,49.211569999999995,31.094420000000014
2017-04-10 03:00:00,24.75,88.0,322.5623,304.48428,49.412300000000016,31.334280000000035
2017-04-10 03:00:00,24.75,88.25,322.5623,304.48428,49.412300000000016,31.334280000000035
2017-04-10 03:00:00,24.75,88.5,323.1079,304.89084,49.957899999999995,31.74084000000005
2017-04-10 03:00:00,24.75,88.75,323.33493,305.14804,50.18493000000001,31.998040000000003
2017-04-10 03:00:00,24.75,89.0,323.09494,305.08456,49.94494000000003,31.934560000000033
2017-04-10 03:00:00,24.75,89.25,322.98434,304.8513,49.83434,31.701300000000003
2017-04-10 03:00:00,24.75,89.5,322.95163,304.99908,49.801630000000046,31.849080000000015
2017-04-10 03:00:00,24.75,89.75,322.94107,305.53424,49.79107000000005,32.384240000000034
2017-04-10 03:00:00,24.75,90.0,323.75247,307.27634,50.60247000000004,34.12634000000003
2017-04-10 03:00:00,24.5,85.5,321.81732,302.52347,48.66732000000002,29.373469999999998
2017-04-10 03:00:00,24.5,85.75,322.77045,303.02905,49.620450000000005,29.879050000000007
2017-04-10 03:00:00,24.5,86.0,322.77045,303.02905,49.620450000000005,29.879050000000007
2017-04-10 03:00:00,24.5,86.25,322.8941,303.07837,49.7441,29.92837000000003
2017-04-10 03:00:00,24.5,86.5,323.47263,303.6394,50.322630000000004,30.489400000000046
2017-04-10 03:00:00,24.5,86.75,323.5644,304.13797,50.4144,30.98797000000002
2017-04-10 03:00:00,24.5,87.0,323.57175,304.37613,50.42175000000003,31.226130000000012
2017-04-10 03:00:00,24.5,87.25,323.1719,304.083,50.02190000000002,30.93300000000005
2017-04-10 03:00:00,24.5,87.5,322.4755,303.85547,49.325500000000034,30.705470000000048
2017-04-10 03:00:00,24.5,87.75,322.43622,304.32025,49.286220000000014,31.17025000000001
2017-04-10 03:00:00,24.5,88.0,322.88498,305.06595,49.73498000000001,31.91595000000001
2017-04-10 03:00:00,24.5,88.25,322.88498,305.06595,49.73498000000001,31.91595000000001
2017-04-10 03:00:00,24.5,88.5,323.2708,305.50058,50.12080000000003,32.350580000000036
2017-04-10 03:00:00,24.5,88.75,323.4632,305.52594,50.313199999999995,32.375940000000014
2017-04-10 03:00:00,24.5,89.0,323.10693,305.2116,49.95693,32.0616
2017-04-10 03:00:00,24.5,89.25,323.14825,305.1949,49.99825000000004,32.04490000000004
2017-04-10 03:00:00,24.5,89.5,323.4571,305.50552,50.30710000000005,32.35552000000001
2017-04-10 03:00:00,24.5,89.75,323.30606,305.88467,50.156060000000025,32.73467000000005
2017-04-10 03:00:00,24.5,90.0,324.20294,307.0967,51.052940000000035,33.94670000000002
2017-04-10 03:00:00,24.25,85.5,322.44144,301.97388,49.29144000000002,28.82388000000003
2017-04-10 03:00:00,24.25,85.75,323.14008,302.7063,49.990080000000034,29.55630000000002
2017-04-10 03:00:00,24.25,86.0,323.14008,302.7063,49.990080000000034,29.55630000000002
2017-04-10 03:00:00,24.25,86.25,323.89658,303.62442,50.746579999999994,30.47442000000001
2017-04-10 03:00:00,24.25,86.5,323.91495,304.34012,50.76495,31.190120000000036
2017-04-10 03:00:00,24.25,86.75,323.46805,304.5049,50.31805000000003,31.354900000000043
2017-04-10 03:00:00,24.25,87.0,323.59647,304.56314,50.44647000000003,31.41314
2017-04-10 03:00:00,24.25,87.25,323.4483,304.56787,50.29830000000004,31.41787000000005
2017-04-10 03:00:00,24.25,87.5,323.10483,305.02823,49.954830000000015,31.87823000000003
2017-04-10 03:00:00,24.25,87.75,323.3067,305.7435,50.1567,32.593500000000006
2017-04-10 03:00:00,24.25,88.0,323.71255,306.1456,50.562550000000044,32.995600000000024
2017-04-10 03:00:00,24.25,88.25,323.71255,306.1456,50.562550000000044,32.995600000000024
2017-04-10 03:00:00,24.25,88.5,323.7915,306.1718,50.64150000000001,33.02180000000004
2017-04-10 03:00:00,24.25,88.75,323.61423,305.90585,50.46423000000004,32.75585000000001
2017-04-10 03:00:00,24.25,89.0,323.3427,305.61026,50.1927,32.460260000000005
2017-04-10 03:00:00,24.25,89.25,323.73505,306.10712,50.585050000000024,32.95712000000003
2017-04-10 03:00:00,24.25,89.5,323.96085,306.50928,50.810850000000016,33.35928000000001
2017-04-10 03:00:00,24.25,89.75,323.61917,306.6285,50.46917000000002,33.4785
2017-04-10 03:00:00,24.25,90.0,324.5022,307.34525,51.35220000000004,34.195250000000044
2017-04-10 03:00:00,24.0,85.5,321.5043,301.54724,48.35430000000002,28.39724000000001
2017-04-10 03:00:00,24.0,85.75,321.89426,303.24924,48.74426,30.09924000000001
2017-04-10 03:00:00,24.0,86.0,321.89426,303.24924,48.74426,30.09924000000001
2017-04-10 03:00:00,24.0,86.25,322.35046,304.16785,49.20046000000002,31.01785000000001
2017-04-10 03:00:00,24.0,86.5,322.73157,304.42712,49.58157,31.277120000000025
2017-04-10 03:00:00,24.0,86.75,322.96216,304.75586,49.812160000000006,31.605860000000007
2017-04-10 03:00:00,24.0,87.0,323.66714,305.5594,50.51714000000004,32.409400000000005
2017-04-10 03:00:00,24.0,87.25,323.42047,305.84662,50.270470000000046,32.696619999999996
2017-04-10 03:00:00,24.0,87.5,323.7596,306.5675,50.6096,33.41750000000002
2017-04-10 03:00:00,24.0,87.75,324.44382,307.46494,51.29382000000004,34.314940000000036
2017-04-10 03:00:00,24.0,88.0,324.36993,307.4854,51.21993000000003,34.33540000000005
2017-04-10 03:00:00,24.0,88.25,324.36993,307.4854,51.21993000000003,34.33540000000005
2017-04-10 03:00:00,24.0,88.5,324.25806,307.1282,51.10806000000002,33.978200000000015
2017-04-10 03:00:00,24.0,88.75,324.59897,307.17508,51.44897000000003,34.02508
2017-04-10 03:00:00,24.0,89.0,324.473,307.1726,51.323000000000036,34.02260000000001
2017-04-10 03:00:00,24.0,89.25,324.11667,307.2017,50.96667000000002,34.05170000000004
2017-04-10 03:00:00,24.0,89.5,324.44388,307.23236,51.29388,34.08236000000005
2017-04-10 03:00:00,24.0,89.75,323.7567,306.77695,50.606700000000046,33.62695000000002
2017-04-10 03:00:00,24.0,90.0,323.81656,306.75058,50.666560000000004,33.600580000000036
2017-04-10 03:00:00,23.75,85.5,321.83636,303.44778,48.686360000000036,30.297780000000046
2017-04-10 03:00:00,23.75,85.75,321.0854,304.14917,47.935400000000016,30.99917000000005
2017-04-10 03:00:00,23.75,86.0,321.0854,304.14917,47.935400000000016,30.99917000000005
2017-04-10 03:00:00,23.75,86.25,322.60153,305.34943,49.45153000000005,32.19943000000001
2017-04-10 03:00:00,23.75,86.5,323.65833,306.1507,50.50833,33.000699999999995
2017-04-10 03:00:00,23.75,86.75,322.83282,306.03314,49.68282000000005,32.883140000000026
2017-04-10 03:00:00,23.75,87.0,323.0537,306.29608,49.903700000000015,33.14608000000004
2017-04-10 03:00:00,23.75,87.25,323.40637,306.71152,50.256370000000004,33.56152000000003
2017-04-10 03:00:00,23.75,87.5,324.28882,307.5469,51.13882000000001,34.39690000000002
2017-04-10 03:00:00,23.75,87.75,325.13773,308.2249,51.98773,35.074900000000014
2017-04-10 03:00:00,23.75,88.0,325.12766,308.38104,51.977660000000014,35.23104000000001
2017-04-10 03:00:00,23.75,88.25,325.12766,308.38104,51.977660000000014,35.23104000000001
2017-04-10 03:00:00,23.75,88.5,324.85364,308.37424,51.70364000000001,35.22424000000001
2017-04-10 03:00:00,23.75,88.75,324.8597,308.38193,51.7097,35.231930000000034
2017-04-10 03:00:00,23.75,89.0,324.8277,308.41986,51.677700000000016,35.26986000000005
2017-04-10 03:00:00,23.75,89.25,324.7656,308.23273,51.61560000000003,35.082730000000026
2017-04-10 03:00:00,23.75,89.5,324.6386,307.88785,51.48860000000002,34.73785000000004
2017-04-10 03:00:00,23.75,89.75,323.61945,307.08942,50.469449999999995,33.93942000000004
2017-04-10 03:00:00,23.75,90.0,321.69724,306.0102,48.547240000000045,32.86020000000002
2017-04-10 03:00:00,23.5,85.5,321.4172,303.39764,48.2672,30.247640000000047
2017-04-10 03:00:00,23.5,85.75,322.53204,305.22818,49.38204000000002,32.07818000000003
2017-04-10 03:00:00,23.5,86.0,322.53204,305.22818,49.38204000000002,32.07818000000003
2017-04-10 03:00:00,23.5,86.25,324.23483,306.26086,51.08483000000001,33.11086
2017-04-10 03:00:00,23.5,86.5,324.67267,306.78528,51.522670000000005,33.63528000000002
2017-04-10 03:00:00,23.5,86.75,324.02988,306.74127,50.879880000000014,33.59127000000001
2017-04-10 03:00:00,23.5,87.0,323.88605,307.04825,50.736050000000034,33.89825000000002
2017-04-10 03:00:00,23.5,87.25,323.94437,307.6007,50.794370000000015,34.45070000000004
2017-04-10 03:00:00,23.5,87.5,324.6408,308.5719,51.490800000000036,35.42190000000005
2017-04-10 03:00:00,23.5,87.75,325.3828,309.40372,52.2328,36.253720000000044
2017-04-10 03:00:00,23.5,88.0,325.5346,309.74292,52.384600000000034,36.59292000000005
2017-04-10 03:00:00,23.5,88.25,325.5346,309.74292,52.384600000000034,36.59292000000005
2017-04-10 03:00:00,23.5,88.5,325.36267,309.62915,52.21267,36.479150000000004
2017-04-10 03:00:00,23.5,88.75,325.07608,309.05682,51.92608000000001,35.90682000000004
2017-04-10 03:00:00,23.5,89.0,324.88507,308.49033,51.73507000000001,35.340329999999994
2017-04-10 03:00:00,23.5,89.25,325.0687,308.14954,51.9187,34.999540000000025
2017-04-10 03:00:00,23.5,89.5,324.7059,307.9069,51.55590000000001,34.75690000000003
2017-04-10 03:00:00,23.5,89.75,323.67517,307.37534,50.52517,34.22534000000002
2017-04-10 03:00:00,23.5,90.0,320.95117,306.38815,47.80117000000001,33.23815000000002
2017-04-10 03:00:00,23.25,85.5,323.1447,305.30826,49.99470000000002,32.15826000000004
2017-04-10 03:00:00,23.25,85.75,324.72064,306.88962,51.570640000000026,33.73962
2017-04-10 03:00:00,23.25,86.0,324.72064,306.88962,51.570640000000026,33.73962
2017-04-10 03:00:00,23.25,86.25,324.52036,306.83658,51.370360000000005,33.68658000000005
2017-04-10 03:00:00,23.25,86.5,324.83307,307.0569,51.68307000000004,33.90690000000001
2017-04-10 03:00:00,23.25,86.75,325.32062,307.74695,52.17062000000004,34.59695000000005
2017-04-10 03:00:00,23.25,87.0,325.70242,308.66345,52.55242000000004,35.513450000000034
2017-04-10 03:00:00,23.25,87.25,326.30444,309.86057,53.15444000000002,36.71057000000002
2017-04-10 03:00:00,23.25,87.5,326.56287,310.70288,53.41287,37.552880000000016
2017-04-10 03:00:00,23.25,87.75,326.30975,310.7548,53.15975000000003,37.60480000000001
2017-04-10 03:00:00,23.25,88.0,326.01788,310.4045,52.867880000000014,37.25450000000001
2017-04-10 03:00:00,23.25,88.25,326.01788,310.4045,52.867880000000014,37.25450000000001
2017-04-10 03:00:00,23.25,88.5,325.48337,309.90845,52.33337,36.75845000000004
2017-04-10 03:00:00,23.25,88.75,324.77103,309.34674,51.62103000000002,36.196740000000034
2017-04-10 03:00:00,23.25,89.0,324.92972,309.12637,51.77972,35.97637000000003
2017-04-10 03:00:00,23.25,89.25,325.0566,308.86243,51.906600000000026,35.71243000000004
2017-04-10 03:00:00,23.25,89.5,324.33646,308.5004,51.18646000000001,35.350400000000036
2017-04-10 03:00:00,23.25,89.75,322.48935,307.80038,49.339350000000024,34.65038000000004
2017-04-10 03:00:00,23.25,90.0,320.5285,307.09372,47.37850000000003,33.94372000000004
2017-04-10 03:00:00,23.0,85.5,323.62024,306.44528,50.47024000000005,33.29528000000005
2017-04-10 03:00:00,23.0,85.75,324.70886,307.79288,51.55886000000004,34.64288000000005
2017-04-10 03:00:00,23.0,86.0,324.70886,307.79288,51.55886000000004,34.64288000000005
2017-04-10 03:00:00,23.0,86.25,324.9964,308.31607,51.84640000000002,35.16607000000005
2017-04-10 03:00:00,23.0,86.5,324.99948,308.34695,51.84948000000003,35.196950000000015
2017-04-10 03:00:00,23.0,86.75,325.02225,308.83426,51.87225000000001,35.684259999999995
2017-04-10 03:00:00,23.0,87.0,326.2608,310.20306,53.11080000000004,37.053060000000016
2017-04-10 03:00:00,23.0,87.25,327.29715,311.34015,54.14715000000001,38.19015000000002
2017-04-10 03:00:00,23.0,87.5,327.58688,311.73804,54.43688000000003,38.588040000000035
2017-04-10 03:00:00,23.0,87.75,327.1441,311.53772,53.9941,38.38772
2017-04-10 03:00:00,23.0,88.0,326.2636,311.09448,53.11360000000002,37.94448
2017-04-10 03:00:00,23.0,88.25,326.2636,311.09448,53.11360000000002,37.94448
2017-04-10 03:00:00,23.0,88.5,325.14627,310.50943,51.99627000000004,37.35943000000003
2017-04-10 03:00:00,23.0,88.75,324.26013,309.81494,51.11013000000003,36.66494
2017-04-10 03:00:00,23.0,89.0,324.42737,309.3952,51.27737000000002,36.24520000000001
2017-04-10 03:00:00,23.0,89.25,324.34833,309.1042,51.19833,35.954200000000014
2017-04-10 03:00:00,23.0,89.5,322.8811,308.48523,49.731100000000026,35.335230000000024
2017-04-10 03:00:00,23.0,89.75,321.42636,308.10965,48.27636000000001,34.95965000000001
2017-04-10 03:00:00,23.0,90.0,319.55887,307.50232,46.408870000000036,34.35232000000002
2017-04-10 03:00:00,22.75,85.5,325.8263,308.7357,52.676300000000026,35.58570000000003
2017-04-10 03:00:00,22.75,85.75,327.7252,310.2802,54.575199999999995,37.1302
2017-04-10 03:00:00,22.75,86.0,327.7252,310.2802,54.575199999999995,37.1302
2017-04-10 03:00:00,22.75,86.25,327.44058,310.28082,54.290580000000034,37.13082000000003
2017-04-10 03:00:00,22.75,86.5,326.05707,309.96323,52.90707000000003,36.81323000000003
2017-04-10 03:00:00,22.75,86.75,326.90738,311.09573,53.75738000000001,37.945730000000026
2017-04-10 03:00:00,22.75,87.0,327.75894,312.13614,54.60894000000002,38.986140000000034
2017-04-10 03:00:00,22.75,87.25,327.5905,312.34018,54.44050000000004,39.19018
2017-04-10 03:00:00,22.75,87.5,325.8975,311.86642,52.7475,38.71642000000003
2017-04-10 03:00:00,22.75,87.75,324.79483,311.22342,51.64483000000001,38.07342
2017-04-10 03:00:00,22.75,88.0,324.00577,310.53156,50.85577000000001,37.381560000000036
2017-04-10 03:00:00,22.75,88.25,324.00577,310.53156,50.85577000000001,37.381560000000036
2017-04-10 03:00:00,22.75,88.5,323.586,309.89294,50.436000000000035,36.74294000000003
2017-04-10 03:00:00,22.75,88.75,323.08676,309.25076,49.93676000000005,36.10076000000004
2017-04-10 03:00:00,22.75,89.0,322.08054,308.64017,48.93054000000001,35.490170000000035
2017-04-10 03:00:00,22.75,89.25,321.019,308.17633,47.86900000000003,35.02633000000003
2017-04-10 03:00:00,22.75,89.5,320.81607,308.1432,47.66607000000005,34.9932
2017-04-10 03:00:00,22.75,89.75,321.38855,308.4679,48.23855000000003,35.31790000000001
2017-04-10 03:00:00,22.75,90.0,321.29608,308.35345,48.14608000000004,35.20345000000003
2017-04-10 03:00:00,22.5,85.5,325.8263,308.7357,52.676300000000026,35.58570000000003
2017-04-10 03:00:00,22.5,85.75,327.7252,310.2802,54.575199999999995,37.1302
2017-04-10 03:00:00,22.5,86.0,327.7252,310.2802,54.575199999999995,37.1302
2017-04-10 03:00:00,22.5,86.25,327.44058,310.28082,54.290580000000034,37.13082000000003
2017-04-10 03:00:00,22.5,86.5,326.05707,309.96323,52.90707000000003,36.81323000000003
2017-04-10 03:00:00,22.5,86.75,326.90738,311.09573,53.75738000000001,37.945730000000026
2017-04-10 03:00:00,22.5,87.0,327.75894,312.13614,54.60894000000002,38.986140000000034
2017-04-10 03:00:00,22.5,87.25,327.5905,312.34018,54.44050000000004,39.19018
2017-04-10 03:00:00,22.5,87.5,325.8975,311.86642,52.7475,38.71642000000003
2017-04-10 03:00:00,22.5,87.75,324.79483,311.22342,51.64483000000001,38.07342
2017-04-10 03:00:00,22.5,88.0,324.00577,310.53156,50.85577000000001,37.381560000000036
2017-04-10 03:00:00,22.5,88.25,324.00577,310.53156,50.85577000000001,37.381560000000036
2017-04-10 03:00:00,22.5,88.5,323.586,309.89294,50.436000000000035,36.74294000000003
2017-04-10 03:00:00,22.5,88.75,323.08676,309.25076,49.93676000000005,36.10076000000004
2017-04-10 03:00:00,22.5,89.0,322.08054,308.64017,48.93054000000001,35.490170000000035
2017-04-10 03:00:00,22.5,89.25,321.019,308.17633,47.86900000000003,35.02633000000003
2017-04-10 03:00:00,22.5,89.5,320.81607,308.1432,47.66607000000005,34.9932
2017-04-10 03:00:00,22.5,89.75,321.38855,308.4679,48.23855000000003,35.31790000000001
2017-04-10 03:00:00,22.5,90.0,321.29608,308.35345,48.14608000000004,35.20345000000003
2017-04-10 03:00:00,22.25,85.5,326.78885,309.5763,53.63885000000005,36.426300000000026
2017-04-10 03:00:00,22.25,85.75,327.70392,310.51248,54.553920000000005,37.362480000000005
2017-04-10 03:00:00,22.25,86.0,327.70392,310.51248,54.553920000000005,37.362480000000005
2017-04-10 03:00:00,22.25,86.25,327.54977,310.5617,54.399770000000046,37.411699999999996
2017-04-10 03:00:00,22.25,86.5,326.91,311.3211,53.76000000000005,38.171100000000024
2017-04-10 03:00:00,22.25,86.75,328.14554,312.38998,54.995540000000005,39.23998
2017-04-10 03:00:00,22.25,87.0,328.02768,312.77795,54.87768,39.62795
2017-04-10 03:00:00,22.25,87.25,326.60324,312.45386,53.45324000000005,39.30386000000004
2017-04-10 03:00:00,22.25,87.5,323.9419,311.60535,50.7919,38.45535000000001
2017-04-10 03:00:00,22.25,87.75,321.68826,310.3907,48.53826000000004,37.240700000000004
2017-04-10 03:00:00,22.25,88.0,322.48114,309.91507,49.331140000000005,36.76507000000004
2017-04-10 03:00:00,22.25,88.25,322.48114,309.91507,49.331140000000005,36.76507000000004
2017-04-10 03:00:00,22.25,88.5,324.12555,309.95963,50.97555,36.80963000000003
2017-04-10 03:00:00,22.25,88.75,323.61462,309.45,50.464620000000025,36.30000000000001
2017-04-10 03:00:00,22.25,89.0,321.4887,308.53226,48.33870000000002,35.38226000000003
2017-04-10 03:00:00,22.25,89.25,320.02502,308.1134,46.875020000000006,34.963400000000036
2017-04-10 03:00:00,22.25,89.5,320.37656,308.47858,47.226560000000006,35.328580000000045
2017-04-10 03:00:00,22.25,89.75,322.14923,309.09207,48.99923000000001,35.94207
2017-04-10 03:00:00,22.25,90.0,323.78094,309.22568,50.63094000000001,36.075680000000034
2017-04-10 03:00:00,22.0,85.5,325.50323,309.48773,52.353229999999996,36.33773000000002
2017-04-10 03:00:00,22.0,85.75,326.8944,310.40198,53.74440000000004,37.25198
2017-04-10 03:00:00,22.0,86.0,326.8944,310.40198,53.74440000000004,37.25198
2017-04-10 03:00:00,22.0,86.25,326.00406,308.87247,52.854060000000004,35.722470000000044
2017-04-10 03:00:00,22.0,86.5,326.24323,310.70404,53.093230000000005,37.55404000000004
2017-04-10 03:00:00,22.0,86.75,328.80203,313.00598,55.652030000000025,39.855980000000045
2017-04-10 03:00:00,22.0,87.0,328.5221,313.06387,55.372100000000046,39.91387000000003
2017-04-10 03:00:00,22.0,87.25,325.96265,312.18176,52.81265000000002,39.03176000000002
2017-04-10 03:00:00,22.0,87.5,322.64957,310.98553,49.499570000000006,37.835530000000006
2017-04-10 03:00:00,22.0,87.75,320.50345,309.43237,47.35345000000001,36.282370000000014
2017-04-10 03:00:00,22.0,88.0,321.49313,309.2224,48.34313000000003,36.072400000000016
2017-04-10 03:00:00,22.0,88.25,321.49313,309.2224,48.34313000000003,36.072400000000016
2017-04-10 03:00:00,22.0,88.5,322.97992,309.29065,49.829920000000016,36.14065000000005
2017-04-10 03:00:00,22.0,88.75,322.4139,308.68872,49.263900000000035,35.53872000000001
2017-04-10 03:00:00,22.0,89.0,320.73135,308.1543,47.58135000000004,35.0043
2017-04-10 03:00:00,22.0,89.25,319.782,307.97934,46.632000000000005,34.82934
2017-04-10 03:00:00,22.0,89.5,320.20328,308.00198,47.05328000000003,34.851980000000026
2017-04-10 03:00:00,22.0,89.75,322.04495,308.39993,48.894949999999994,35.249930000000006
2017-04-10 03:00:00,22.0,90.0,324.0749,308.77194,50.92490000000004,35.621939999999995
2017-04-10 03:00:00,21.75,85.5,325.66727,310.17673,52.517269999999996,37.02673000000004
2017-04-10 03:00:00,21.75,85.75,326.75446,310.64594,53.60446000000002,37.49594000000002
2017-04-10 03:00:00,21.75,86.0,326.75446,310.64594,53.60446000000002,37.49594000000002
2017-04-10 03:00:00,21.75,86.25,323.56784,308.6305,50.41784000000001,35.480500000000006
2017-04-10 03:00:00,21.75,86.5,324.67828,310.4258,51.528279999999995,37.275800000000004
2017-04-10 03:00:00,21.75,86.75,328.33557,312.89566,55.18557000000004,39.74566000000004
2017-04-10 03:00:00,21.75,87.0,328.19492,312.0851,55.04492000000005,38.935100000000034
2017-04-10 03:00:00,21.75,87.25,326.12555,310.8734,52.97555,37.72340000000003
2017-04-10 03:00:00,21.75,87.5,322.99185,309.54535,49.84185000000002,36.39535000000001
2017-04-10 03:00:00,21.75,87.75,318.71518,306.88596,45.56518,33.735960000000034
2017-04-10 03:00:00,21.75,88.0,319.61285,306.90607,46.46285,33.75607000000002
2017-04-10 03:00:00,21.75,88.25,319.61285,306.90607,46.46285,33.75607000000002
2017-04-10 03:00:00,21.75,88.5,319.9499,306.67047,46.79990000000004,33.520470000000046
2017-04-10 03:00:00,21.75,88.75,320.07483,306.6201,46.92483000000004,33.4701
2017-04-10 03:00:00,21.75,89.0,321.74518,307.7535,48.59518000000003,34.6035
2017-04-10 03:00:00,21.75,89.25,320.7571,307.21603,47.6071,34.06603000000001
2017-04-10 03:00:00,21.75,89.5,318.62936,305.37482,45.47936000000004,32.22482000000002
2017-04-10 03:00:00,21.75,89.75,319.19974,304.74496,46.04974000000004,31.594960000000015
2017-04-10 03:00:00,21.75,90.0,319.7769,304.83347,46.626900000000035,31.68347
2017-04-10 03:00:00,21.5,85.5,322.6847,309.0146,49.53470000000004,35.864599999999996
2017-04-10 03:00:00,21.5,85.75,324.62564,310.30136,51.47564,37.15136000000001
2017-04-10 03:00:00,21.5,86.0,324.62564,310.30136,51.47564,37.15136000000001
2017-04-10 03:00:00,21.5,86.25,324.4299,310.20242,51.2799,37.05242000000004
2017-04-10 03:00:00,21.5,86.5,325.64764,310.96317,52.49764000000005,37.813170000000014
2017-04-10 03:00:00,21.5,86.75,327.81754,311.71945,54.66754000000003,38.56945000000002
2017-04-10 03:00:00,21.5,87.0,323.05927,307.42,49.90927000000005,34.27000000000004
2017-04-10 03:00:00,21.5,87.25,321.04318,305.1313,47.89318000000003,31.981300000000033
2017-04-10 03:00:00,21.5,87.5,319.8537,304.47495,46.703700000000026,31.32495
2017-04-10 03:00:00,21.5,87.75,318.85757,303.91843,45.70757000000003,30.768430000000023
2017-04-10 03:00:00,21.5,88.0,318.3077,304.01587,45.157700000000034,30.86587000000003
2017-04-10 03:00:00,21.5,88.25,318.3077,304.01587,45.157700000000034,30.86587000000003
2017-04-10 03:00:00,21.5,88.5,318.1786,304.0015,45.02860000000004,30.851500000000044
2017-04-10 03:00:00,21.5,88.75,318.55362,303.99832,45.403620000000046,30.84832
2017-04-10 03:00:00,21.5,89.0,319.17816,304.2895,46.028160000000014,31.139499999999998
2017-04-10 03:00:00,21.5,89.25,319.38266,304.3925,46.23266000000001,31.242500000000007
2017-04-10 03:00:00,21.5,89.5,318.98676,304.25903,45.83676000000003,31.10903000000002
2017-04-10 03:00:00,21.5,89.75,318.57104,304.1954,45.421040000000005,31.04540000000003
2017-04-10 03:00:00,21.5,90.0,318.79807,304.58142,45.64807000000002,31.431420000000003
2017-04-10 03:00:00,21.25,85.5,322.0053,308.84222,48.8553,35.69222000000002
2017-04-10 03:00:00,21.25,85.75,323.0832,309.81747,49.9332,36.66747000000004
2017-04-10 03:00:00,21.25,86.0,323.0832,309.81747,49.9332,36.66747000000004
2017-04-10 03:00:00,21.25,86.25,324.1973,310.20953,51.04730000000001,37.059529999999995
2017-04-10 03:00:00,21.25,86.5,325.88638,310.343,52.73638,37.19300000000004
2017-04-10 03:00:00,21.25,86.75,324.69147,308.9253,51.541470000000004,35.775300000000016
2017-04-10 03:00:00,21.25,87.0,321.89267,305.81274,48.74267000000003,32.66274000000004
2017-04-10 03:00:00,21.25,87.25,320.91696,304.2775,47.76696000000004,31.127499999999998
2017-04-10 03:00:00,21.25,87.5,320.31653,303.96472,47.16653000000002,30.814720000000023
2017-04-10 03:00:00,21.25,87.75,319.64474,303.891,46.494740000000036,30.741000000000042
2017-04-10 03:00:00,21.25,88.0,319.02042,303.7546,45.870420000000024,30.604600000000005
2017-04-10 03:00:00,21.25,88.25,319.02042,303.7546,45.870420000000024,30.604600000000005
2017-04-10 03:00:00,21.25,88.5,318.5947,303.71143,45.44470000000001,30.56143000000003
2017-04-10 03:00:00,21.25,88.75,318.682,303.89984,45.53200000000004,30.749840000000006
2017-04-10 03:00:00,21.25,89.0,319.11835,303.9889,45.968350000000044,30.838900000000024
2017-04-10 03:00:00,21.25,89.25,319.20673,304.02716,46.056730000000016,30.877160000000003
2017-04-10 03:00:00,21.25,89.5,318.72122,304.2657,45.57122000000004,31.115700000000004
2017-04-10 03:00:00,21.25,89.75,318.21048,304.38174,45.06048000000004,31.231740000000002
2017-04-10 03:00:00,21.25,90.0,318.32486,304.53583,45.174860000000024,31.38583
2017-04-10 03:00:00,21.0,85.5,322.4878,309.6243,49.337800000000016,36.47430000000003
2017-04-10 03:00:00,21.0,85.75,322.98788,309.97864,49.83788000000004,36.82864000000001
2017-04-10 03:00:00,21.0,86.0,322.98788,309.97864,49.83788000000004,36.82864000000001
2017-04-10 03:00:00,21.0,86.25,323.90433,309.71375,50.75433000000004,36.56375000000003
2017-04-10 03:00:00,21.0,86.5,324.2436,309.3756,51.09360000000004,36.22560000000004
2017-04-10 03:00:00,21.0,86.75,326.18317,308.96524,53.03317000000004,35.81524000000002
2017-04-10 03:00:00,21.0,87.0,321.76047,305.9928,48.61047000000002,32.84280000000001
2017-04-10 03:00:00,21.0,87.25,320.4701,304.18597,47.320100000000025,31.03597000000002
2017-04-10 03:00:00,21.0,87.5,320.19928,303.5622,47.04928000000001,30.41220000000004
2017-04-10 03:00:00,21.0,87.75,319.9316,303.44925,46.781600000000026,30.29925000000003
2017-04-10 03:00:00,21.0,88.0,319.70465,303.49548,46.55465000000004,30.34548000000001
2017-04-10 03:00:00,21.0,88.25,319.70465,303.49548,46.55465000000004,30.34548000000001
2017-04-10 03:00:00,21.0,88.5,319.46335,303.62933,46.313350000000014,30.479330000000004
2017-04-10 03:00:00,21.0,88.75,319.1167,303.8435,45.9667,30.69350000000003
2017-04-10 03:00:00,21.0,89.0,318.72098,304.03946,45.57098000000002,30.889460000000042
2017-04-10 03:00:00,21.0,89.25,318.381,304.08145,45.230999999999995,30.93145000000004
2017-04-10 03:00:00,21.0,89.5,318.1441,303.9901,44.9941,30.840100000000007
2017-04-10 03:00:00,21.0,89.75,318.09256,303.98035,44.942560000000014,30.83035000000001
2017-04-10 03:00:00,21.0,90.0,318.32257,304.1796,45.17257000000001,31.029600000000016
2017-04-10 04:00:00,27.5,85.5,320.7636,301.90555,47.61360000000002,28.755550000000028
2017-04-10 04:00:00,27.5,85.75,319.90698,302.40897,46.75698,29.258970000000033
2017-04-10 04:00:00,27.5,86.0,319.90698,302.40897,46.75698,29.258970000000033
2017-04-10 04:00:00,27.5,86.25,319.22763,300.82782,46.07763,27.677819999999997
2017-04-10 04:00:00,27.5,86.5,316.4346,297.56058,43.28460000000001,24.41058000000004
2017-04-10 04:00:00,27.5,86.75,314.18234,295.74136,41.03234000000003,22.59136000000001
2017-04-10 04:00:00,27.5,87.0,312.80035,296.38965,39.65035,23.23965000000004
2017-04-10 04:00:00,27.5,87.25,313.05954,297.9745,39.90954000000005,24.8245
2017-04-10 04:00:00,27.5,87.5,312.7899,297.9853,39.63990000000001,24.835300000000018
2017-04-10 04:00:00,27.5,87.75,310.47177,294.4693,37.321770000000015,21.3193
2017-04-10 04:00:00,27.5,88.0,308.66638,292.04544,35.51638000000003,18.895440000000008
2017-04-10 04:00:00,27.5,88.25,308.66638,292.04544,35.51638000000003,18.895440000000008
2017-04-10 04:00:00,27.5,88.5,308.97247,293.56348,35.82247000000001,20.41348000000005
2017-04-10 04:00:00,27.5,88.75,309.45462,292.8693,36.30462,19.719300000000032
2017-04-10 04:00:00,27.5,89.0,309.0073,287.30228,35.85730000000001,14.152280000000019
2017-04-10 04:00:00,27.5,89.25,307.863,284.3794,34.71300000000002,11.229399999999998
2017-04-10 04:00:00,27.5,89.5,307.8266,287.6086,34.67660000000001,14.458600000000047
2017-04-10 04:00:00,27.5,89.75,305.59784,290.28357,32.44784000000004,17.13357000000002
2017-04-10 04:00:00,27.5,90.0,307.64908,294.5584,34.49908000000005,21.40840000000003
2017-04-10 04:00:00,27.25,85.5,325.588,306.49078,52.438000000000045,33.340779999999995
2017-04-10 04:00:00,27.25,85.75,323.94943,305.58072,50.79943000000003,32.43072000000001
2017-04-10 04:00:00,27.25,86.0,323.94943,305.58072,50.79943000000003,32.43072000000001
2017-04-10 04:00:00,27.25,86.25,323.0522,304.4031,49.90220000000005,31.253100000000018
2017-04-10 04:00:00,27.25,86.5,320.6703,302.7531,47.52030000000002,29.60310000000004
2017-04-10 04:00:00,27.25,86.75,319.982,302.33923,46.83200000000005,29.18923000000001
2017-04-10 04:00:00,27.25,87.0,319.0531,301.93735,45.903099999999995,28.787350000000004
2017-04-10 04:00:00,27.25,87.25,318.63776,302.09882,45.48776000000004,28.948820000000012
2017-04-10 04:00:00,27.25,87.5,318.75885,301.57974,45.60885000000002,28.429740000000038
2017-04-10 04:00:00,27.25,87.75,317.28064,299.17145,44.13064000000003,26.021450000000016
2017-04-10 04:00:00,27.25,88.0,316.24908,298.18005,43.099080000000015,25.030050000000017
2017-04-10 04:00:00,27.25,88.25,316.24908,298.18005,43.099080000000015,25.030050000000017
2017-04-10 04:00:00,27.25,88.5,317.74832,300.43704,44.59832,27.287040000000047
2017-04-10 04:00:00,27.25,88.75,318.52148,301.25452,45.37148000000002,28.104520000000036
2017-04-10 04:00:00,27.25,89.0,316.51328,298.03918,43.36328000000003,24.88918000000001
2017-04-10 04:00:00,27.25,89.25,313.54276,295.1208,40.39276000000001,21.970799999999997
2017-04-10 04:00:00,27.25,89.5,310.5211,292.39783,37.37110000000001,19.24783000000002
2017-04-10 04:00:00,27.25,89.75,306.55408,291.07977,33.40408000000002,17.92977000000002
2017-04-10 04:00:00,27.25,90.0,306.8228,295.17987,33.672799999999995,22.029870000000017
2017-04-10 04:00:00,27.0,85.5,325.588,306.49078,52.438000000000045,33.340779999999995
2017-04-10 04:00:00,27.0,85.75,323.94943,305.58072,50.79943000000003,32.43072000000001
2017-04-10 04:00:00,27.0,86.0,323.94943,305.58072,50.79943000000003,32.43072000000001
2017-04-10 04:00:00,27.0,86.25,323.0522,304.4031,49.90220000000005,31.253100000000018
2017-04-10 04:00:00,27.0,86.5,320.6703,302.7531,47.52030000000002,29.60310000000004
2017-04-10 04:00:00,27.0,86.75,319.982,302.33923,46.83200000000005,29.18923000000001
2017-04-10 04:00:00,27.0,87.0,319.0531,301.93735,45.903099999999995,28.787350000000004
2017-04-10 04:00:00,27.0,87.25,318.63776,302.09882,45.48776000000004,28.948820000000012
2017-04-10 04:00:00,27.0,87.5,318.75885,301.57974,45.60885000000002,28.429740000000038
2017-04-10 04:00:00,27.0,87.75,317.28064,299.17145,44.13064000000003,26.021450000000016
2017-04-10 04:00:00,27.0,88.0,316.24908,298.18005,43.099080000000015,25.030050000000017
2017-04-10 04:00:00,27.0,88.25,316.24908,298.18005,43.099080000000015,25.030050000000017
2017-04-10 04:00:00,27.0,88.5,317.74832,300.43704,44.59832,27.287040000000047
2017-04-10 04:00:00,27.0,88.75,318.52148,301.25452,45.37148000000002,28.104520000000036
2017-04-10 04:00:00,27.0,89.0,316.51328,298.03918,43.36328000000003,24.88918000000001
2017-04-10 04:00:00,27.0,89.25,313.54276,295.1208,40.39276000000001,21.970799999999997
2017-04-10 04:00:00,27.0,89.5,310.5211,292.39783,37.37110000000001,19.24783000000002
2017-04-10 04:00:00,27.0,89.75,306.55408,291.07977,33.40408000000002,17.92977000000002
2017-04-10 04:00:00,27.0,90.0,306.8228,295.17987,33.672799999999995,22.029870000000017
2017-04-10 04:00:00,26.75,85.5,326.4399,305.95154,53.289900000000046,32.801540000000045
2017-04-10 04:00:00,26.75,85.75,327.71475,306.6831,54.564750000000004,33.53310000000005
2017-04-10 04:00:00,26.75,86.0,327.71475,306.6831,54.564750000000004,33.53310000000005
2017-04-10 04:00:00,26.75,86.25,327.68814,306.68213,54.53814,33.532129999999995
2017-04-10 04:00:00,26.75,86.5,326.89694,306.72525,53.746939999999995,33.57525000000004
2017-04-10 04:00:00,26.75,86.75,324.80334,306.1036,51.653340000000014,32.953599999999994
2017-04-10 04:00:00,26.75,87.0,323.08194,304.9355,49.93194,31.785500000000013
2017-04-10 04:00:00,26.75,87.25,322.07864,304.01498,48.92864000000003,30.864980000000003
2017-04-10 04:00:00,26.75,87.5,321.66867,303.44653,48.51867000000004,30.29653000000002
2017-04-10 04:00:00,26.75,87.75,321.09464,303.0424,47.94464000000005,29.89240000000001
2017-04-10 04:00:00,26.75,88.0,320.8973,303.21155,47.747299999999996,30.06155000000001
2017-04-10 04:00:00,26.75,88.25,320.8973,303.21155,47.747299999999996,30.06155000000001
2017-04-10 04:00:00,26.75,88.5,322.12524,304.58716,48.97524000000004,31.437160000000006
2017-04-10 04:00:00,26.75,88.75,323.8109,306.11737,50.66090000000003,32.96737000000002
2017-04-10 04:00:00,26.75,89.0,323.9611,305.66232,50.81110000000001,32.512320000000045
2017-04-10 04:00:00,26.75,89.25,322.16925,304.0276,49.01925,30.87760000000003
2017-04-10 04:00:00,26.75,89.5,319.44403,302.53378,46.29403000000002,29.38378
2017-04-10 04:00:00,26.75,89.75,313.4678,299.53336,40.317800000000034,26.38336000000004
2017-04-10 04:00:00,26.75,90.0,312.51205,301.1239,39.36205000000001,27.973900000000015
2017-04-10 04:00:00,26.5,85.5,327.70996,306.38522,54.559960000000046,33.23522000000003
2017-04-10 04:00:00,26.5,85.75,327.33655,306.278,54.18655000000001,33.12800000000004
2017-04-10 04:00:00,26.5,86.0,327.33655,306.278,54.18655000000001,33.12800000000004
2017-04-10 04:00:00,26.5,86.25,327.05515,306.06763,53.90515000000005,32.91763000000003
2017-04-10 04:00:00,26.5,86.5,327.456,305.84964,54.30600000000004,32.699640000000045
2017-04-10 04:00:00,26.5,86.75,326.9437,305.62128,53.7937,32.471280000000036
2017-04-10 04:00:00,26.5,87.0,325.40155,305.3573,52.25155000000001,32.20730000000003
2017-04-10 04:00:00,26.5,87.25,326.2985,306.23914,53.14850000000001,33.08914000000004
2017-04-10 04:00:00,26.5,87.5,327.17755,307.2411,54.02755000000002,34.09110000000004
2017-04-10 04:00:00,26.5,87.75,326.4675,307.40976,53.317499999999995,34.25976000000003
2017-04-10 04:00:00,26.5,88.0,325.91138,307.3905,52.76138000000003,34.2405
2017-04-10 04:00:00,26.5,88.25,325.91138,307.3905,52.76138000000003,34.2405
2017-04-10 04:00:00,26.5,88.5,326.26367,307.72018,53.11367000000001,34.57018000000005
2017-04-10 04:00:00,26.5,88.75,326.37018,307.53775,53.22018000000003,34.38775000000004
2017-04-10 04:00:00,26.5,89.0,325.40973,306.05035,52.25973000000005,32.90035
2017-04-10 04:00:00,26.5,89.25,323.81934,304.71857,50.669340000000034,31.568570000000022
2017-04-10 04:00:00,26.5,89.5,323.6922,305.65515,50.54220000000004,32.505150000000015
2017-04-10 04:00:00,26.5,89.75,321.8215,305.10797,48.67150000000004,31.957970000000046
2017-04-10 04:00:00,26.5,90.0,322.07715,306.24258,48.92715000000004,33.09258
2017-04-10 04:00:00,26.25,85.5,326.98444,306.0811,53.83444000000003,32.931100000000015
2017-04-10 04:00:00,26.25,85.75,326.99796,305.99228,53.84796,32.84228000000002
2017-04-10 04:00:00,26.25,86.0,326.99796,305.99228,53.84796,32.84228000000002
2017-04-10 04:00:00,26.25,86.25,326.92502,305.96844,53.77502000000004,32.81844000000001
2017-04-10 04:00:00,26.25,86.5,326.37024,305.55914,53.22024000000005,32.409140000000036
2017-04-10 04:00:00,26.25,86.75,325.87982,305.4007,52.72982000000002,32.250699999999995
2017-04-10 04:00:00,26.25,87.0,325.34586,305.03937,52.19586000000004,31.889370000000042
2017-04-10 04:00:00,26.25,87.25,325.56232,304.94424,52.41232000000002,31.794240000000002
2017-04-10 04:00:00,26.25,87.5,326.04825,305.1679,52.89825000000002,32.0179
2017-04-10 04:00:00,26.25,87.75,326.09445,305.24603,52.94445000000002,32.09603000000004
2017-04-10 04:00:00,26.25,88.0,325.81412,305.31122,52.664120000000025,32.161220000000014
2017-04-10 04:00:00,26.25,88.25,325.81412,305.31122,52.664120000000025,32.161220000000014
2017-04-10 04:00:00,26.25,88.5,325.38602,305.76425,52.236019999999996,32.61425000000003
2017-04-10 04:00:00,26.25,88.75,324.8072,306.08136,51.657200000000046,32.93136000000004
2017-04-10 04:00:00,26.25,89.0,324.31537,305.4296,51.165369999999996,32.279600000000016
2017-04-10 04:00:00,26.25,89.25,323.7647,304.41373,50.61470000000003,31.26373000000001
2017-04-10 04:00:00,26.25,89.5,323.2834,304.22852,50.133399999999995,31.078520000000026
2017-04-10 04:00:00,26.25,89.75,323.72128,304.94092,50.57128,31.79092000000003
2017-04-10 04:00:00,26.25,90.0,324.18372,305.36685,51.03372000000002,32.21685000000002
2017-04-10 04:00:00,26.0,85.5,326.71472,305.95422,53.56472000000002,32.80422000000004
2017-04-10 04:00:00,26.0,85.75,327.198,306.42184,54.048,33.27184
2017-04-10 04:00:00,26.0,86.0,327.198,306.42184,54.048,33.27184
2017-04-10 04:00:00,26.0,86.25,327.08456,306.3332,53.93456000000003,33.1832
2017-04-10 04:00:00,26.0,86.5,325.88937,305.77737,52.73937000000001,32.62737000000004
2017-04-10 04:00:00,26.0,86.75,326.1223,305.57547,52.97230000000002,32.42547000000002
2017-04-10 04:00:00,26.0,87.0,325.44238,305.12827,52.29238000000004,31.97827000000001
2017-04-10 04:00:00,26.0,87.25,325.48395,304.97546,52.333950000000016,31.82546000000002
2017-04-10 04:00:00,26.0,87.5,326.18118,305.13678,53.031180000000006,31.98678000000001
2017-04-10 04:00:00,26.0,87.75,326.44766,305.3267,53.29766000000001,32.17670000000004
2017-04-10 04:00:00,26.0,88.0,326.26025,305.505,53.11025000000001,32.35500000000002
2017-04-10 04:00:00,26.0,88.25,326.26025,305.505,53.11025000000001,32.35500000000002
2017-04-10 04:00:00,26.0,88.5,325.7732,305.50284,52.6232,32.352840000000015
2017-04-10 04:00:00,26.0,88.75,325.11337,305.22552,51.96337,32.07552000000004
2017-04-10 04:00:00,26.0,89.0,324.66367,304.86322,51.51367000000005,31.713220000000035
2017-04-10 04:00:00,26.0,89.25,323.85464,304.08173,50.70464000000004,30.931730000000016
2017-04-10 04:00:00,26.0,89.5,323.74826,303.40128,50.59826000000004,30.25128000000001
2017-04-10 04:00:00,26.0,89.75,323.78528,303.12442,50.63528000000002,29.97442000000001
2017-04-10 04:00:00,26.0,90.0,324.07715,303.4977,50.92715000000004,30.34770000000003
2017-04-10 04:00:00,25.75,85.5,325.6895,305.75546,52.53950000000003,32.60546000000005
2017-04-10 04:00:00,25.75,85.75,326.43307,305.97415,53.28307000000001,32.82415000000003
2017-04-10 04:00:00,25.75,86.0,326.43307,305.97415,53.28307000000001,32.82415000000003
2017-04-10 04:00:00,25.75,86.25,326.72946,306.24606,53.57946000000004,33.09606000000002
2017-04-10 04:00:00,25.75,86.5,326.5258,306.10364,53.37580000000003,32.95364000000001
2017-04-10 04:00:00,25.75,86.75,326.61264,306.0942,53.46264000000002,32.94420000000002
2017-04-10 04:00:00,25.75,87.0,326.0818,305.73767,52.93180000000001,32.58767
2017-04-10 04:00:00,25.75,87.25,325.82834,305.44998,52.67834000000005,32.299980000000005
2017-04-10 04:00:00,25.75,87.5,325.6788,305.27057,52.52880000000005,32.12057000000004
2017-04-10 04:00:00,25.75,87.75,325.7254,305.37854,52.5754,32.22854000000001
2017-04-10 04:00:00,25.75,88.0,325.80475,305.7113,52.654750000000035,32.56130000000002
2017-04-10 04:00:00,25.75,88.25,325.80475,305.7113,52.654750000000035,32.56130000000002
2017-04-10 04:00:00,25.75,88.5,325.44858,305.83853,52.298580000000015,32.688530000000014
2017-04-10 04:00:00,25.75,88.75,324.6922,305.4804,51.54220000000004,32.3304
2017-04-10 04:00:00,25.75,89.0,323.82687,304.67706,50.67687000000001,31.527060000000006
2017-04-10 04:00:00,25.75,89.25,323.5101,304.00986,50.360100000000045,30.859860000000026
2017-04-10 04:00:00,25.75,89.5,323.3582,303.92773,50.20820000000003,30.77773000000002
2017-04-10 04:00:00,25.75,89.75,323.5337,303.89227,50.38370000000003,30.74227000000002
2017-04-10 04:00:00,25.75,90.0,324.38406,303.93314,51.23406,30.783140000000003
2017-04-10 04:00:00,25.5,85.5,326.12625,305.7816,52.97625000000005,32.63160000000005
2017-04-10 04:00:00,25.5,85.75,325.5119,305.46753,52.36190000000005,32.31753000000003
2017-04-10 04:00:00,25.5,86.0,325.5119,305.46753,52.36190000000005,32.31753000000003
2017-04-10 04:00:00,25.5,86.25,326.1167,305.5696,52.9667,32.4196
2017-04-10 04:00:00,25.5,86.5,326.1871,305.60757,53.03710000000001,32.45757000000003
2017-04-10 04:00:00,25.5,86.75,326.31546,305.9475,53.165459999999996,32.797500000000014
2017-04-10 04:00:00,25.5,87.0,326.0928,306.0295,52.942800000000034,32.87950000000001
2017-04-10 04:00:00,25.5,87.25,325.58694,305.80325,52.43694000000005,32.653250000000014
2017-04-10 04:00:00,25.5,87.5,325.4091,305.91833,52.259100000000046,32.76833000000005
2017-04-10 04:00:00,25.5,87.75,326.00803,306.56418,52.85803000000004,33.414180000000044
2017-04-10 04:00:00,25.5,88.0,326.20523,306.73148,53.055229999999995,33.58148
2017-04-10 04:00:00,25.5,88.25,326.20523,306.73148,53.055229999999995,33.58148
2017-04-10 04:00:00,25.5,88.5,325.6787,306.12408,52.528700000000015,32.974080000000015
2017-04-10 04:00:00,25.5,88.75,325.43076,305.65372,52.28076000000004,32.503720000000044
2017-04-10 04:00:00,25.5,89.0,324.91382,305.38834,51.76382000000001,32.23834000000005
2017-04-10 04:00:00,25.5,89.25,324.23608,305.08597,51.08608000000004,31.935969999999998
2017-04-10 04:00:00,25.5,89.5,323.88217,305.00183,50.732169999999996,31.851830000000007
2017-04-10 04:00:00,25.5,89.75,323.68753,305.296,50.537530000000004,32.146000000000015
2017-04-10 04:00:00,25.5,90.0,324.94104,306.0333,51.79104000000001,32.88330000000002
2017-04-10 04:00:00,25.25,85.5,326.61014,305.7676,53.460140000000024,32.61760000000004
2017-04-10 04:00:00,25.25,85.75,326.4775,305.63925,53.32750000000004,32.48925000000003
2017-04-10 04:00:00,25.25,86.0,326.4775,305.63925,53.32750000000004,32.48925000000003
2017-04-10 04:00:00,25.25,86.25,326.37592,305.44458,53.22592000000003,32.294579999999996
2017-04-10 04:00:00,25.25,86.5,325.8618,305.4674,52.71180000000004,32.31740000000002
2017-04-10 04:00:00,25.25,86.75,326.17355,305.95886,53.02355,32.80886000000004
2017-04-10 04:00:00,25.25,87.0,326.42755,306.5883,53.27755000000002,33.43830000000003
2017-04-10 04:00:00,25.25,87.25,326.87552,306.8947,53.72552000000002,33.74470000000002
2017-04-10 04:00:00,25.25,87.5,325.98035,306.4915,52.83035000000001,33.341499999999996
2017-04-10 04:00:00,25.25,87.75,324.96674,306.24152,51.81674000000004,33.09152
2017-04-10 04:00:00,25.25,88.0,325.4719,306.37,52.32190000000003,33.22000000000003
2017-04-10 04:00:00,25.25,88.25,325.4719,306.37,52.32190000000003,33.22000000000003
2017-04-10 04:00:00,25.25,88.5,326.14575,306.34238,52.995750000000044,33.192380000000014
2017-04-10 04:00:00,25.25,88.75,325.77652,306.27264,52.62652000000003,33.12264000000005
2017-04-10 04:00:00,25.25,89.0,325.28006,306.30814,52.130060000000014,33.15814
2017-04-10 04:00:00,25.25,89.25,324.6095,306.22348,51.45950000000005,33.07348000000002
2017-04-10 04:00:00,25.25,89.5,324.49203,306.05487,51.34203000000002,32.90487000000002
2017-04-10 04:00:00,25.25,89.75,324.3735,306.398,51.2235,33.24800000000005
2017-04-10 04:00:00,25.25,90.0,325.8689,308.47385,52.71890000000002,35.32385000000005
2017-04-10 04:00:00,25.0,85.5,327.4904,306.07352,54.340400000000045,32.923519999999996
2017-04-10 04:00:00,25.0,85.75,326.3828,305.63678,53.2328,32.48678000000001
2017-04-10 04:00:00,25.0,86.0,326.3828,305.63678,53.2328,32.48678000000001
2017-04-10 04:00:00,25.0,86.25,326.1825,305.33936,53.03250000000003,32.18936000000002
2017-04-10 04:00:00,25.0,86.5,327.1522,305.78583,54.002200000000016,32.63583
2017-04-10 04:00:00,25.0,86.75,326.88177,306.24823,53.73177000000004,33.09823
2017-04-10 04:00:00,25.0,87.0,326.9381,306.8311,53.78810000000004,33.681100000000015
2017-04-10 04:00:00,25.0,87.25,326.79373,306.97437,53.643730000000005,33.824370000000044
2017-04-10 04:00:00,25.0,87.5,326.091,306.81976,52.94100000000003,33.66976
2017-04-10 04:00:00,25.0,87.75,325.37094,306.78384,52.22094000000004,33.63384000000002
2017-04-10 04:00:00,25.0,88.0,325.46448,306.96866,52.31448,33.81866000000002
2017-04-10 04:00:00,25.0,88.25,325.46448,306.96866,52.31448,33.81866000000002
2017-04-10 04:00:00,25.0,88.5,326.2745,307.21414,53.12450000000001,34.06414000000001
2017-04-10 04:00:00,25.0,88.75,326.63257,307.4504,53.48257000000001,34.300400000000025
2017-04-10 04:00:00,25.0,89.0,326.11035,307.56784,52.960350000000005,34.41784000000001
2017-04-10 04:00:00,25.0,89.25,325.60632,307.11703,52.456320000000005,33.96703000000002
2017-04-10 04:00:00,25.0,89.5,325.18524,306.80148,52.035240000000044,33.65148000000005
2017-04-10 04:00:00,25.0,89.75,324.9951,306.82782,51.8451,33.67782
2017-04-10 04:00:00,25.0,90.0,326.5207,308.34625,53.3707,35.19625000000002
2017-04-10 04:00:00,24.75,85.5,327.4904,306.07352,54.340400000000045,32.923519999999996
2017-04-10 04:00:00,24.75,85.75,326.3828,305.63678,53.2328,32.48678000000001
2017-04-10 04:00:00,24.75,86.0,326.3828,305.63678,53.2328,32.48678000000001
2017-04-10 04:00:00,24.75,86.25,326.1825,305.33936,53.03250000000003,32.18936000000002
2017-04-10 04:00:00,24.75,86.5,327.1522,305.78583,54.002200000000016,32.63583
2017-04-10 04:00:00,24.75,86.75,326.88177,306.24823,53.73177000000004,33.09823
2017-04-10 04:00:00,24.75,87.0,326.9381,306.8311,53.78810000000004,33.681100000000015
2017-04-10 04:00:00,24.75,87.25,326.79373,306.97437,53.643730000000005,33.824370000000044
2017-04-10 04:00:00,24.75,87.5,326.091,306.81976,52.94100000000003,33.66976
2017-04-10 04:00:00,24.75,87.75,325.37094,306.78384,52.22094000000004,33.63384000000002
2017-04-10 04:00:00,24.75,88.0,325.46448,306.96866,52.31448,33.81866000000002
2017-04-10 04:00:00,24.75,88.25,325.46448,306.96866,52.31448,33.81866000000002
2017-04-10 04:00:00,24.75,88.5,326.2745,307.21414,53.12450000000001,34.06414000000001
2017-04-10 04:00:00,24.75,88.75,326.63257,307.4504,53.48257000000001,34.300400000000025
2017-04-10 04:00:00,24.75,89.0,326.11035,307.56784,52.960350000000005,34.41784000000001
2017-04-10 04:00:00,24.75,89.25,325.60632,307.11703,52.456320000000005,33.96703000000002
2017-04-10 04:00:00,24.75,89.5,325.18524,306.80148,52.035240000000044,33.65148000000005
2017-04-10 04:00:00,24.75,89.75,324.9951,306.82782,51.8451,33.67782
2017-04-10 04:00:00,24.75,90.0,326.5207,308.34625,53.3707,35.19625000000002
2017-04-10 04:00:00,24.5,85.5,325.23166,304.67056,52.08166,31.520560000000046
2017-04-10 04:00:00,24.5,85.75,326.40054,305.2282,53.25054,32.07820000000004
2017-04-10 04:00:00,24.5,86.0,326.40054,305.2282,53.25054,32.07820000000004
2017-04-10 04:00:00,24.5,86.25,326.50922,305.1398,53.35922000000005,31.989800000000002
2017-04-10 04:00:00,24.5,86.5,327.18164,305.80737,54.03164000000004,32.657370000000014
2017-04-10 04:00:00,24.5,86.75,327.30923,306.40848,54.159230000000036,33.25848000000002
2017-04-10 04:00:00,24.5,87.0,327.30273,306.8638,54.15273000000002,33.71380000000005
2017-04-10 04:00:00,24.5,87.25,326.78098,306.70566,53.63098000000002,33.555660000000046
2017-04-10 04:00:00,24.5,87.5,325.89862,306.5371,52.74862000000002,33.38710000000003
2017-04-10 04:00:00,24.5,87.75,325.73077,307.0473,52.58077000000003,33.89730000000003
2017-04-10 04:00:00,24.5,88.0,326.04575,307.7003,52.89575000000002,34.55030000000005
2017-04-10 04:00:00,24.5,88.25,326.04575,307.7003,52.89575000000002,34.55030000000005
2017-04-10 04:00:00,24.5,88.5,326.3967,307.96594,53.24670000000003,34.81594000000001
2017-04-10 04:00:00,24.5,88.75,326.55927,307.98892,53.40927000000005,34.83892000000003
2017-04-10 04:00:00,24.5,89.0,325.74042,307.64508,52.590419999999995,34.49508000000003
2017-04-10 04:00:00,24.5,89.25,325.56555,307.2561,52.415549999999996,34.106100000000026
2017-04-10 04:00:00,24.5,89.5,325.8053,307.2688,52.65530000000001,34.11880000000002
2017-04-10 04:00:00,24.5,89.75,325.5574,307.2982,52.407399999999996,34.14820000000003
2017-04-10 04:00:00,24.5,90.0,327.0661,308.3484,53.91610000000003,35.19840000000005
2017-04-10 04:00:00,24.25,85.5,325.82022,303.94397,52.67022000000003,30.79397
2017-04-10 04:00:00,24.25,85.75,326.9011,304.75015,53.75110000000001,31.600150000000042
2017-04-10 04:00:00,24.25,86.0,326.9011,304.75015,53.75110000000001,31.600150000000042
2017-04-10 04:00:00,24.25,86.25,327.86893,305.751,54.71893,32.601
2017-04-10 04:00:00,24.25,86.5,327.97592,306.56006,54.825919999999996,33.410060000000044
2017-04-10 04:00:00,24.25,86.75,327.46432,307.02365,54.31432000000001,33.87365
2017-04-10 04:00:00,24.25,87.0,327.52505,307.25793,54.375050000000044,34.10793000000001
2017-04-10 04:00:00,24.25,87.25,327.1249,307.23135,53.97490000000005,34.08135000000004
2017-04-10 04:00:00,24.25,87.5,326.6147,307.62372,53.46470000000005,34.473720000000014
2017-04-10 04:00:00,24.25,87.75,326.89038,308.31458,53.740380000000016,35.16458
2017-04-10 04:00:00,24.25,88.0,327.30655,308.81357,54.15655000000004,35.66357000000005
2017-04-10 04:00:00,24.25,88.25,327.30655,308.81357,54.15655000000004,35.66357000000005
2017-04-10 04:00:00,24.25,88.5,327.0922,308.9199,53.942200000000014,35.76990000000001
2017-04-10 04:00:00,24.25,88.75,326.41797,308.47388,53.26797000000005,35.32388000000003
2017-04-10 04:00:00,24.25,89.0,325.73615,307.85242,52.58615000000003,34.70242000000002
2017-04-10 04:00:00,24.25,89.25,326.17096,307.95932,53.02096,34.809320000000014
2017-04-10 04:00:00,24.25,89.5,326.51144,308.09366,53.361440000000016,34.94366000000002
2017-04-10 04:00:00,24.25,89.75,326.2168,308.14008,53.0668,34.990080000000034
2017-04-10 04:00:00,24.25,90.0,327.68625,308.9822,54.536249999999995,35.8322
2017-04-10 04:00:00,24.0,85.5,325.11606,303.18704,51.96606000000003,30.037040000000047
2017-04-10 04:00:00,24.0,85.75,325.70786,304.974,52.557860000000005,31.824000000000012
2017-04-10 04:00:00,24.0,86.0,325.70786,304.974,52.557860000000005,31.824000000000012
2017-04-10 04:00:00,24.0,86.25,326.25058,306.17758,53.100580000000036,33.02758
2017-04-10 04:00:00,24.0,86.5,326.66443,306.73993,53.514430000000004,33.58993000000004
2017-04-10 04:00:00,24.0,86.75,326.7767,307.17444,53.62670000000003,34.02444000000003
2017-04-10 04:00:00,24.0,87.0,327.47324,307.9548,54.32324,34.8048
2017-04-10 04:00:00,24.0,87.25,327.01505,308.13052,53.86505,34.98052000000001
2017-04-10 04:00:00,24.0,87.5,327.37283,308.90118,54.222830000000044,35.75118000000003
2017-04-10 04:00:00,24.0,87.75,328.21585,310.00037,55.06585000000001,36.85037
2017-04-10 04:00:00,24.0,88.0,327.9679,310.1376,54.81790000000001,36.98760000000004
2017-04-10 04:00:00,24.0,88.25,327.9679,310.1376,54.81790000000001,36.98760000000004
2017-04-10 04:00:00,24.0,88.5,327.57056,309.7461,54.42056000000002,36.596100000000035
2017-04-10 04:00:00,24.0,88.75,327.85333,309.63818,54.70333000000005,36.48818
2017-04-10 04:00:00,24.0,89.0,327.5246,309.26224,54.374600000000044,36.11224000000004
2017-04-10 04:00:00,24.0,89.25,326.87646,308.8383,53.72646000000003,35.68830000000003
2017-04-10 04:00:00,24.0,89.5,327.48386,308.8141,54.333860000000016,35.66410000000002
2017-04-10 04:00:00,24.0,89.75,326.9122,308.32382,53.76220000000001,35.173820000000035
2017-04-10 04:00:00,24.0,90.0,328.0929,308.72998,54.94290000000001,35.579980000000035
2017-04-10 04:00:00,23.75,85.5,325.7496,305.23538,52.59960000000001,32.08538000000004
2017-04-10 04:00:00,23.75,85.75,324.5999,305.9449,51.449900000000014,32.79490000000004
2017-04-10 04:00:00,23.75,86.0,324.5999,305.9449,51.449900000000014,32.79490000000004
2017-04-10 04:00:00,23.75,86.25,326.31534,307.48544,53.165340000000015,34.335440000000006
2017-04-10 04:00:00,23.75,86.5,327.50284,308.41965,54.352840000000015,35.26965000000001
2017-04-10 04:00:00,23.75,86.75,326.1449,308.12964,52.99490000000003,34.97964000000002
2017-04-10 04:00:00,23.75,87.0,326.4559,308.36206,53.30590000000001,35.21206000000001
2017-04-10 04:00:00,23.75,87.25,326.985,308.82077,53.835000000000036,35.670770000000005
2017-04-10 04:00:00,23.75,87.5,328.07944,309.8414,54.92944,36.691400000000044
2017-04-10 04:00:00,23.75,87.75,329.00626,310.57974,55.85626000000002,37.42974000000004
2017-04-10 04:00:00,23.75,88.0,328.7201,310.53876,55.570100000000025,37.38876000000005
2017-04-10 04:00:00,23.75,88.25,328.7201,310.53876,55.570100000000025,37.38876000000005
2017-04-10 04:00:00,23.75,88.5,328.2766,310.34357,55.126599999999996,37.19357000000002
2017-04-10 04:00:00,23.75,88.75,328.56546,310.3184,55.415459999999996,37.16840000000002
2017-04-10 04:00:00,23.75,89.0,328.72592,310.3502,55.575919999999996,37.200199999999995
2017-04-10 04:00:00,23.75,89.25,328.4878,310.0766,55.337800000000016,36.92660000000001
2017-04-10 04:00:00,23.75,89.5,328.24216,309.7472,55.092160000000035,36.59720000000004
2017-04-10 04:00:00,23.75,89.75,327.61313,309.13007,54.463130000000035,35.98007000000001
2017-04-10 04:00:00,23.75,90.0,327.13577,308.55145,53.98577,35.40145000000001
2017-04-10 04:00:00,23.5,85.5,325.12955,305.1929,51.97955000000002,32.04290000000003
2017-04-10 04:00:00,23.5,85.75,326.3202,307.28018,53.17020000000002,34.130179999999996
2017-04-10 04:00:00,23.5,86.0,326.3202,307.28018,53.17020000000002,34.130179999999996
2017-04-10 04:00:00,23.5,86.25,328.06058,308.3718,54.91058000000004,35.22180000000003
2017-04-10 04:00:00,23.5,86.5,328.4895,308.90613,55.339500000000044,35.75613000000004
2017-04-10 04:00:00,23.5,86.75,327.69296,308.8097,54.54296000000005,35.65970000000004
2017-04-10 04:00:00,23.5,87.0,327.49966,309.1269,54.34966000000003,35.9769
2017-04-10 04:00:00,23.5,87.25,327.41037,309.53735,54.26037000000002,36.387350000000026
2017-04-10 04:00:00,23.5,87.5,328.1317,310.26865,54.981700000000046,37.11865
2017-04-10 04:00:00,23.5,87.75,328.9174,310.80222,55.76740000000001,37.65222
2017-04-10 04:00:00,23.5,88.0,329.0173,311.0352,55.8673,37.8852
2017-04-10 04:00:00,23.5,88.25,329.0173,311.0352,55.8673,37.8852
2017-04-10 04:00:00,23.5,88.5,329.06223,311.18353,55.91223000000002,38.03353000000004
2017-04-10 04:00:00,23.5,88.75,329.3258,311.02228,56.17580000000004,37.872280000000046
2017-04-10 04:00:00,23.5,89.0,329.4962,310.7587,56.34620000000001,37.6087
2017-04-10 04:00:00,23.5,89.25,329.54892,310.3775,56.39892000000003,37.22750000000002
2017-04-10 04:00:00,23.5,89.5,328.9867,310.07407,55.83670000000001,36.92407000000003
2017-04-10 04:00:00,23.5,89.75,328.8454,309.8617,55.69540000000001,36.71170000000001
2017-04-10 04:00:00,23.5,90.0,328.25555,309.66675,55.10555000000005,36.51675
2017-04-10 04:00:00,23.25,85.5,326.95828,307.48364,53.808280000000025,34.33364
2017-04-10 04:00:00,23.25,85.75,328.63174,309.05627,55.48174,35.906270000000006
2017-04-10 04:00:00,23.25,86.0,328.63174,309.05627,55.48174,35.906270000000006
2017-04-10 04:00:00,23.25,86.25,328.14737,308.9782,54.997370000000046,35.82820000000004
2017-04-10 04:00:00,23.25,86.5,328.58563,309.1943,55.43563,36.04430000000002
2017-04-10 04:00:00,23.25,86.75,329.12915,309.76526,55.979150000000004,36.615260000000035
2017-04-10 04:00:00,23.25,87.0,329.36237,310.42703,56.21237000000002,37.277030000000025
2017-04-10 04:00:00,23.25,87.25,329.86313,311.07132,56.713130000000035,37.92132000000004
2017-04-10 04:00:00,23.25,87.5,330.23425,311.61465,57.08425,38.464650000000006
2017-04-10 04:00:00,23.25,87.75,330.16382,311.88303,57.01382000000001,38.73303000000004
2017-04-10 04:00:00,23.25,88.0,330.18268,312.04437,57.03268000000003,38.89437000000004
2017-04-10 04:00:00,23.25,88.25,330.18268,312.04437,57.03268000000003,38.89437000000004
2017-04-10 04:00:00,23.25,88.5,330.07202,312.02756,56.92202000000003,38.87756000000002
2017-04-10 04:00:00,23.25,88.75,329.70538,311.74286,56.555380000000014,38.59286000000003
2017-04-10 04:00:00,23.25,89.0,330.13422,311.6911,56.98422000000005,38.54110000000003
2017-04-10 04:00:00,23.25,89.25,330.22064,311.5135,57.070640000000026,38.363500000000045
2017-04-10 04:00:00,23.25,89.5,329.73987,311.30847,56.58987000000002,38.15847000000002
2017-04-10 04:00:00,23.25,89.75,329.01645,310.94473,55.86645000000004,37.794730000000015
2017-04-10 04:00:00,23.25,90.0,329.49805,310.9114,56.34805,37.76140000000004
2017-04-10 04:00:00,23.0,85.5,327.0487,308.67426,53.89870000000002,35.52426000000003
2017-04-10 04:00:00,23.0,85.75,328.23505,309.81567,55.085050000000024,36.665670000000034
2017-04-10 04:00:00,23.0,86.0,328.23505,309.81567,55.085050000000024,36.665670000000034
2017-04-10 04:00:00,23.0,86.25,328.49252,310.29645,55.342520000000036,37.146450000000016
2017-04-10 04:00:00,23.0,86.5,328.4281,310.15314,55.278099999999995,37.00314000000003
2017-04-10 04:00:00,23.0,86.75,327.91666,310.11798,54.76666,36.96798000000001
2017-04-10 04:00:00,23.0,87.0,329.22696,310.96335,56.07696000000004,37.813350000000014
2017-04-10 04:00:00,23.0,87.25,330.82617,312.06696,57.67617000000001,38.91696000000002
2017-04-10 04:00:00,23.0,87.5,331.7963,312.9118,58.6463,39.76180000000005
2017-04-10 04:00:00,23.0,87.75,331.8999,313.28494,58.749900000000025,40.13494000000003
2017-04-10 04:00:00,23.0,88.0,331.4011,313.24664,58.25110000000001,40.096640000000036
2017-04-10 04:00:00,23.0,88.25,331.4011,313.24664,58.25110000000001,40.096640000000036
2017-04-10 04:00:00,23.0,88.5,330.50092,312.91055,57.35092000000003,39.76055000000002
2017-04-10 04:00:00,23.0,88.75,329.6585,312.45288,56.508500000000026,39.302880000000016
2017-04-10 04:00:00,23.0,89.0,329.85504,312.22223,56.70504,39.07223000000005
2017-04-10 04:00:00,23.0,89.25,329.85718,312.03485,56.70718000000005,38.88485000000003
2017-04-10 04:00:00,23.0,89.5,328.90042,311.6025,55.75042000000002,38.45250000000004
2017-04-10 04:00:00,23.0,89.75,329.06512,311.68652,55.91512,38.536519999999996
2017-04-10 04:00:00,23.0,90.0,328.74036,311.36108,55.59036000000003,38.21108000000004
2017-04-10 04:00:00,22.75,85.5,329.4103,310.69568,56.26030000000003,37.545680000000004
2017-04-10 04:00:00,22.75,85.75,331.356,312.18005,58.20600000000002,39.03005000000002
2017-04-10 04:00:00,22.75,86.0,331.356,312.18005,58.20600000000002,39.03005000000002
2017-04-10 04:00:00,22.75,86.25,330.7532,312.0786,57.603200000000015,38.92860000000002
2017-04-10 04:00:00,22.75,86.5,328.74606,310.7117,55.59606000000002,37.56170000000003
2017-04-10 04:00:00,22.75,86.75,329.66586,311.52634,56.51586000000003,38.37634000000003
2017-04-10 04:00:00,22.75,87.0,331.1176,312.69797,57.967600000000004,39.54797000000002
2017-04-10 04:00:00,22.75,87.25,332.24188,313.63226,59.09188,40.48226
2017-04-10 04:00:00,22.75,87.5,331.46613,313.8494,58.316130000000044,40.699400000000026
2017-04-10 04:00:00,22.75,87.75,330.7997,313.6981,57.649699999999996,40.548100000000034
2017-04-10 04:00:00,22.75,88.0,329.58252,313.18216,56.43252000000001,40.03216000000003
2017-04-10 04:00:00,22.75,88.25,329.58252,313.18216,56.43252000000001,40.03216000000003
2017-04-10 04:00:00,22.75,88.5,328.4926,312.563,55.342600000000004,39.41300000000001
2017-04-10 04:00:00,22.75,88.75,327.6969,311.9748,54.54690000000005,38.82480000000004
2017-04-10 04:00:00,22.75,89.0,326.66125,311.40372,53.51125000000002,38.253720000000044
2017-04-10 04:00:00,22.75,89.25,325.85336,310.91983,52.70336000000003,37.76983000000001
2017-04-10 04:00:00,22.75,89.5,326.57925,311.0521,53.429250000000025,37.90210000000002
2017-04-10 04:00:00,22.75,89.75,328.33383,311.67014,55.18383,38.520140000000026
2017-04-10 04:00:00,22.75,90.0,328.54697,311.45435,55.39697000000001,38.30435
2017-04-10 04:00:00,22.5,85.5,329.4103,310.69568,56.26030000000003,37.545680000000004
2017-04-10 04:00:00,22.5,85.75,331.356,312.18005,58.20600000000002,39.03005000000002
2017-04-10 04:00:00,22.5,86.0,331.356,312.18005,58.20600000000002,39.03005000000002
2017-04-10 04:00:00,22.5,86.25,330.7532,312.0786,57.603200000000015,38.92860000000002
2017-04-10 04:00:00,22.5,86.5,328.74606,310.7117,55.59606000000002,37.56170000000003
2017-04-10 04:00:00,22.5,86.75,329.66586,311.52634,56.51586000000003,38.37634000000003
2017-04-10 04:00:00,22.5,87.0,331.1176,312.69797,57.967600000000004,39.54797000000002
2017-04-10 04:00:00,22.5,87.25,332.24188,313.63226,59.09188,40.48226
2017-04-10 04:00:00,22.5,87.5,331.46613,313.8494,58.316130000000044,40.699400000000026
2017-04-10 04:00:00,22.5,87.75,330.7997,313.6981,57.649699999999996,40.548100000000034
2017-04-10 04:00:00,22.5,88.0,329.58252,313.18216,56.43252000000001,40.03216000000003
2017-04-10 04:00:00,22.5,88.25,329.58252,313.18216,56.43252000000001,40.03216000000003
2017-04-10 04:00:00,22.5,88.5,328.4926,312.563,55.342600000000004,39.41300000000001
2017-04-10 04:00:00,22.5,88.75,327.6969,311.9748,54.54690000000005,38.82480000000004
2017-04-10 04:00:00,22.5,89.0,326.66125,311.40372,53.51125000000002,38.253720000000044
2017-04-10 04:00:00,22.5,89.25,325.85336,310.91983,52.70336000000003,37.76983000000001
2017-04-10 04:00:00,22.5,89.5,326.57925,311.0521,53.429250000000025,37.90210000000002
2017-04-10 04:00:00,22.5,89.75,328.33383,311.67014,55.18383,38.520140000000026
2017-04-10 04:00:00,22.5,90.0,328.54697,311.45435,55.39697000000001,38.30435
2017-04-10 04:00:00,22.25,85.5,330.63925,311.67868,57.48925000000003,38.52868000000001
2017-04-10 04:00:00,22.25,85.75,331.0405,312.3198,57.89050000000003,39.16980000000001
2017-04-10 04:00:00,22.25,86.0,331.0405,312.3198,57.89050000000003,39.16980000000001
2017-04-10 04:00:00,22.25,86.25,330.22314,312.03204,57.07314000000002,38.88204000000002
2017-04-10 04:00:00,22.25,86.5,328.7965,311.5471,55.6465,38.39710000000002
2017-04-10 04:00:00,22.25,86.75,330.7792,312.80106,57.629200000000026,39.65106000000003
2017-04-10 04:00:00,22.25,87.0,331.55106,313.6478,58.40106000000003,40.49780000000004
2017-04-10 04:00:00,22.25,87.25,331.97232,314.3115,58.82232000000005,41.161500000000046
2017-04-10 04:00:00,22.25,87.5,330.75665,314.34232,57.60665,41.192319999999995
2017-04-10 04:00:00,22.25,87.75,328.39877,313.41864,55.248770000000036,40.268640000000005
2017-04-10 04:00:00,22.25,88.0,328.32477,312.9126,55.174770000000024,39.76260000000002
2017-04-10 04:00:00,22.25,88.25,328.32477,312.9126,55.174770000000024,39.76260000000002
2017-04-10 04:00:00,22.25,88.5,328.86093,312.72415,55.71093000000002,39.57415000000003
2017-04-10 04:00:00,22.25,88.75,327.78397,312.0251,54.63397000000003,38.87510000000003
2017-04-10 04:00:00,22.25,89.0,325.78372,311.06076,52.63372000000004,37.91076000000004
2017-04-10 04:00:00,22.25,89.25,324.41968,310.54758,51.26968000000005,37.397580000000005
2017-04-10 04:00:00,22.25,89.5,324.65164,310.82202,51.50164000000001,37.67202000000003
2017-04-10 04:00:00,22.25,89.75,326.42453,311.4882,53.27453000000003,38.33820000000003
2017-04-10 04:00:00,22.25,90.0,328.31638,311.65585,55.166380000000004,38.50585000000001
2017-04-10 04:00:00,22.0,85.5,329.6685,310.63916,56.51850000000002,37.48916000000003
2017-04-10 04:00:00,22.0,85.75,330.06378,311.47208,56.91378000000003,38.32208000000003
2017-04-10 04:00:00,22.0,86.0,330.06378,311.47208,56.91378000000003,38.32208000000003
2017-04-10 04:00:00,22.0,86.25,327.9158,309.86636,54.76580000000001,36.71636000000001
2017-04-10 04:00:00,22.0,86.5,327.7487,310.9071,54.59870000000001,37.75710000000004
2017-04-10 04:00:00,22.0,86.75,331.5125,313.84662,58.36250000000001,40.696619999999996
2017-04-10 04:00:00,22.0,87.0,332.39523,314.75644,59.24523000000005,41.60644000000002
2017-04-10 04:00:00,22.0,87.25,331.68304,314.83527,58.53304000000003,41.68527
2017-04-10 04:00:00,22.0,87.5,330.06995,314.29877,56.91995000000003,41.14877000000001
2017-04-10 04:00:00,22.0,87.75,327.89484,312.7344,54.74484000000001,39.58440000000002
2017-04-10 04:00:00,22.0,88.0,327.58716,312.23996,54.437160000000006,39.08996000000002
2017-04-10 04:00:00,22.0,88.25,327.58716,312.23996,54.437160000000006,39.08996000000002
2017-04-10 04:00:00,22.0,88.5,327.35483,311.8237,54.204830000000015,38.6737
2017-04-10 04:00:00,22.0,88.75,326.0114,310.94016,52.8614,37.790160000000014
2017-04-10 04:00:00,22.0,89.0,324.59464,310.4941,51.44464000000005,37.344100000000026
2017-04-10 04:00:00,22.0,89.25,323.59186,310.30875,50.44186000000002,37.15875
2017-04-10 04:00:00,22.0,89.5,323.14304,310.00485,49.99304000000001,36.85485
2017-04-10 04:00:00,22.0,89.75,324.13498,310.10678,50.98498000000001,36.95678000000004
2017-04-10 04:00:00,22.0,90.0,326.10156,310.49564,52.95156000000003,37.34564
2017-04-10 04:00:00,21.75,85.5,330.67032,311.29385,57.52032000000003,38.14385000000004
2017-04-10 04:00:00,21.75,85.75,331.42993,312.53748,58.279930000000036,39.38748000000004
2017-04-10 04:00:00,21.75,86.0,331.42993,312.53748,58.279930000000036,39.38748000000004
2017-04-10 04:00:00,21.75,86.25,326.0398,310.01236,52.88980000000004,36.862360000000024
2017-04-10 04:00:00,21.75,86.5,326.3337,310.50534,53.183700000000044,37.35534000000001
2017-04-10 04:00:00,21.75,86.75,331.60983,314.11877,58.45983000000001,40.968770000000006
2017-04-10 04:00:00,21.75,87.0,332.2109,314.4858,59.060900000000004,41.335800000000006
2017-04-10 04:00:00,21.75,87.25,331.08237,313.57178,57.93237000000005,40.42178000000001
2017-04-10 04:00:00,21.75,87.5,328.7822,312.22495,55.63220000000001,39.07495
2017-04-10 04:00:00,21.75,87.75,323.6398,308.78262,50.4898,35.63262000000003
2017-04-10 04:00:00,21.75,88.0,324.92044,309.07538,51.77044000000001,35.92538000000002
2017-04-10 04:00:00,21.75,88.25,324.92044,309.07538,51.77044000000001,35.92538000000002
2017-04-10 04:00:00,21.75,88.5,324.5476,308.75714,51.39760000000001,35.607140000000015
2017-04-10 04:00:00,21.75,88.75,323.87646,308.52237,50.72646000000003,35.372370000000046
2017-04-10 04:00:00,21.75,89.0,325.79642,310.01904,52.646420000000035,36.86904000000004
2017-04-10 04:00:00,21.75,89.25,323.7795,309.29898,50.62950000000001,36.148979999999995
2017-04-10 04:00:00,21.75,89.5,320.05728,306.7783,46.907280000000014,33.628300000000024
2017-04-10 04:00:00,21.75,89.75,320.33847,305.73877,47.188469999999995,32.58877000000001
2017-04-10 04:00:00,21.75,90.0,320.58606,305.54257,47.43606,32.392570000000035
2017-04-10 04:00:00,21.5,85.5,328.57797,311.0771,55.427970000000016,37.927099999999996
2017-04-10 04:00:00,21.5,85.75,330.3064,312.7906,57.15640000000002,39.640600000000006
2017-04-10 04:00:00,21.5,86.0,330.3064,312.7906,57.15640000000002,39.640600000000006
2017-04-10 04:00:00,21.5,86.25,328.88614,312.1706,55.736140000000034,39.0206
2017-04-10 04:00:00,21.5,86.5,329.62997,313.1724,56.47997000000004,40.022400000000005
2017-04-10 04:00:00,21.5,86.75,332.05313,314.42395,58.90313000000003,41.27395000000001
2017-04-10 04:00:00,21.5,87.0,324.71243,308.98712,51.562430000000006,35.83712000000003
2017-04-10 04:00:00,21.5,87.25,322.46906,305.8194,49.319060000000036,32.669399999999996
2017-04-10 04:00:00,21.5,87.5,321.99927,305.1629,48.84927000000005,32.0129
2017-04-10 04:00:00,21.5,87.75,321.99213,304.74673,48.84213,31.596730000000036
2017-04-10 04:00:00,21.5,88.0,322.47528,305.3085,49.32528000000002,32.158500000000004
2017-04-10 04:00:00,21.5,88.25,322.47528,305.3085,49.32528000000002,32.158500000000004
2017-04-10 04:00:00,21.5,88.5,322.89227,305.60153,49.74227000000002,32.45153000000005
2017-04-10 04:00:00,21.5,88.75,322.5154,305.41464,49.36540000000002,32.26464000000004
2017-04-10 04:00:00,21.5,89.0,321.47345,305.27048,48.32345000000004,32.12048000000004
2017-04-10 04:00:00,21.5,89.25,320.52835,305.07687,47.37835000000001,31.926870000000008
2017-04-10 04:00:00,21.5,89.5,320.0819,304.9664,46.93190000000004,31.816400000000044
2017-04-10 04:00:00,21.5,89.75,320.04257,304.95605,46.892570000000035,31.806050000000027
2017-04-10 04:00:00,21.5,90.0,320.17282,305.23026,47.022820000000024,32.08026000000001
2017-04-10 04:00:00,21.25,85.5,328.1871,311.46765,55.03710000000001,38.317650000000015
2017-04-10 04:00:00,21.25,85.75,329.37622,312.39313,56.22622000000001,39.24313000000001
2017-04-10 04:00:00,21.25,86.0,329.37622,312.39313,56.22622000000001,39.24313000000001
2017-04-10 04:00:00,21.25,86.25,330.19693,312.89658,57.04693000000003,39.746579999999994
2017-04-10 04:00:00,21.25,86.5,331.60233,313.3652,58.45233000000002,40.21520000000004
2017-04-10 04:00:00,21.25,86.75,328.7056,311.69238,55.55560000000003,38.54238000000004
2017-04-10 04:00:00,21.25,87.0,323.60977,307.8545,50.45977000000005,34.704499999999996
2017-04-10 04:00:00,21.25,87.25,322.2805,305.40347,49.13050000000004,32.25347000000005
2017-04-10 04:00:00,21.25,87.5,322.10568,304.7134,48.95568000000003,31.5634
2017-04-10 04:00:00,21.25,87.75,322.1982,304.74292,49.04820000000001,31.59292000000005
2017-04-10 04:00:00,21.25,88.0,322.48056,304.85907,49.33056000000005,31.709069999999997
2017-04-10 04:00:00,21.25,88.25,322.48056,304.85907,49.33056000000005,31.709069999999997
2017-04-10 04:00:00,21.25,88.5,322.6488,305.0063,49.49880000000002,31.856300000000033
2017-04-10 04:00:00,21.25,88.75,322.33237,305.2119,49.18237000000005,32.06190000000004
2017-04-10 04:00:00,21.25,89.0,321.62436,305.1111,48.47436000000005,31.961100000000044
2017-04-10 04:00:00,21.25,89.25,320.91574,304.92828,47.76574000000005,31.778279999999995
2017-04-10 04:00:00,21.25,89.5,320.4266,305.11053,47.27660000000003,31.960530000000006
2017-04-10 04:00:00,21.25,89.75,320.2098,305.28076,47.059799999999996,32.13076000000001
2017-04-10 04:00:00,21.25,90.0,320.2547,305.498,47.10470000000004,32.34800000000001
2017-04-10 04:00:00,21.0,85.5,329.0169,312.45282,55.866900000000044,39.30282
2017-04-10 04:00:00,21.0,85.75,329.65802,312.89984,56.508020000000045,39.749840000000006
2017-04-10 04:00:00,21.0,86.0,329.65802,312.89984,56.508020000000045,39.749840000000006
2017-04-10 04:00:00,21.0,86.25,331.20975,313.06076,58.05975000000001,39.91076000000004
2017-04-10 04:00:00,21.0,86.5,331.15665,312.66312,58.006650000000036,39.513120000000015
2017-04-10 04:00:00,21.0,86.75,332.66956,312.28088,59.51956000000001,39.13088000000005
2017-04-10 04:00:00,21.0,87.0,324.2466,308.09738,51.096600000000024,34.94738000000001
2017-04-10 04:00:00,21.0,87.25,322.09082,305.41418,48.94082000000003,32.26418000000001
2017-04-10 04:00:00,21.0,87.5,322.16098,304.39093,49.01098000000002,31.24093000000005
2017-04-10 04:00:00,21.0,87.75,322.2089,304.2121,49.05890000000005,31.062100000000044
2017-04-10 04:00:00,21.0,88.0,322.09872,304.2925,48.94872000000004,31.14250000000004
2017-04-10 04:00:00,21.0,88.25,322.09872,304.2925,48.94872000000004,31.14250000000004
2017-04-10 04:00:00,21.0,88.5,321.90994,304.52213,48.75994000000003,31.372130000000027
2017-04-10 04:00:00,21.0,88.75,321.7414,304.83505,48.59140000000002,31.685050000000047
2017-04-10 04:00:00,21.0,89.0,321.5947,305.17545,48.44470000000001,32.025450000000035
2017-04-10 04:00:00,21.0,89.25,321.35605,305.33414,48.206050000000005,32.18414000000001
2017-04-10 04:00:00,21.0,89.5,320.99918,305.17123,47.84918000000005,32.02123
2017-04-10 04:00:00,21.0,89.75,320.72916,305.05423,47.57916,31.90423000000004
2017-04-10 04:00:00,21.0,90.0,320.7876,305.2275,47.63760000000002,32.07750000000004
2017-04-10 05:00:00,27.5,85.5,321.03677,302.0059,47.88677000000001,28.85590000000002
2017-04-10 05:00:00,27.5,85.75,320.0082,302.567,46.85820000000001,29.41700000000003
2017-04-10 05:00:00,27.5,86.0,320.0082,302.567,46.85820000000001,29.41700000000003
2017-04-10 05:00:00,27.5,86.25,319.3285,300.762,46.17850000000004,27.612000000000023
2017-04-10 05:00:00,27.5,86.5,316.2083,297.3417,43.05830000000003,24.191700000000026
2017-04-10 05:00:00,27.5,86.75,313.6851,295.20346,40.5351,22.05346000000003
2017-04-10 05:00:00,27.5,87.0,312.38983,295.84802,39.23983000000004,22.698020000000042
2017-04-10 05:00:00,27.5,87.25,313.3788,298.21143,40.228800000000035,25.06143000000003
2017-04-10 05:00:00,27.5,87.5,314.1175,298.71188,40.96750000000003,25.56188000000003
2017-04-10 05:00:00,27.5,87.75,312.55127,295.02164,39.40127000000001,21.871640000000014
2017-04-10 05:00:00,27.5,88.0,311.09796,292.39017,37.94796000000002,19.240170000000035
2017-04-10 05:00:00,27.5,88.25,311.09796,292.39017,37.94796000000002,19.240170000000035
2017-04-10 05:00:00,27.5,88.5,311.41943,293.95667,38.26943,20.806669999999997
2017-04-10 05:00:00,27.5,88.75,311.31747,293.0925,38.16747000000004,19.942499999999995
2017-04-10 05:00:00,27.5,89.0,309.46542,286.70792,36.31542000000002,13.557920000000024
2017-04-10 05:00:00,27.5,89.25,307.2539,282.67514,34.10390000000001,9.525140000000022
2017-04-10 05:00:00,27.5,89.5,308.39648,285.1829,35.24648000000002,12.03290000000004
2017-04-10 05:00:00,27.5,89.75,308.51102,290.63684,35.361019999999996,17.48684000000003
2017-04-10 05:00:00,27.5,90.0,312.06662,295.70145,38.91662000000002,22.551450000000045
2017-04-10 05:00:00,27.25,85.5,326.50754,307.36246,53.35754000000003,34.21246000000002
2017-04-10 05:00:00,27.25,85.75,324.58743,306.06573,51.437430000000006,32.915729999999996
2017-04-10 05:00:00,27.25,86.0,324.58743,306.06573,51.437430000000006,32.915729999999996
2017-04-10 05:00:00,27.25,86.25,323.4944,304.64355,50.34440000000001,31.493550000000027
2017-04-10 05:00:00,27.25,86.5,320.75436,303.02393,47.60436000000004,29.87393000000003
2017-04-10 05:00:00,27.25,86.75,320.0356,302.33188,46.88560000000001,29.181880000000035
2017-04-10 05:00:00,27.25,87.0,319.0917,301.89194,45.941700000000026,28.74194
2017-04-10 05:00:00,27.25,87.25,318.8094,302.4835,45.659400000000005,29.333500000000015
2017-04-10 05:00:00,27.25,87.5,319.08627,301.86545,45.936270000000036,28.715450000000033
2017-04-10 05:00:00,27.25,87.75,317.44138,298.85718,44.291380000000004,25.70718000000005
2017-04-10 05:00:00,27.25,88.0,316.30417,297.73715,43.15417000000002,24.58715000000001
2017-04-10 05:00:00,27.25,88.25,316.30417,297.73715,43.15417000000002,24.58715000000001
2017-04-10 05:00:00,27.25,88.5,317.94025,300.28156,44.790250000000015,27.131560000000036
2017-04-10 05:00:00,27.25,88.75,318.36914,300.93073,45.21914000000004,27.780730000000005
2017-04-10 05:00:00,27.25,89.0,315.50983,297.219,42.359830000000045,24.069000000000017
2017-04-10 05:00:00,27.25,89.25,312.36407,294.16867,39.21407000000005,21.018670000000043
2017-04-10 05:00:00,27.25,89.5,310.5606,291.6046,37.410600000000045,18.454600000000028
2017-04-10 05:00:00,27.25,89.75,308.9577,291.3471,35.80770000000001,18.197100000000034
2017-04-10 05:00:00,27.25,90.0,310.91394,295.51053,37.76394000000005,22.36053000000004
2017-04-10 05:00:00,27.0,85.5,326.50754,307.36246,53.35754000000003,34.21246000000002
2017-04-10 05:00:00,27.0,85.75,324.58743,306.06573,51.437430000000006,32.915729999999996
2017-04-10 05:00:00,27.0,86.0,324.58743,306.06573,51.437430000000006,32.915729999999996
2017-04-10 05:00:00,27.0,86.25,323.4944,304.64355,50.34440000000001,31.493550000000027
2017-04-10 05:00:00,27.0,86.5,320.75436,303.02393,47.60436000000004,29.87393000000003
2017-04-10 05:00:00,27.0,86.75,320.0356,302.33188,46.88560000000001,29.181880000000035
2017-04-10 05:00:00,27.0,87.0,319.0917,301.89194,45.941700000000026,28.74194
2017-04-10 05:00:00,27.0,87.25,318.8094,302.4835,45.659400000000005,29.333500000000015
2017-04-10 05:00:00,27.0,87.5,319.08627,301.86545,45.936270000000036,28.715450000000033
2017-04-10 05:00:00,27.0,87.75,317.44138,298.85718,44.291380000000004,25.70718000000005
2017-04-10 05:00:00,27.0,88.0,316.30417,297.73715,43.15417000000002,24.58715000000001
2017-04-10 05:00:00,27.0,88.25,316.30417,297.73715,43.15417000000002,24.58715000000001
2017-04-10 05:00:00,27.0,88.5,317.94025,300.28156,44.790250000000015,27.131560000000036
2017-04-10 05:00:00,27.0,88.75,318.36914,300.93073,45.21914000000004,27.780730000000005
2017-04-10 05:00:00,27.0,89.0,315.50983,297.219,42.359830000000045,24.069000000000017
2017-04-10 05:00:00,27.0,89.25,312.36407,294.16867,39.21407000000005,21.018670000000043
2017-04-10 05:00:00,27.0,89.5,310.5606,291.6046,37.410600000000045,18.454600000000028
2017-04-10 05:00:00,27.0,89.75,308.9577,291.3471,35.80770000000001,18.197100000000034
2017-04-10 05:00:00,27.0,90.0,310.91394,295.51053,37.76394000000005,22.36053000000004
2017-04-10 05:00:00,26.75,85.5,327.83835,307.7098,54.688350000000014,34.559799999999996
2017-04-10 05:00:00,26.75,85.75,329.29608,308.34927,56.14608000000004,35.19927000000001
2017-04-10 05:00:00,26.75,86.0,329.29608,308.34927,56.14608000000004,35.19927000000001
2017-04-10 05:00:00,26.75,86.25,328.98264,308.0363,55.832640000000026,34.886300000000006
2017-04-10 05:00:00,26.75,86.5,327.80585,307.59845,54.655850000000044,34.44845000000004
2017-04-10 05:00:00,26.75,86.75,325.3352,306.5107,52.18520000000001,33.36070000000001
2017-04-10 05:00:00,26.75,87.0,323.2844,304.76752,50.13440000000003,31.617520000000013
2017-04-10 05:00:00,26.75,87.25,322.06433,303.77798,48.91433000000001,30.627980000000036
2017-04-10 05:00:00,26.75,87.5,321.49008,303.26196,48.34008,30.11196000000001
2017-04-10 05:00:00,26.75,87.75,320.59488,302.6187,47.44488000000001,29.468700000000013
2017-04-10 05:00:00,26.75,88.0,320.1457,302.75998,46.9957,29.609980000000007
2017-04-10 05:00:00,26.75,88.25,320.1457,302.75998,46.9957,29.609980000000007
2017-04-10 05:00:00,26.75,88.5,321.46576,304.48737,48.31576000000001,31.33737000000002
2017-04-10 05:00:00,26.75,88.75,323.33542,306.20554,50.18542000000002,33.05554000000001
2017-04-10 05:00:00,26.75,89.0,323.48096,305.782,50.330960000000005,32.632000000000005
2017-04-10 05:00:00,26.75,89.25,321.73993,304.22855,48.58993000000004,31.078550000000007
2017-04-10 05:00:00,26.75,89.5,319.9397,302.8398,46.78970000000004,29.689800000000048
2017-04-10 05:00:00,26.75,89.75,315.07248,300.09616,41.92248000000001,26.94616000000002
2017-04-10 05:00:00,26.75,90.0,315.37125,302.121,42.22125,28.971000000000004
2017-04-10 05:00:00,26.5,85.5,329.19562,308.2117,56.04562000000004,35.06170000000003
2017-04-10 05:00:00,26.5,85.75,328.75943,308.06348,55.60943000000003,34.91348000000005
2017-04-10 05:00:00,26.5,86.0,328.75943,308.06348,55.60943000000003,34.91348000000005
2017-04-10 05:00:00,26.5,86.25,328.40942,307.878,55.259420000000034,34.72800000000001
2017-04-10 05:00:00,26.5,86.5,328.7508,307.5266,55.60080000000005,34.376599999999996
2017-04-10 05:00:00,26.5,86.75,328.1001,307.1524,54.95010000000002,34.00240000000002
2017-04-10 05:00:00,26.5,87.0,326.22165,306.5884,53.071650000000034,33.4384
2017-04-10 05:00:00,26.5,87.25,327.0685,307.2188,53.918499999999995,34.06880000000001
2017-04-10 05:00:00,26.5,87.5,327.98245,307.9802,54.832449999999994,34.83020000000005
2017-04-10 05:00:00,26.5,87.75,327.11453,308.0383,53.964530000000025,34.888300000000015
2017-04-10 05:00:00,26.5,88.0,326.40918,308.05823,53.259180000000015,34.90823
2017-04-10 05:00:00,26.5,88.25,326.40918,308.05823,53.259180000000015,34.90823
2017-04-10 05:00:00,26.5,88.5,326.80295,308.61542,53.65295000000003,35.465419999999995
2017-04-10 05:00:00,26.5,88.75,326.9572,308.78998,53.80720000000002,35.63998000000004
2017-04-10 05:00:00,26.5,89.0,325.84854,307.38635,52.69854000000004,34.236350000000016
2017-04-10 05:00:00,26.5,89.25,324.12622,306.12122,50.97622000000001,32.97122000000002
2017-04-10 05:00:00,26.5,89.5,324.59167,307.07285,51.441670000000045,33.92285000000004
2017-04-10 05:00:00,26.5,89.75,323.12225,306.2214,49.97225000000003,33.07140000000004
2017-04-10 05:00:00,26.5,90.0,323.91132,307.433,50.76132000000001,34.283000000000015
2017-04-10 05:00:00,26.25,85.5,328.23477,307.93924,55.08477000000005,34.78924000000001
2017-04-10 05:00:00,26.25,85.75,328.20795,307.64703,55.057950000000005,34.497029999999995
2017-04-10 05:00:00,26.25,86.0,328.20795,307.64703,55.057950000000005,34.497029999999995
2017-04-10 05:00:00,26.25,86.25,328.16165,307.5994,55.01165000000003,34.449400000000026
2017-04-10 05:00:00,26.25,86.5,327.53586,307.08765,54.38586000000004,33.93765000000002
2017-04-10 05:00:00,26.25,86.75,326.85583,306.94006,53.70583000000005,33.79006000000004
2017-04-10 05:00:00,26.25,87.0,326.2153,306.57285,53.065300000000036,33.42285000000004
2017-04-10 05:00:00,26.25,87.25,326.49857,306.521,53.348569999999995,33.37100000000004
2017-04-10 05:00:00,26.25,87.5,327.10013,306.6981,53.95013,33.548100000000034
2017-04-10 05:00:00,26.25,87.75,327.18234,306.7064,54.03234000000003,33.5564
2017-04-10 05:00:00,26.25,88.0,326.8553,306.7008,53.70530000000002,33.55080000000004
2017-04-10 05:00:00,26.25,88.25,326.8553,306.7008,53.70530000000002,33.55080000000004
2017-04-10 05:00:00,26.25,88.5,326.31436,306.90833,53.164360000000045,33.75833
2017-04-10 05:00:00,26.25,88.75,325.54807,306.95853,52.39807000000002,33.80853000000002
2017-04-10 05:00:00,26.25,89.0,324.86804,306.3603,51.71804000000003,33.21030000000002
2017-04-10 05:00:00,26.25,89.25,324.20773,305.43985,51.05773000000005,32.28985
2017-04-10 05:00:00,26.25,89.5,323.5697,305.25793,50.419700000000034,32.10793000000001
2017-04-10 05:00:00,26.25,89.75,323.7608,305.65015,50.61080000000004,32.50015000000002
2017-04-10 05:00:00,26.25,90.0,324.0666,305.80515,50.91660000000002,32.65515000000005
2017-04-10 05:00:00,26.0,85.5,327.8173,307.79553,54.66730000000001,34.64553000000001
2017-04-10 05:00:00,26.0,85.75,328.2594,308.09442,55.10940000000005,34.94442000000004
2017-04-10 05:00:00,26.0,86.0,328.2594,308.09442,55.10940000000005,34.94442000000004
2017-04-10 05:00:00,26.0,86.25,328.10062,307.89105,54.950620000000015,34.74105000000003
2017-04-10 05:00:00,26.0,86.5,326.74988,307.155,53.59988000000004,34.004999999999995
2017-04-10 05:00:00,26.0,86.75,327.08945,307.0205,53.93945000000002,33.87050000000005
2017-04-10 05:00:00,26.0,87.0,326.2758,306.49994,53.12580000000003,33.349940000000004
2017-04-10 05:00:00,26.0,87.25,326.31458,306.42053,53.16458,33.27053000000001
2017-04-10 05:00:00,26.0,87.5,327.1374,306.75735,53.98740000000004,33.60735
2017-04-10 05:00:00,26.0,87.75,327.455,306.98935,54.30500000000001,33.839350000000024
2017-04-10 05:00:00,26.0,88.0,327.23663,307.04907,54.086630000000014,33.899069999999995
2017-04-10 05:00:00,26.0,88.25,327.23663,307.04907,54.086630000000014,33.899069999999995
2017-04-10 05:00:00,26.0,88.5,326.6461,306.84927,53.49610000000001,33.69927000000001
2017-04-10 05:00:00,26.0,88.75,325.846,306.4096,52.696000000000026,33.259600000000034
2017-04-10 05:00:00,26.0,89.0,325.32297,306.02182,52.17297000000002,32.871820000000014
2017-04-10 05:00:00,26.0,89.25,324.33344,305.19824,51.18344000000002,32.04824000000002
2017-04-10 05:00:00,26.0,89.5,323.92737,304.4115,50.77737000000002,31.261500000000012
2017-04-10 05:00:00,26.0,89.75,323.38925,303.8099,50.23925000000003,30.65990000000005
2017-04-10 05:00:00,26.0,90.0,323.30804,303.93143,50.15804000000003,30.78143
2017-04-10 05:00:00,25.75,85.5,326.49133,307.40424,53.34133000000003,34.25424000000004
2017-04-10 05:00:00,25.75,85.75,327.35397,307.62912,54.20397000000003,34.47912000000002
2017-04-10 05:00:00,25.75,86.0,327.35397,307.62912,54.20397000000003,34.47912000000002
2017-04-10 05:00:00,25.75,86.25,327.64697,307.8976,54.49697000000003,34.747600000000034
2017-04-10 05:00:00,25.75,86.5,327.4025,307.69345,54.2525,34.54345000000001
2017-04-10 05:00:00,25.75,86.75,327.5165,307.69543,54.36650000000003,34.54543000000001
2017-04-10 05:00:00,25.75,87.0,326.89517,307.19003,53.74517000000003,34.04003
2017-04-10 05:00:00,25.75,87.25,326.62994,306.87885,53.47994,33.72885000000002
2017-04-10 05:00:00,25.75,87.5,326.47366,306.718,53.32366000000002,33.56800000000004
2017-04-10 05:00:00,25.75,87.75,326.52917,306.77066,53.379170000000045,33.62066000000004
2017-04-10 05:00:00,25.75,88.0,326.622,306.9828,53.47200000000004,33.83280000000002
2017-04-10 05:00:00,25.75,88.25,326.622,306.9828,53.47200000000004,33.83280000000002
2017-04-10 05:00:00,25.75,88.5,326.2006,306.96326,53.05060000000003,33.813260000000014
2017-04-10 05:00:00,25.75,88.75,325.30896,306.52658,52.158960000000036,33.37658000000005
2017-04-10 05:00:00,25.75,89.0,324.27884,305.74948,51.128840000000025,32.59948000000003
2017-04-10 05:00:00,25.75,89.25,323.83224,305.05237,50.682240000000036,31.90237000000002
2017-04-10 05:00:00,25.75,89.5,323.3986,304.71567,50.24860000000001,31.56567000000001
2017-04-10 05:00:00,25.75,89.75,323.08667,304.39993,49.93667000000005,31.249930000000006
2017-04-10 05:00:00,25.75,90.0,323.97888,304.41888,50.82888000000003,31.268880000000024
2017-04-10 05:00:00,25.5,85.5,327.0833,307.5799,53.93330000000003,34.42990000000003
2017-04-10 05:00:00,25.5,85.75,326.31375,307.3071,53.16375000000005,34.157100000000014
2017-04-10 05:00:00,25.5,86.0,326.31375,307.3071,53.16375000000005,34.157100000000014
2017-04-10 05:00:00,25.5,86.25,327.03137,307.44388,53.881370000000004,34.29388
2017-04-10 05:00:00,25.5,86.5,327.0465,307.45935,53.8965,34.309349999999995
2017-04-10 05:00:00,25.5,86.75,327.1145,307.63037,53.964500000000044,34.48037000000005
2017-04-10 05:00:00,25.5,87.0,326.8268,307.50952,53.676800000000014,34.35952000000003
2017-04-10 05:00:00,25.5,87.25,326.23746,307.12558,53.08746000000002,33.975580000000036
2017-04-10 05:00:00,25.5,87.5,326.00235,307.11975,52.85235,33.96975000000003
2017-04-10 05:00:00,25.5,87.75,326.68262,307.6661,53.53262000000001,34.516099999999994
2017-04-10 05:00:00,25.5,88.0,326.97147,307.76868,53.82147000000003,34.61868000000004
2017-04-10 05:00:00,25.5,88.25,326.97147,307.76868,53.82147000000003,34.61868000000004
2017-04-10 05:00:00,25.5,88.5,326.45172,307.2023,53.301720000000046,34.0523
2017-04-10 05:00:00,25.5,88.75,326.22034,306.85507,53.070340000000044,33.705070000000035
2017-04-10 05:00:00,25.5,89.0,325.62152,306.61075,52.47152,33.46075000000002
2017-04-10 05:00:00,25.5,89.25,324.6884,306.20053,51.538400000000024,33.05053000000004
2017-04-10 05:00:00,25.5,89.5,324.01318,305.84488,50.86318,32.69488000000001
2017-04-10 05:00:00,25.5,89.75,323.39224,305.8701,50.24224000000004,32.7201
2017-04-10 05:00:00,25.5,90.0,324.90424,306.58374,51.75424000000004,33.43374
2017-04-10 05:00:00,25.25,85.5,327.76044,307.70004,54.61044000000004,34.550040000000024
2017-04-10 05:00:00,25.25,85.75,327.57672,307.55795,54.426720000000046,34.40795000000003
2017-04-10 05:00:00,25.25,86.0,327.57672,307.55795,54.426720000000046,34.40795000000003
2017-04-10 05:00:00,25.25,86.25,327.41727,307.1471,54.267269999999996,33.997100000000046
2017-04-10 05:00:00,25.25,86.5,326.71375,306.9557,53.56375000000003,33.8057
2017-04-10 05:00:00,25.25,86.75,327.02905,307.19162,53.87905000000001,34.04162000000002
2017-04-10 05:00:00,25.25,87.0,327.31006,307.73196,54.160060000000044,34.58196000000004
2017-04-10 05:00:00,25.25,87.25,327.81604,308.0654,54.66604000000001,34.915400000000034
2017-04-10 05:00:00,25.25,87.5,326.76416,307.565,53.61416000000003,34.41500000000002
2017-04-10 05:00:00,25.25,87.75,325.53662,307.3289,52.38662000000005,34.1789
2017-04-10 05:00:00,25.25,88.0,326.09323,307.59143,52.94323000000003,34.441430000000025
2017-04-10 05:00:00,25.25,88.25,326.09323,307.59143,52.94323000000003,34.441430000000025
2017-04-10 05:00:00,25.25,88.5,326.90088,307.56952,53.750879999999995,34.419520000000034
2017-04-10 05:00:00,25.25,88.75,326.49896,307.42853,53.348960000000034,34.278530000000046
2017-04-10 05:00:00,25.25,89.0,325.94327,307.41052,52.79327000000001,34.26052000000004
2017-04-10 05:00:00,25.25,89.25,325.04742,307.29547,51.89742000000001,34.145470000000046
2017-04-10 05:00:00,25.25,89.5,324.6557,307.06244,51.50570000000005,33.912440000000004
2017-04-10 05:00:00,25.25,89.75,324.19846,307.0507,51.048460000000034,33.90070000000003
2017-04-10 05:00:00,25.25,90.0,325.65628,308.8283,52.506280000000004,35.678300000000036
2017-04-10 05:00:00,25.0,85.5,328.6781,307.89334,55.528099999999995,34.743340000000046
2017-04-10 05:00:00,25.0,85.75,327.31424,307.17047,54.16424000000001,34.020470000000046
2017-04-10 05:00:00,25.0,86.0,327.31424,307.17047,54.16424000000001,34.020470000000046
2017-04-10 05:00:00,25.0,86.25,327.063,306.6544,53.91300000000001,33.50440000000003
2017-04-10 05:00:00,25.0,86.5,328.1177,307.05814,54.967700000000036,33.90814
2017-04-10 05:00:00,25.0,86.75,327.7672,307.38052,54.617200000000025,34.23052000000001
2017-04-10 05:00:00,25.0,87.0,327.894,307.79434,54.74400000000003,34.64434
2017-04-10 05:00:00,25.0,87.25,327.76086,307.9456,54.61086,34.795600000000036
2017-04-10 05:00:00,25.0,87.5,326.98163,307.93378,53.83163000000002,34.783780000000036
2017-04-10 05:00:00,25.0,87.75,326.10068,308.15808,52.950680000000034,35.00808000000001
2017-04-10 05:00:00,25.0,88.0,326.09995,308.48483,52.94995,35.33483000000001
2017-04-10 05:00:00,25.0,88.25,326.09995,308.48483,52.94995,35.33483000000001
2017-04-10 05:00:00,25.0,88.5,327.0295,308.55167,53.87950000000001,35.401670000000024
2017-04-10 05:00:00,25.0,88.75,327.47867,308.61438,54.328670000000045,35.464380000000006
2017-04-10 05:00:00,25.0,89.0,326.78152,308.83926,53.63152000000002,35.68926000000005
2017-04-10 05:00:00,25.0,89.25,326.06384,308.3685,52.91384000000005,35.218500000000006
2017-04-10 05:00:00,25.0,89.5,325.3265,307.8052,52.17650000000003,34.655200000000036
2017-04-10 05:00:00,25.0,89.75,324.85272,307.54242,51.70272,34.392420000000016
2017-04-10 05:00:00,25.0,90.0,326.37823,308.70538,53.228229999999996,35.555380000000014
2017-04-10 05:00:00,24.75,85.5,328.6781,307.89334,55.528099999999995,34.743340000000046
2017-04-10 05:00:00,24.75,85.75,327.31424,307.17047,54.16424000000001,34.020470000000046
2017-04-10 05:00:00,24.75,86.0,327.31424,307.17047,54.16424000000001,34.020470000000046
2017-04-10 05:00:00,24.75,86.25,327.063,306.6544,53.91300000000001,33.50440000000003
2017-04-10 05:00:00,24.75,86.5,328.1177,307.05814,54.967700000000036,33.90814
2017-04-10 05:00:00,24.75,86.75,327.7672,307.38052,54.617200000000025,34.23052000000001
2017-04-10 05:00:00,24.75,87.0,327.894,307.79434,54.74400000000003,34.64434
2017-04-10 05:00:00,24.75,87.25,327.76086,307.9456,54.61086,34.795600000000036
2017-04-10 05:00:00,24.75,87.5,326.98163,307.93378,53.83163000000002,34.783780000000036
2017-04-10 05:00:00,24.75,87.75,326.10068,308.15808,52.950680000000034,35.00808000000001
2017-04-10 05:00:00,24.75,88.0,326.09995,308.48483,52.94995,35.33483000000001
2017-04-10 05:00:00,24.75,88.25,326.09995,308.48483,52.94995,35.33483000000001
2017-04-10 05:00:00,24.75,88.5,327.0295,308.55167,53.87950000000001,35.401670000000024
2017-04-10 05:00:00,24.75,88.75,327.47867,308.61438,54.328670000000045,35.464380000000006
2017-04-10 05:00:00,24.75,89.0,326.78152,308.83926,53.63152000000002,35.68926000000005
2017-04-10 05:00:00,24.75,89.25,326.06384,308.3685,52.91384000000005,35.218500000000006
2017-04-10 05:00:00,24.75,89.5,325.3265,307.8052,52.17650000000003,34.655200000000036
2017-04-10 05:00:00,24.75,89.75,324.85272,307.54242,51.70272,34.392420000000016
2017-04-10 05:00:00,24.75,90.0,326.37823,308.70538,53.228229999999996,35.555380000000014
2017-04-10 05:00:00,24.5,85.5,325.87186,306.1095,52.72186000000005,32.95950000000005
2017-04-10 05:00:00,24.5,85.75,327.20517,306.66873,54.05517000000003,33.518730000000005
2017-04-10 05:00:00,24.5,86.0,327.20517,306.66873,54.05517000000003,33.518730000000005
2017-04-10 05:00:00,24.5,86.25,327.30902,306.42865,54.15902,33.27865000000003
2017-04-10 05:00:00,24.5,86.5,328.0664,307.03638,54.91640000000001,33.88638000000003
2017-04-10 05:00:00,24.5,86.75,328.2543,307.52234,55.10430000000002,34.37234000000001
2017-04-10 05:00:00,24.5,87.0,328.31635,307.9078,55.16635000000002,34.75780000000003
2017-04-10 05:00:00,24.5,87.25,327.7802,307.83484,54.6302,34.68484000000001
2017-04-10 05:00:00,24.5,87.5,326.80106,307.84158,53.65106000000003,34.691580000000044
2017-04-10 05:00:00,24.5,87.75,326.57074,308.5051,53.42074000000002,35.35510000000005
2017-04-10 05:00:00,24.5,88.0,326.81363,309.1184,53.66363000000001,35.96840000000003
2017-04-10 05:00:00,24.5,88.25,326.81363,309.1184,53.66363000000001,35.96840000000003
2017-04-10 05:00:00,24.5,88.5,327.15912,309.18127,54.009119999999996,36.031270000000006
2017-04-10 05:00:00,24.5,88.75,327.34552,309.1344,54.195520000000045,35.98440000000005
2017-04-10 05:00:00,24.5,89.0,326.21826,308.8889,53.06826000000001,35.7389
2017-04-10 05:00:00,24.5,89.25,325.80463,308.44827,52.65463,35.29827
2017-04-10 05:00:00,24.5,89.5,325.8515,308.2429,52.70150000000001,35.09290000000004
2017-04-10 05:00:00,24.5,89.75,325.35474,308.0645,52.204740000000015,34.91450000000003
2017-04-10 05:00:00,24.5,90.0,326.95218,308.86453,53.80218000000002,35.714530000000025
2017-04-10 05:00:00,24.25,85.5,326.459,305.25388,53.309000000000026,32.103880000000004
2017-04-10 05:00:00,24.25,85.75,327.76282,306.04074,54.61282,32.89074000000005
2017-04-10 05:00:00,24.25,86.0,327.76282,306.04074,54.61282,32.89074000000005
2017-04-10 05:00:00,24.25,86.25,328.8898,307.0496,55.7398,33.89960000000002
2017-04-10 05:00:00,24.25,86.5,329.10718,307.77792,55.95718000000005,34.62792000000002
2017-04-10 05:00:00,24.25,86.75,328.67493,308.14917,55.52493000000004,34.99917000000005
2017-04-10 05:00:00,24.25,87.0,328.75903,308.52982,55.60903000000002,35.379819999999995
2017-04-10 05:00:00,24.25,87.25,328.1981,308.55286,55.048100000000034,35.40286000000003
2017-04-10 05:00:00,24.25,87.5,327.5251,308.87714,54.37510000000003,35.72714000000002
2017-04-10 05:00:00,24.25,87.75,327.8188,309.50638,54.66880000000003,36.35638
2017-04-10 05:00:00,24.25,88.0,328.27237,309.97678,55.122370000000046,36.82678000000004
2017-04-10 05:00:00,24.25,88.25,328.27237,309.97678,55.122370000000046,36.82678000000004
2017-04-10 05:00:00,24.25,88.5,327.93896,310.08603,54.78896000000003,36.93603000000002
2017-04-10 05:00:00,24.25,88.75,327.00308,309.67307,53.853080000000034,36.52307000000002
2017-04-10 05:00:00,24.25,89.0,325.98065,309.08923,52.83065000000005,35.93923000000001
2017-04-10 05:00:00,24.25,89.25,326.2128,309.15976,53.06280000000004,36.00976000000003
2017-04-10 05:00:00,24.25,89.5,326.35,308.99872,53.200000000000045,35.848720000000014
2017-04-10 05:00:00,24.25,89.75,325.8855,308.8334,52.7355,35.683400000000006
2017-04-10 05:00:00,24.25,90.0,327.62006,309.6975,54.470060000000046,36.547500000000014
2017-04-10 05:00:00,24.0,85.5,325.81302,304.3,52.66302000000002,31.150000000000034
2017-04-10 05:00:00,24.0,85.75,326.56406,305.87195,53.414060000000006,32.72195000000005
2017-04-10 05:00:00,24.0,86.0,326.56406,305.87195,53.414060000000006,32.72195000000005
2017-04-10 05:00:00,24.0,86.25,327.28857,307.11533,54.138570000000016,33.965329999999994
2017-04-10 05:00:00,24.0,86.5,327.8079,307.82138,54.65790000000004,34.67138
2017-04-10 05:00:00,24.0,86.75,327.88562,308.3299,54.73562000000004,35.17990000000003
2017-04-10 05:00:00,24.0,87.0,328.5634,309.12222,55.413400000000024,35.97222000000005
2017-04-10 05:00:00,24.0,87.25,327.91168,309.23868,54.76168000000001,36.08868000000001
2017-04-10 05:00:00,24.0,87.5,328.22696,309.95956,55.07696000000004,36.80956000000003
2017-04-10 05:00:00,24.0,87.75,329.1735,311.08786,56.02350000000001,37.93786
2017-04-10 05:00:00,24.0,88.0,328.8448,311.22266,55.69480000000004,38.07266000000004
2017-04-10 05:00:00,24.0,88.25,328.8448,311.22266,55.69480000000004,38.07266000000004
2017-04-10 05:00:00,24.0,88.5,328.21634,310.8342,55.066340000000025,37.68420000000003
2017-04-10 05:00:00,24.0,88.75,328.30145,310.84738,55.15145000000001,37.69738000000001
2017-04-10 05:00:00,24.0,89.0,327.63623,310.46378,54.486230000000035,37.31378000000001
2017-04-10 05:00:00,24.0,89.25,326.51492,309.84244,53.36492000000004,36.69244000000003
2017-04-10 05:00:00,24.0,89.5,326.9705,309.72495,53.82050000000004,36.57495
2017-04-10 05:00:00,24.0,89.75,326.13058,309.12256,52.98058000000003,35.972560000000044
2017-04-10 05:00:00,24.0,90.0,327.57306,309.48688,54.42306000000002,36.33688000000001
2017-04-10 05:00:00,23.75,85.5,326.614,306.31656,53.464,33.166560000000004
2017-04-10 05:00:00,23.75,85.75,325.349,306.67297,52.19900000000001,33.52297000000004
2017-04-10 05:00:00,23.75,86.0,325.349,306.67297,52.19900000000001,33.52297000000004
2017-04-10 05:00:00,23.75,86.25,327.26224,308.5813,54.11224000000004,35.43130000000002
2017-04-10 05:00:00,23.75,86.5,328.5545,309.59207,55.40450000000004,36.44207
2017-04-10 05:00:00,23.75,86.75,326.83563,309.19897,53.68563,36.04897
2017-04-10 05:00:00,23.75,87.0,327.1764,309.34628,54.026400000000024,36.19628
2017-04-10 05:00:00,23.75,87.25,327.75644,309.7809,54.60644000000002,36.6309
2017-04-10 05:00:00,23.75,87.5,328.96475,310.86252,55.814750000000004,37.71252000000004
2017-04-10 05:00:00,23.75,87.75,329.99097,311.6426,56.84097000000003,38.49260000000004
2017-04-10 05:00:00,23.75,88.0,329.50986,311.6241,56.359860000000026,38.47410000000002
2017-04-10 05:00:00,23.75,88.25,329.50986,311.6241,56.359860000000026,38.47410000000002
2017-04-10 05:00:00,23.75,88.5,328.66357,311.43323,55.513570000000016,38.28323
2017-04-10 05:00:00,23.75,88.75,328.61197,311.31274,55.46197000000001,38.16274000000004
2017-04-10 05:00:00,23.75,89.0,328.49167,311.24365,55.34167000000002,38.093650000000025
2017-04-10 05:00:00,23.75,89.25,327.9505,310.9379,54.8005,37.787900000000036
2017-04-10 05:00:00,23.75,89.5,327.42017,310.6336,54.27017000000001,37.483600000000024
2017-04-10 05:00:00,23.75,89.75,326.47534,310.0745,53.32534000000004,36.92450000000002
2017-04-10 05:00:00,23.75,90.0,325.82446,309.2903,52.67446000000001,36.140300000000025
2017-04-10 05:00:00,23.5,85.5,325.97397,306.05444,52.82397000000003,32.90444000000002
2017-04-10 05:00:00,23.5,85.75,327.31592,308.25363,54.16592000000003,35.10363000000001
2017-04-10 05:00:00,23.5,86.0,327.31592,308.25363,54.16592000000003,35.10363000000001
2017-04-10 05:00:00,23.5,86.25,329.1594,309.61218,56.00940000000003,36.462180000000046
2017-04-10 05:00:00,23.5,86.5,329.50885,310.15356,56.35885000000002,37.00356000000005
2017-04-10 05:00:00,23.5,86.75,328.50427,309.98862,55.35427000000004,36.83862000000005
2017-04-10 05:00:00,23.5,87.0,328.23608,310.2391,55.08608000000004,37.08910000000003
2017-04-10 05:00:00,23.5,87.25,328.03287,310.58014,54.882870000000025,37.430139999999994
2017-04-10 05:00:00,23.5,87.5,328.80145,311.2598,55.65145000000001,38.10980000000001
2017-04-10 05:00:00,23.5,87.75,329.64667,311.75583,56.496669999999995,38.605830000000026
2017-04-10 05:00:00,23.5,88.0,329.48544,311.9063,56.335440000000006,38.75630000000001
2017-04-10 05:00:00,23.5,88.25,329.48544,311.9063,56.335440000000006,38.75630000000001
2017-04-10 05:00:00,23.5,88.5,329.10342,311.94946,55.95342000000005,38.79946000000001
2017-04-10 05:00:00,23.5,88.75,329.07693,311.745,55.92693000000003,38.59500000000003
2017-04-10 05:00:00,23.5,89.0,329.0246,311.50833,55.874600000000044,38.358330000000024
2017-04-10 05:00:00,23.5,89.25,328.85803,311.21588,55.70803000000001,38.06588000000005
2017-04-10 05:00:00,23.5,89.5,327.97006,310.88876,54.82006000000001,37.73876000000001
2017-04-10 05:00:00,23.5,89.75,327.67294,310.61386,54.522940000000006,37.46386000000001
2017-04-10 05:00:00,23.5,90.0,327.00842,310.42575,53.858420000000024,37.275750000000016
2017-04-10 05:00:00,23.25,85.5,328.09204,308.82248,54.94204000000002,35.67248000000001
2017-04-10 05:00:00,23.25,85.75,329.83087,310.5497,56.68087000000003,37.399699999999996
2017-04-10 05:00:00,23.25,86.0,329.83087,310.5497,56.68087000000003,37.399699999999996
2017-04-10 05:00:00,23.25,86.25,329.0765,310.41483,55.92650000000003,37.26483000000002
2017-04-10 05:00:00,23.25,86.5,329.48016,310.6145,56.330160000000035,37.464500000000044
2017-04-10 05:00:00,23.25,86.75,330.02625,311.12326,56.87625000000003,37.97326000000004
2017-04-10 05:00:00,23.25,87.0,330.19513,311.6432,57.04513000000003,38.4932
2017-04-10 05:00:00,23.25,87.25,330.5813,312.11832,57.43130000000002,38.968320000000006
2017-04-10 05:00:00,23.25,87.5,330.81195,312.46362,57.66195000000005,39.313620000000014
2017-04-10 05:00:00,23.25,87.75,330.58487,312.5905,57.434870000000046,39.44050000000004
2017-04-10 05:00:00,23.25,88.0,330.48752,312.68863,57.33752000000004,39.53863000000001
2017-04-10 05:00:00,23.25,88.25,330.48752,312.68863,57.33752000000004,39.53863000000001
2017-04-10 05:00:00,23.25,88.5,330.2317,312.65213,57.08170000000001,39.50213000000002
2017-04-10 05:00:00,23.25,88.75,329.6735,312.3886,56.52350000000001,39.23860000000002
2017-04-10 05:00:00,23.25,89.0,330.08,312.38275,56.93000000000001,39.23275000000001
2017-04-10 05:00:00,23.25,89.25,330.15744,312.3373,57.00744000000003,39.18730000000005
2017-04-10 05:00:00,23.25,89.5,329.5608,312.26196,56.410799999999995,39.11196000000001
2017-04-10 05:00:00,23.25,89.75,328.67746,311.9004,55.52746000000002,38.75040000000001
2017-04-10 05:00:00,23.25,90.0,329.50067,312.10452,56.35067000000004,38.95452
2017-04-10 05:00:00,23.0,85.5,328.02884,310.21417,54.878840000000025,37.06417000000005
2017-04-10 05:00:00,23.0,85.75,329.15393,311.35645,56.003930000000025,38.20645000000002
2017-04-10 05:00:00,23.0,86.0,329.15393,311.35645,56.003930000000025,38.20645000000002
2017-04-10 05:00:00,23.0,86.25,329.29608,311.70465,56.14608000000004,38.55465000000004
2017-04-10 05:00:00,23.0,86.5,329.09644,311.4681,55.946439999999996,38.318100000000015
2017-04-10 05:00:00,23.0,86.75,328.28964,311.27695,55.13964000000004,38.12695000000002
2017-04-10 05:00:00,23.0,87.0,329.59998,311.90985,56.44998000000004,38.75985000000003
2017-04-10 05:00:00,23.0,87.25,331.28442,312.76202,58.134420000000034,39.61202000000003
2017-04-10 05:00:00,23.0,87.5,332.32855,313.4288,59.17855000000003,40.27880000000005
2017-04-10 05:00:00,23.0,87.75,332.4764,313.85257,59.326400000000035,40.70257000000004
2017-04-10 05:00:00,23.0,88.0,331.94055,313.90973,58.790549999999996,40.75973000000005
2017-04-10 05:00:00,23.0,88.25,331.94055,313.90973,58.790549999999996,40.75973000000005
2017-04-10 05:00:00,23.0,88.5,330.92456,313.53735,57.77456000000001,40.387350000000026
2017-04-10 05:00:00,23.0,88.75,330.0655,313.112,56.91550000000001,39.962000000000046
2017-04-10 05:00:00,23.0,89.0,330.5231,313.1207,57.37310000000002,39.97070000000002
2017-04-10 05:00:00,23.0,89.25,330.75763,313.22522,57.60763000000003,40.07522
2017-04-10 05:00:00,23.0,89.5,329.7607,312.90546,56.61070000000001,39.75546000000003
2017-04-10 05:00:00,23.0,89.75,330.185,313.1144,57.035000000000025,39.96440000000001
2017-04-10 05:00:00,23.0,90.0,329.99814,312.90417,56.84814,39.754170000000045
2017-04-10 05:00:00,22.75,85.5,330.43524,312.13538,57.285240000000044,38.98538000000002
2017-04-10 05:00:00,22.75,85.75,332.6208,313.63727,59.4708,40.487270000000024
2017-04-10 05:00:00,22.75,86.0,332.6208,313.63727,59.4708,40.487270000000024
2017-04-10 05:00:00,22.75,86.25,331.9396,313.51224,58.78960000000001,40.36224000000004
2017-04-10 05:00:00,22.75,86.5,329.35147,311.86136,56.20147000000003,38.71136000000001
2017-04-10 05:00:00,22.75,86.75,329.88223,312.30264,56.732230000000015,39.15264000000002
2017-04-10 05:00:00,22.75,87.0,331.17026,313.1527,58.02026000000001,40.002700000000004
2017-04-10 05:00:00,22.75,87.25,332.64294,314.04523,59.49294000000003,40.895230000000026
2017-04-10 05:00:00,22.75,87.5,332.09607,314.2401,58.94607000000002,41.09010000000001
2017-04-10 05:00:00,22.75,87.75,331.72382,314.24417,58.57382000000001,41.09417000000002
2017-04-10 05:00:00,22.75,88.0,330.54504,313.9901,57.395039999999995,40.84010000000001
2017-04-10 05:00:00,22.75,88.25,330.54504,313.9901,57.395039999999995,40.84010000000001
2017-04-10 05:00:00,22.75,88.5,329.52316,313.60614,56.37316000000004,40.456140000000005
2017-04-10 05:00:00,22.75,88.75,329.096,313.25357,55.946000000000026,40.10357000000005
2017-04-10 05:00:00,22.75,89.0,328.4838,312.85855,55.3338,39.70855
2017-04-10 05:00:00,22.75,89.25,327.9082,312.4723,54.758200000000045,39.32230000000004
2017-04-10 05:00:00,22.75,89.5,328.96747,312.77002,55.817470000000014,39.62002000000001
2017-04-10 05:00:00,22.75,89.75,331.2027,313.59143,58.052700000000016,40.441430000000025
2017-04-10 05:00:00,22.75,90.0,331.45932,313.54117,58.309320000000014,40.391170000000045
2017-04-10 05:00:00,22.5,85.5,330.43524,312.13538,57.285240000000044,38.98538000000002
2017-04-10 05:00:00,22.5,85.75,332.6208,313.63727,59.4708,40.487270000000024
2017-04-10 05:00:00,22.5,86.0,332.6208,313.63727,59.4708,40.487270000000024
2017-04-10 05:00:00,22.5,86.25,331.9396,313.51224,58.78960000000001,40.36224000000004
2017-04-10 05:00:00,22.5,86.5,329.35147,311.86136,56.20147000000003,38.71136000000001
2017-04-10 05:00:00,22.5,86.75,329.88223,312.30264,56.732230000000015,39.15264000000002
2017-04-10 05:00:00,22.5,87.0,331.17026,313.1527,58.02026000000001,40.002700000000004
2017-04-10 05:00:00,22.5,87.25,332.64294,314.04523,59.49294000000003,40.895230000000026
2017-04-10 05:00:00,22.5,87.5,332.09607,314.2401,58.94607000000002,41.09010000000001
2017-04-10 05:00:00,22.5,87.75,331.72382,314.24417,58.57382000000001,41.09417000000002
2017-04-10 05:00:00,22.5,88.0,330.54504,313.9901,57.395039999999995,40.84010000000001
2017-04-10 05:00:00,22.5,88.25,330.54504,313.9901,57.395039999999995,40.84010000000001
2017-04-10 05:00:00,22.5,88.5,329.52316,313.60614,56.37316000000004,40.456140000000005
2017-04-10 05:00:00,22.5,88.75,329.096,313.25357,55.946000000000026,40.10357000000005
2017-04-10 05:00:00,22.5,89.0,328.4838,312.85855,55.3338,39.70855
2017-04-10 05:00:00,22.5,89.25,327.9082,312.4723,54.758200000000045,39.32230000000004
2017-04-10 05:00:00,22.5,89.5,328.96747,312.77002,55.817470000000014,39.62002000000001
2017-04-10 05:00:00,22.5,89.75,331.2027,313.59143,58.052700000000016,40.441430000000025
2017-04-10 05:00:00,22.5,90.0,331.45932,313.54117,58.309320000000014,40.391170000000045
2017-04-10 05:00:00,22.25,85.5,331.8163,313.12494,58.666300000000035,39.974940000000004
2017-04-10 05:00:00,22.25,85.75,332.35272,313.8282,59.20272,40.678200000000004
2017-04-10 05:00:00,22.25,86.0,332.35272,313.8282,59.20272,40.678200000000004
2017-04-10 05:00:00,22.25,86.25,331.49677,313.5372,58.34677000000005,40.38720000000001
2017-04-10 05:00:00,22.25,86.5,329.24283,312.5175,56.09283000000005,39.36750000000001
2017-04-10 05:00:00,22.25,86.75,330.89832,313.5923,57.748320000000035,40.442300000000046
2017-04-10 05:00:00,22.25,87.0,331.10077,313.71973,57.950770000000034,40.56973000000005
2017-04-10 05:00:00,22.25,87.25,332.1627,314.46918,59.012699999999995,41.31918000000002
2017-04-10 05:00:00,22.25,87.5,331.73114,314.81107,58.581140000000005,41.661069999999995
2017-04-10 05:00:00,22.25,87.75,329.65387,314.21472,56.503870000000006,41.06472000000002
2017-04-10 05:00:00,22.25,88.0,330.101,314.09192,56.95100000000002,40.94192000000004
2017-04-10 05:00:00,22.25,88.25,330.101,314.09192,56.95100000000002,40.94192000000004
2017-04-10 05:00:00,22.25,88.5,331.26898,314.21283,58.11898000000002,41.06283000000002
2017-04-10 05:00:00,22.25,88.75,330.85635,313.88104,57.70635000000004,40.73104000000001
2017-04-10 05:00:00,22.25,89.0,329.58255,313.20602,56.43255000000005,40.056020000000046
2017-04-10 05:00:00,22.25,89.25,328.6158,312.745,55.4658,39.59500000000003
2017-04-10 05:00:00,22.25,89.5,328.82217,312.98843,55.67217000000005,39.83843000000002
2017-04-10 05:00:00,22.25,89.75,330.51535,313.59167,57.365350000000035,40.441670000000045
2017-04-10 05:00:00,22.25,90.0,332.2205,313.76147,59.07050000000004,40.61147
2017-04-10 05:00:00,22.0,85.5,330.6948,312.33432,57.54480000000001,39.184320000000014
2017-04-10 05:00:00,22.0,85.75,331.16843,313.0999,58.01843000000002,39.949900000000014
2017-04-10 05:00:00,22.0,86.0,331.16843,313.0999,58.01843000000002,39.949900000000014
2017-04-10 05:00:00,22.0,86.25,328.89816,311.4275,55.74816000000004,38.27750000000003
2017-04-10 05:00:00,22.0,86.5,328.13193,311.33026,54.981930000000034,38.18026000000003
2017-04-10 05:00:00,22.0,86.75,331.77792,314.51447,58.62792000000002,41.36447000000004
2017-04-10 05:00:00,22.0,87.0,332.04013,314.92273,58.89013,41.772730000000024
2017-04-10 05:00:00,22.0,87.25,332.05225,315.31192,58.90225000000004,42.16192000000001
2017-04-10 05:00:00,22.0,87.5,331.586,315.3513,58.436000000000035,42.2013
2017-04-10 05:00:00,22.0,87.75,329.8314,314.02304,56.6814,40.87304
2017-04-10 05:00:00,22.0,88.0,329.82693,313.7861,56.67693000000003,40.6361
2017-04-10 05:00:00,22.0,88.25,329.82693,313.7861,56.67693000000003,40.6361
2017-04-10 05:00:00,22.0,88.5,329.82907,313.3871,56.679070000000024,40.2371
2017-04-10 05:00:00,22.0,88.75,329.32803,312.7055,56.178030000000035,39.555499999999995
2017-04-10 05:00:00,22.0,89.0,329.40253,312.86194,56.252530000000036,39.71194000000003
2017-04-10 05:00:00,22.0,89.25,329.29578,312.96487,56.14578,39.81487000000004
2017-04-10 05:00:00,22.0,89.5,328.61667,312.31726,55.46667000000002,39.16726
2017-04-10 05:00:00,22.0,89.75,328.92297,311.97037,55.77297000000004,38.820370000000025
2017-04-10 05:00:00,22.0,90.0,330.1672,312.15454,57.0172,39.00454000000002
2017-04-10 05:00:00,21.75,85.5,331.11154,312.6889,57.961540000000014,39.53890000000001
2017-04-10 05:00:00,21.75,85.75,332.64026,313.93582,59.490260000000035,40.78582
2017-04-10 05:00:00,21.75,86.0,332.64026,313.93582,59.490260000000035,40.78582
2017-04-10 05:00:00,21.75,86.25,326.41205,310.99808,53.262050000000045,37.84808000000004
2017-04-10 05:00:00,21.75,86.5,326.7906,310.92407,53.640600000000006,37.774069999999995
2017-04-10 05:00:00,21.75,86.75,332.11407,314.9221,58.96407000000005,41.77210000000002
2017-04-10 05:00:00,21.75,87.0,332.62225,315.46564,59.47225000000003,42.31564000000003
2017-04-10 05:00:00,21.75,87.25,332.07138,315.10706,58.92138,41.95706000000001
2017-04-10 05:00:00,21.75,87.5,330.36362,313.74,57.21362000000005,40.59000000000003
2017-04-10 05:00:00,21.75,87.75,324.22113,309.26056,51.07113000000004,36.11056000000002
2017-04-10 05:00:00,21.75,88.0,325.77365,309.59528,52.62365,36.445280000000025
2017-04-10 05:00:00,21.75,88.25,325.77365,309.59528,52.62365,36.445280000000025
2017-04-10 05:00:00,21.75,88.5,325.29663,309.18176,52.146630000000016,36.03176000000002
2017-04-10 05:00:00,21.75,88.75,325.70456,309.26068,52.55456000000004,36.11068
2017-04-10 05:00:00,21.75,89.0,330.5483,312.0597,57.398300000000006,38.90970000000004
2017-04-10 05:00:00,21.75,89.25,329.4417,311.4,56.29170000000005,38.25
2017-04-10 05:00:00,21.75,89.5,324.47092,307.7096,51.32092,34.559600000000046
2017-04-10 05:00:00,21.75,89.75,323.99823,306.40225,50.84823,33.252250000000004
2017-04-10 05:00:00,21.75,90.0,323.14758,305.9642,49.99758000000003,32.81420000000003
2017-04-10 05:00:00,21.5,85.5,328.8544,312.0699,55.70440000000002,38.91990000000004
2017-04-10 05:00:00,21.5,85.75,331.0913,313.78998,57.94130000000001,40.63998000000004
2017-04-10 05:00:00,21.5,86.0,331.0913,313.78998,57.94130000000001,40.63998000000004
2017-04-10 05:00:00,21.5,86.25,329.83496,312.91818,56.684960000000046,39.76818000000003
2017-04-10 05:00:00,21.5,86.5,330.87933,314.1313,57.729330000000004,40.98130000000003
2017-04-10 05:00:00,21.5,86.75,333.4827,315.77148,60.332700000000045,42.62148000000002
2017-04-10 05:00:00,21.5,87.0,323.8757,309.02933,50.72570000000002,35.87933000000004
2017-04-10 05:00:00,21.5,87.25,321.46362,305.4664,48.313620000000014,32.316400000000044
2017-04-10 05:00:00,21.5,87.5,321.52112,304.94885,48.37112000000002,31.798850000000016
2017-04-10 05:00:00,21.5,87.75,321.63742,304.61813,48.48742000000004,31.46813000000003
2017-04-10 05:00:00,21.5,88.0,321.83798,305.28708,48.68798000000004,32.137080000000026
2017-04-10 05:00:00,21.5,88.25,321.83798,305.28708,48.68798000000004,32.137080000000026
2017-04-10 05:00:00,21.5,88.5,322.1849,305.526,49.03490000000005,32.37600000000003
2017-04-10 05:00:00,21.5,88.75,322.88135,305.44974,49.73135000000002,32.29974000000004
2017-04-10 05:00:00,21.5,89.0,323.73898,305.70615,50.58898000000005,32.55615
2017-04-10 05:00:00,21.5,89.25,324.17917,305.88705,51.02917000000002,32.73705000000001
2017-04-10 05:00:00,21.5,89.5,323.97723,306.07666,50.82723000000004,32.92666000000003
2017-04-10 05:00:00,21.5,89.75,323.32812,306.18417,50.178120000000035,33.03417000000002
2017-04-10 05:00:00,21.5,90.0,322.40012,306.2233,49.25012000000004,33.07330000000002
2017-04-10 05:00:00,21.25,85.5,329.5171,312.7202,56.36710000000005,39.5702
2017-04-10 05:00:00,21.25,85.75,330.7042,313.622,57.55420000000004,40.47200000000004
2017-04-10 05:00:00,21.25,86.0,330.7042,313.622,57.55420000000004,40.47200000000004
2017-04-10 05:00:00,21.25,86.25,331.61646,314.45367,58.46646000000004,41.30367000000001
2017-04-10 05:00:00,21.25,86.5,333.26318,315.50604,60.11318,42.35604000000001
2017-04-10 05:00:00,21.25,86.75,329.55246,313.9322,56.40246000000002,40.782200000000046
2017-04-10 05:00:00,21.25,87.0,323.00098,309.36896,49.85098000000005,36.21896000000004
2017-04-10 05:00:00,21.25,87.25,321.5062,306.30368,48.3562,33.15368000000001
2017-04-10 05:00:00,21.25,87.5,321.49307,305.1645,48.34307000000001,32.0145
2017-04-10 05:00:00,21.25,87.75,321.52304,304.9674,48.37304,31.81740000000002
2017-04-10 05:00:00,21.25,88.0,321.56073,305.00638,48.41073,31.85638
2017-04-10 05:00:00,21.25,88.25,321.56073,305.00638,48.41073,31.85638
2017-04-10 05:00:00,21.25,88.5,321.72333,305.16574,48.57333,32.01574000000005
2017-04-10 05:00:00,21.25,88.75,322.26672,305.59415,49.11672000000004,32.444150000000036
2017-04-10 05:00:00,21.25,89.0,323.0452,305.8752,49.895200000000045,32.72520000000003
2017-04-10 05:00:00,21.25,89.25,323.5724,306.0076,50.42240000000004,32.85760000000005
2017-04-10 05:00:00,21.25,89.5,323.63486,306.3628,50.484860000000026,33.212800000000016
2017-04-10 05:00:00,21.25,89.75,323.29193,306.54602,50.14193,33.39602000000002
2017-04-10 05:00:00,21.25,90.0,322.60822,306.56763,49.45822000000004,33.41763000000003
2017-04-10 05:00:00,21.0,85.5,332.04492,314.30432,58.89492000000001,41.15432000000004
2017-04-10 05:00:00,21.0,85.75,332.1137,314.61624,58.96370000000002,41.46624000000003
2017-04-10 05:00:00,21.0,86.0,332.1137,314.61624,58.96370000000002,41.46624000000003
2017-04-10 05:00:00,21.0,86.25,333.11014,314.9029,59.960140000000024,41.75290000000001
2017-04-10 05:00:00,21.0,86.5,332.52457,314.75952,59.374570000000006,41.60952000000003
2017-04-10 05:00:00,21.0,86.75,335.02307,314.9352,61.87307000000004,41.78520000000003
2017-04-10 05:00:00,21.0,87.0,324.15512,310.26477,51.00512000000003,37.11477000000002
2017-04-10 05:00:00,21.0,87.25,321.32492,306.85745,48.17492000000004,33.707449999999994
2017-04-10 05:00:00,21.0,87.5,321.27423,305.06894,48.12423000000001,31.91894000000002
2017-04-10 05:00:00,21.0,87.75,321.2189,304.41962,48.06890000000004,31.26962000000003
2017-04-10 05:00:00,21.0,88.0,321.11536,304.38715,47.96536000000003,31.237150000000042
2017-04-10 05:00:00,21.0,88.25,321.11536,304.38715,47.96536000000003,31.237150000000042
2017-04-10 05:00:00,21.0,88.5,321.1386,304.67493,47.98860000000002,31.52493000000004
2017-04-10 05:00:00,21.0,88.75,321.52707,305.12708,48.37707,31.97708
2017-04-10 05:00:00,21.0,89.0,322.21768,305.76392,49.067679999999996,32.61392000000001
2017-04-10 05:00:00,21.0,89.25,322.9186,306.2451,49.76860000000005,33.0951
2017-04-10 05:00:00,21.0,89.5,323.44046,306.27094,50.290459999999996,33.12094000000002
2017-04-10 05:00:00,21.0,89.75,323.67056,306.25748,50.520560000000046,33.10748000000001
2017-04-10 05:00:00,21.0,90.0,323.49136,306.30035,50.34136000000001,33.15035
2017-04-10 06:00:00,27.5,85.5,320.51086,301.9093,47.36086,28.759299999999996
2017-04-10 06:00:00,27.5,85.75,319.29678,302.4121,46.146780000000035,29.262100000000032
2017-04-10 06:00:00,27.5,86.0,319.29678,302.4121,46.146780000000035,29.262100000000032
2017-04-10 06:00:00,27.5,86.25,318.5234,300.10715,45.373400000000004,26.957150000000013
2017-04-10 06:00:00,27.5,86.5,315.1702,296.82266,42.020200000000045,23.672660000000008
2017-04-10 06:00:00,27.5,86.75,312.40268,294.64734,39.25268,21.49734000000001
2017-04-10 06:00:00,27.5,87.0,310.91605,294.90933,37.76605000000001,21.759330000000034
2017-04-10 06:00:00,27.5,87.25,311.5658,297.42245,38.41580000000005,24.27245000000005
2017-04-10 06:00:00,27.5,87.5,311.8275,297.93048,38.67750000000001,24.78048000000001
2017-04-10 06:00:00,27.5,87.75,310.58682,294.16812,37.43682000000001,21.01812000000001
2017-04-10 06:00:00,27.5,88.0,310.9334,291.9232,37.78340000000003,18.77320000000003
2017-04-10 06:00:00,27.5,88.25,310.9334,291.9232,37.78340000000003,18.77320000000003
2017-04-10 06:00:00,27.5,88.5,313.4011,294.1741,40.25110000000001,21.024100000000033
2017-04-10 06:00:00,27.5,88.75,313.98627,293.522,40.83627000000001,20.372000000000014
2017-04-10 06:00:00,27.5,89.0,311.13907,286.47614,37.98907000000003,13.32614000000001
2017-04-10 06:00:00,27.5,89.25,307.46158,282.1553,34.31158000000005,9.005300000000034
2017-04-10 06:00:00,27.5,89.5,308.26904,285.07773,35.11904000000004,11.927729999999997
2017-04-10 06:00:00,27.5,89.75,308.80362,290.86496,35.653620000000046,17.71496000000002
2017-04-10 06:00:00,27.5,90.0,312.90063,296.28873,39.75063,23.13873000000001
2017-04-10 06:00:00,27.25,85.5,326.24402,308.1243,53.09402,34.97430000000003
2017-04-10 06:00:00,27.25,85.75,324.0993,306.33832,50.94930000000005,33.18832000000003
2017-04-10 06:00:00,27.25,86.0,324.0993,306.33832,50.94930000000005,33.18832000000003
2017-04-10 06:00:00,27.25,86.25,322.87955,304.55872,49.72955000000002,31.408720000000017
2017-04-10 06:00:00,27.25,86.5,319.91565,302.88757,46.76565000000005,29.737570000000005
2017-04-10 06:00:00,27.25,86.75,319.08636,302.01532,45.936360000000036,28.865319999999997
2017-04-10 06:00:00,27.25,87.0,317.98245,301.14056,44.832449999999994,27.990560000000016
2017-04-10 06:00:00,27.25,87.25,317.63617,301.7989,44.486170000000016,28.648900000000026
2017-04-10 06:00:00,27.25,87.5,317.90756,301.3937,44.75756000000001,28.243700000000047
2017-04-10 06:00:00,27.25,87.75,316.20367,298.09274,43.05367000000001,24.942740000000015
2017-04-10 06:00:00,27.25,88.0,315.35367,296.95486,42.203670000000045,23.80486000000002
2017-04-10 06:00:00,27.25,88.25,315.35367,296.95486,42.203670000000045,23.80486000000002
2017-04-10 06:00:00,27.25,88.5,317.57166,300.02527,44.42166000000003,26.87527
2017-04-10 06:00:00,27.25,88.75,317.95584,300.57593,44.805840000000046,27.42593000000005
2017-04-10 06:00:00,27.25,89.0,314.34784,296.2995,41.19784000000004,23.149500000000046
2017-04-10 06:00:00,27.25,89.25,310.9516,293.41934,37.80160000000001,20.26934
2017-04-10 06:00:00,27.25,89.5,309.99078,291.25888,36.840779999999995,18.10888
2017-04-10 06:00:00,27.25,89.75,310.11197,291.10498,36.96197000000001,17.954980000000035
2017-04-10 06:00:00,27.25,90.0,313.55493,295.4884,40.404930000000036,22.338400000000036
2017-04-10 06:00:00,27.0,85.5,326.24402,308.1243,53.09402,34.97430000000003
2017-04-10 06:00:00,27.0,85.75,324.0993,306.33832,50.94930000000005,33.18832000000003
2017-04-10 06:00:00,27.0,86.0,324.0993,306.33832,50.94930000000005,33.18832000000003
2017-04-10 06:00:00,27.0,86.25,322.87955,304.55872,49.72955000000002,31.408720000000017
2017-04-10 06:00:00,27.0,86.5,319.91565,302.88757,46.76565000000005,29.737570000000005
2017-04-10 06:00:00,27.0,86.75,319.08636,302.01532,45.936360000000036,28.865319999999997
2017-04-10 06:00:00,27.0,87.0,317.98245,301.14056,44.832449999999994,27.990560000000016
2017-04-10 06:00:00,27.0,87.25,317.63617,301.7989,44.486170000000016,28.648900000000026
2017-04-10 06:00:00,27.0,87.5,317.90756,301.3937,44.75756000000001,28.243700000000047
2017-04-10 06:00:00,27.0,87.75,316.20367,298.09274,43.05367000000001,24.942740000000015
2017-04-10 06:00:00,27.0,88.0,315.35367,296.95486,42.203670000000045,23.80486000000002
2017-04-10 06:00:00,27.0,88.25,315.35367,296.95486,42.203670000000045,23.80486000000002
2017-04-10 06:00:00,27.0,88.5,317.57166,300.02527,44.42166000000003,26.87527
2017-04-10 06:00:00,27.0,88.75,317.95584,300.57593,44.805840000000046,27.42593000000005
2017-04-10 06:00:00,27.0,89.0,314.34784,296.2995,41.19784000000004,23.149500000000046
2017-04-10 06:00:00,27.0,89.25,310.9516,293.41934,37.80160000000001,20.26934
2017-04-10 06:00:00,27.0,89.5,309.99078,291.25888,36.840779999999995,18.10888
2017-04-10 06:00:00,27.0,89.75,310.11197,291.10498,36.96197000000001,17.954980000000035
2017-04-10 06:00:00,27.0,90.0,313.55493,295.4884,40.404930000000036,22.338400000000036
2017-04-10 06:00:00,26.75,85.5,327.79886,308.90155,54.64886000000001,35.75155000000001
2017-04-10 06:00:00,26.75,85.75,329.33014,309.4171,56.180139999999994,36.26710000000003
2017-04-10 06:00:00,26.75,86.0,329.33014,309.4171,56.180139999999994,36.26710000000003
2017-04-10 06:00:00,26.75,86.25,328.9041,308.9628,55.75410000000005,35.81280000000004
2017-04-10 06:00:00,26.75,86.5,327.52008,308.25555,54.37008000000003,35.10555000000005
2017-04-10 06:00:00,26.75,86.75,324.79752,306.77835,51.64752000000004,33.62835000000001
2017-04-10 06:00:00,26.75,87.0,322.50565,304.49188,49.355650000000026,31.341880000000003
2017-04-10 06:00:00,26.75,87.25,321.21866,303.16302,48.06866000000002,30.01302000000004
2017-04-10 06:00:00,26.75,87.5,320.68256,302.81854,47.532560000000046,29.668540000000007
2017-04-10 06:00:00,26.75,87.75,319.6092,302.2931,46.45920000000001,29.143100000000004
2017-04-10 06:00:00,26.75,88.0,318.9368,302.4077,45.78680000000003,29.2577
2017-04-10 06:00:00,26.75,88.25,318.9368,302.4077,45.78680000000003,29.2577
2017-04-10 06:00:00,26.75,88.5,320.26813,304.27493,47.11813000000001,31.124930000000006
2017-04-10 06:00:00,26.75,88.75,322.1984,306.25208,49.048400000000015,33.10208
2017-04-10 06:00:00,26.75,89.0,322.3451,306.17505,49.195100000000025,33.02505000000002
2017-04-10 06:00:00,26.75,89.25,320.8016,304.63586,47.65160000000003,31.485860000000002
2017-04-10 06:00:00,26.75,89.5,319.92227,302.95312,46.77227000000005,29.803120000000035
2017-04-10 06:00:00,26.75,89.75,316.1489,300.2435,42.99890000000005,27.093500000000006
2017-04-10 06:00:00,26.75,90.0,317.59595,302.6304,44.44595000000004,29.48040000000003
2017-04-10 06:00:00,26.5,85.5,329.11017,309.5327,55.960170000000005,36.3827
2017-04-10 06:00:00,26.5,85.75,328.67267,309.32376,55.522670000000005,36.173760000000016
2017-04-10 06:00:00,26.5,86.0,328.67267,309.32376,55.522670000000005,36.173760000000016
2017-04-10 06:00:00,26.5,86.25,328.32965,309.1425,55.17965000000004,35.99250000000001
2017-04-10 06:00:00,26.5,86.5,328.68378,308.6904,55.533780000000036,35.540400000000034
2017-04-10 06:00:00,26.5,86.75,327.9654,308.2303,54.81540000000001,35.08030000000002
2017-04-10 06:00:00,26.5,87.0,325.8945,307.51624,52.744500000000016,34.366240000000005
2017-04-10 06:00:00,26.5,87.25,326.76672,308.08618,53.61672000000004,34.936180000000036
2017-04-10 06:00:00,26.5,87.5,327.76987,308.56747,54.61987000000005,35.41747000000004
2017-04-10 06:00:00,26.5,87.75,326.8656,308.39047,53.715599999999995,35.240470000000016
2017-04-10 06:00:00,26.5,88.0,326.01852,308.2737,52.868520000000046,35.12370000000004
2017-04-10 06:00:00,26.5,88.25,326.01852,308.2737,52.868520000000046,35.12370000000004
2017-04-10 06:00:00,26.5,88.5,326.37448,308.83945,53.22448000000003,35.68945000000002
2017-04-10 06:00:00,26.5,88.75,326.6265,309.43158,53.476500000000044,36.28158000000002
2017-04-10 06:00:00,26.5,89.0,325.44666,308.4039,52.29666000000003,35.253900000000044
2017-04-10 06:00:00,26.5,89.25,323.77026,307.30038,50.62026000000003,34.15038000000004
2017-04-10 06:00:00,26.5,89.5,324.89285,308.27814,51.74285000000003,35.12814000000003
2017-04-10 06:00:00,26.5,89.75,323.89597,307.0396,50.74597,33.88960000000003
2017-04-10 06:00:00,26.5,90.0,325.2897,308.145,52.139700000000005,34.995000000000005
2017-04-10 06:00:00,26.25,85.5,328.008,309.30814,54.858000000000004,36.15814
2017-04-10 06:00:00,26.25,85.75,327.96814,308.87662,54.81814000000003,35.726620000000025
2017-04-10 06:00:00,26.25,86.0,327.96814,308.87662,54.81814000000003,35.726620000000025
2017-04-10 06:00:00,26.25,86.25,327.9462,308.75705,54.7962,35.607050000000015
2017-04-10 06:00:00,26.25,86.5,327.3255,308.1938,54.1755,35.04380000000003
2017-04-10 06:00:00,26.25,86.75,326.57373,308.02344,53.423730000000035,34.873440000000016
2017-04-10 06:00:00,26.25,87.0,325.92023,307.55954,52.770230000000026,34.40954000000005
2017-04-10 06:00:00,26.25,87.25,326.2911,307.50595,53.141099999999994,34.35595000000001
2017-04-10 06:00:00,26.25,87.5,326.9973,307.65005,53.84730000000002,34.500050000000044
2017-04-10 06:00:00,26.25,87.75,327.11374,307.51846,53.96374000000003,34.36846000000003
2017-04-10 06:00:00,26.25,88.0,326.75137,307.33405,53.60137000000003,34.18405000000001
2017-04-10 06:00:00,26.25,88.25,326.75137,307.33405,53.60137000000003,34.18405000000001
2017-04-10 06:00:00,26.25,88.5,326.14426,307.3661,52.99426,34.21610000000004
2017-04-10 06:00:00,26.25,88.75,325.30844,307.3283,52.15844000000004,34.178300000000036
2017-04-10 06:00:00,26.25,89.0,324.58853,306.81445,51.438530000000014,33.664450000000045
2017-04-10 06:00:00,26.25,89.25,323.8976,305.98962,50.747600000000034,32.839620000000025
2017-04-10 06:00:00,26.25,89.5,323.15393,305.80682,50.003930000000025,32.65682000000004
2017-04-10 06:00:00,26.25,89.75,323.1605,305.78952,50.010500000000036,32.639520000000005
2017-04-10 06:00:00,26.25,90.0,323.3828,305.7656,50.2328,32.61560000000003
2017-04-10 06:00:00,26.0,85.5,327.467,309.12894,54.31700000000001,35.97894000000002
2017-04-10 06:00:00,26.0,85.75,327.95053,309.35437,54.80053000000004,36.20437000000004
2017-04-10 06:00:00,26.0,86.0,327.95053,309.35437,54.80053000000004,36.20437000000004
2017-04-10 06:00:00,26.0,86.25,327.78726,309.00623,54.637260000000026,35.85623000000004
2017-04-10 06:00:00,26.0,86.5,326.29092,308.2028,53.14092000000005,35.05280000000005
2017-04-10 06:00:00,26.0,86.75,326.72006,308.0943,53.57006000000001,34.9443
2017-04-10 06:00:00,26.0,87.0,325.8944,307.43002,52.74440000000004,34.280020000000036
2017-04-10 06:00:00,26.0,87.25,325.99106,307.2656,52.84106000000003,34.11560000000003
2017-04-10 06:00:00,26.0,87.5,326.94766,307.61868,53.79766000000001,34.468680000000006
2017-04-10 06:00:00,26.0,87.75,327.31534,307.85486,54.165340000000015,34.70486
2017-04-10 06:00:00,26.0,88.0,327.07245,307.84595,53.922450000000026,34.69595000000004
2017-04-10 06:00:00,26.0,88.25,327.07245,307.84595,53.922450000000026,34.69595000000004
2017-04-10 06:00:00,26.0,88.5,326.45642,307.55463,53.30642,34.40463
2017-04-10 06:00:00,26.0,88.75,325.64706,307.10025,52.49706000000003,33.95025000000004
2017-04-10 06:00:00,26.0,89.0,325.1367,306.79623,51.98670000000004,33.64623
2017-04-10 06:00:00,26.0,89.25,324.06146,306.0429,50.911460000000034,32.8929
2017-04-10 06:00:00,26.0,89.5,323.47556,305.09982,50.325559999999996,31.949820000000045
2017-04-10 06:00:00,26.0,89.75,322.55704,304.26474,49.407039999999995,31.11474000000004
2017-04-10 06:00:00,26.0,90.0,322.11563,304.21426,48.96563000000003,31.064260000000047
2017-04-10 06:00:00,25.75,85.5,325.89508,308.61575,52.74508000000003,35.465750000000014
2017-04-10 06:00:00,25.75,85.75,326.88385,308.8287,53.73385000000002,35.67870000000005
2017-04-10 06:00:00,25.75,86.0,326.88385,308.8287,53.73385000000002,35.67870000000005
2017-04-10 06:00:00,25.75,86.25,327.20886,309.07208,54.05886000000004,35.92208000000005
2017-04-10 06:00:00,25.75,86.5,326.9328,308.81564,53.78280000000001,35.665639999999996
2017-04-10 06:00:00,25.75,86.75,327.06702,308.79184,53.917020000000036,35.64184
2017-04-10 06:00:00,25.75,87.0,326.43164,308.22958,53.28164000000004,35.07958000000002
2017-04-10 06:00:00,25.75,87.25,326.2027,307.83304,53.052700000000016,34.683040000000005
2017-04-10 06:00:00,25.75,87.5,326.0939,307.50327,52.94390000000004,34.35327000000001
2017-04-10 06:00:00,25.75,87.75,326.2139,307.38544,53.06390000000005,34.23544000000004
2017-04-10 06:00:00,25.75,88.0,326.3753,307.47165,53.225300000000004,34.321650000000034
2017-04-10 06:00:00,25.75,88.25,326.3753,307.47165,53.225300000000004,34.321650000000034
2017-04-10 06:00:00,25.75,88.5,325.97693,307.41623,52.826930000000004,34.26623000000001
2017-04-10 06:00:00,25.75,88.75,325.0505,307.07895,51.90050000000002,33.92895000000004
2017-04-10 06:00:00,25.75,89.0,323.93402,306.41147,50.78402,33.26147000000003
2017-04-10 06:00:00,25.75,89.25,323.41458,305.77344,50.264580000000024,32.623440000000016
2017-04-10 06:00:00,25.75,89.5,322.82565,305.25125,49.67565000000002,32.10125000000005
2017-04-10 06:00:00,25.75,89.75,322.2092,304.79593,49.05920000000003,31.64593000000002
2017-04-10 06:00:00,25.75,90.0,323.04846,304.6722,49.89846,31.522199999999998
2017-04-10 06:00:00,25.5,85.5,326.54163,308.85284,53.39163000000002,35.70284000000004
2017-04-10 06:00:00,25.5,85.75,325.6514,308.52325,52.50140000000005,35.37325000000004
2017-04-10 06:00:00,25.5,86.0,325.6514,308.52325,52.50140000000005,35.37325000000004
2017-04-10 06:00:00,25.5,86.25,326.46567,308.67184,53.31567000000001,35.52184
2017-04-10 06:00:00,25.5,86.5,326.4923,308.66986,53.34230000000002,35.51986000000005
2017-04-10 06:00:00,25.5,86.75,326.56073,308.76044,53.41073,35.61044000000004
2017-04-10 06:00:00,25.5,87.0,326.24628,308.51944,53.096280000000036,35.36944
2017-04-10 06:00:00,25.5,87.25,325.63568,308.00134,52.48568,34.85134000000005
2017-04-10 06:00:00,25.5,87.5,325.41968,307.81934,52.26968000000005,34.669340000000034
2017-04-10 06:00:00,25.5,87.75,326.2021,308.18335,53.052099999999996,35.03335000000004
2017-04-10 06:00:00,25.5,88.0,326.62952,308.14075,53.479520000000036,34.99075000000005
2017-04-10 06:00:00,25.5,88.25,326.62952,308.14075,53.479520000000036,34.99075000000005
2017-04-10 06:00:00,25.5,88.5,326.22675,307.55704,53.076750000000004,34.407039999999995
2017-04-10 06:00:00,25.5,88.75,326.07074,307.3472,52.92074000000002,34.19720000000001
2017-04-10 06:00:00,25.5,89.0,325.4239,307.2222,52.273900000000026,34.07220000000001
2017-04-10 06:00:00,25.5,89.25,324.3184,306.85062,51.16840000000002,33.700620000000015
2017-04-10 06:00:00,25.5,89.5,323.4617,306.34143,50.31170000000003,33.191430000000025
2017-04-10 06:00:00,25.5,89.75,322.5882,306.21957,49.438199999999995,33.06957
2017-04-10 06:00:00,25.5,90.0,324.17117,306.48105,51.02117000000004,33.331050000000005
2017-04-10 06:00:00,25.25,85.5,327.33078,308.96265,54.18078000000003,35.81265000000002
2017-04-10 06:00:00,25.25,85.75,327.1345,308.84122,53.984500000000025,35.691220000000044
2017-04-10 06:00:00,25.25,86.0,327.1345,308.84122,53.984500000000025,35.691220000000044
2017-04-10 06:00:00,25.25,86.25,326.96744,308.36163,53.81744000000003,35.211630000000014
2017-04-10 06:00:00,25.25,86.5,326.166,308.04718,53.01600000000002,34.89718000000005
2017-04-10 06:00:00,25.25,86.75,326.49634,308.13306,53.34634,34.98306000000002
2017-04-10 06:00:00,25.25,87.0,326.81412,308.55746,53.664120000000025,35.407460000000015
2017-04-10 06:00:00,25.25,87.25,327.377,308.8439,54.22700000000003,35.69390000000004
2017-04-10 06:00:00,25.25,87.5,326.2785,308.25742,53.12850000000003,35.10742000000005
2017-04-10 06:00:00,25.25,87.75,324.98145,307.92874,51.83145000000002,34.77874000000003
2017-04-10 06:00:00,25.25,88.0,325.65244,308.13574,52.502440000000036,34.98574000000002
2017-04-10 06:00:00,25.25,88.25,325.65244,308.13574,52.502440000000036,34.98574000000002
2017-04-10 06:00:00,25.25,88.5,326.61707,308.05527,53.467070000000035,34.90527000000003
2017-04-10 06:00:00,25.25,88.75,326.20126,307.8534,53.05126000000001,34.703400000000045
2017-04-10 06:00:00,25.25,89.0,325.59988,307.80685,52.44988000000001,34.65685000000002
2017-04-10 06:00:00,25.25,89.25,324.58215,307.71747,51.432150000000036,34.567470000000014
2017-04-10 06:00:00,25.25,89.5,324.0777,307.53568,50.927700000000016,34.385680000000036
2017-04-10 06:00:00,25.25,89.75,323.36853,307.33206,50.218530000000044,34.182060000000035
2017-04-10 06:00:00,25.25,90.0,324.56387,308.61148,51.41387000000003,35.461479999999995
2017-04-10 06:00:00,25.0,85.5,328.35947,309.1858,55.20947000000001,36.035799999999995
2017-04-10 06:00:00,25.0,85.75,326.83636,308.33487,53.686360000000036,35.184870000000046
2017-04-10 06:00:00,25.0,86.0,326.83636,308.33487,53.686360000000036,35.184870000000046
2017-04-10 06:00:00,25.0,86.25,326.56018,307.72455,53.410180000000025,34.574550000000045
2017-04-10 06:00:00,25.0,86.5,327.66403,308.10562,54.51403000000005,34.95562000000001
2017-04-10 06:00:00,25.0,86.75,327.23422,308.2677,54.084220000000016,35.11770000000001
2017-04-10 06:00:00,25.0,87.0,327.40762,308.52072,54.25762000000003,35.370720000000006
2017-04-10 06:00:00,25.0,87.25,327.31876,308.64166,54.16876000000002,35.491660000000024
2017-04-10 06:00:00,25.0,87.5,326.55737,308.62442,53.407370000000014,35.47442000000001
2017-04-10 06:00:00,25.0,87.75,325.6595,308.8287,52.5095,35.67870000000005
2017-04-10 06:00:00,25.0,88.0,325.67496,309.12836,52.52496000000002,35.97836000000001
2017-04-10 06:00:00,25.0,88.25,325.67496,309.12836,52.52496000000002,35.97836000000001
2017-04-10 06:00:00,25.0,88.5,326.69937,309.095,53.54937000000001,35.94500000000005
2017-04-10 06:00:00,25.0,88.75,327.1731,309.04007,54.0231,35.89007000000004
2017-04-10 06:00:00,25.0,89.0,326.3632,309.26776,53.21320000000003,36.11776000000003
2017-04-10 06:00:00,25.0,89.25,325.55933,308.78888,52.40933000000001,35.63888000000003
2017-04-10 06:00:00,25.0,89.5,324.678,308.32242,51.52800000000002,35.172420000000045
2017-04-10 06:00:00,25.0,89.75,323.96146,307.92902,50.81146000000001,34.77902
2017-04-10 06:00:00,25.0,90.0,325.25287,308.63226,52.102869999999996,35.48226
2017-04-10 06:00:00,24.75,85.5,328.35947,309.1858,55.20947000000001,36.035799999999995
2017-04-10 06:00:00,24.75,85.75,326.83636,308.33487,53.686360000000036,35.184870000000046
2017-04-10 06:00:00,24.75,86.0,326.83636,308.33487,53.686360000000036,35.184870000000046
2017-04-10 06:00:00,24.75,86.25,326.56018,307.72455,53.410180000000025,34.574550000000045
2017-04-10 06:00:00,24.75,86.5,327.66403,308.10562,54.51403000000005,34.95562000000001
2017-04-10 06:00:00,24.75,86.75,327.23422,308.2677,54.084220000000016,35.11770000000001
2017-04-10 06:00:00,24.75,87.0,327.40762,308.52072,54.25762000000003,35.370720000000006
2017-04-10 06:00:00,24.75,87.25,327.31876,308.64166,54.16876000000002,35.491660000000024
2017-04-10 06:00:00,24.75,87.5,326.55737,308.62442,53.407370000000014,35.47442000000001
2017-04-10 06:00:00,24.75,87.75,325.6595,308.8287,52.5095,35.67870000000005
2017-04-10 06:00:00,24.75,88.0,325.67496,309.12836,52.52496000000002,35.97836000000001
2017-04-10 06:00:00,24.75,88.25,325.67496,309.12836,52.52496000000002,35.97836000000001
2017-04-10 06:00:00,24.75,88.5,326.69937,309.095,53.54937000000001,35.94500000000005
2017-04-10 06:00:00,24.75,88.75,327.1731,309.04007,54.0231,35.89007000000004
2017-04-10 06:00:00,24.75,89.0,326.3632,309.26776,53.21320000000003,36.11776000000003
2017-04-10 06:00:00,24.75,89.25,325.55933,308.78888,52.40933000000001,35.63888000000003
2017-04-10 06:00:00,24.75,89.5,324.678,308.32242,51.52800000000002,35.172420000000045
2017-04-10 06:00:00,24.75,89.75,323.96146,307.92902,50.81146000000001,34.77902
2017-04-10 06:00:00,24.75,90.0,325.25287,308.63226,52.102869999999996,35.48226
2017-04-10 06:00:00,24.5,85.5,325.23666,307.14212,52.086659999999995,33.99212
2017-04-10 06:00:00,24.5,85.75,326.72192,307.73132,53.571920000000034,34.581320000000005
2017-04-10 06:00:00,24.5,86.0,326.72192,307.73132,53.571920000000034,34.581320000000005
2017-04-10 06:00:00,24.5,86.25,326.79782,307.37375,53.647820000000024,34.223749999999995
2017-04-10 06:00:00,24.5,86.5,327.61526,307.92044,54.46526,34.77044000000001
2017-04-10 06:00:00,24.5,86.75,327.81277,308.3372,54.66277000000002,35.18720000000002
2017-04-10 06:00:00,24.5,87.0,327.88507,308.68414,54.73507000000001,35.534140000000036
2017-04-10 06:00:00,24.5,87.25,327.37277,308.6007,54.222770000000025,35.45070000000004
2017-04-10 06:00:00,24.5,87.5,326.40686,308.57245,53.25686000000002,35.422450000000026
2017-04-10 06:00:00,24.5,87.75,326.19617,309.20038,53.04617000000002,36.05038000000002
2017-04-10 06:00:00,24.5,88.0,326.4126,309.7604,53.26260000000002,36.61040000000003
2017-04-10 06:00:00,24.5,88.25,326.4126,309.7604,53.26260000000002,36.61040000000003
2017-04-10 06:00:00,24.5,88.5,326.74106,309.69922,53.59106000000003,36.54922000000005
2017-04-10 06:00:00,24.5,88.75,326.91467,309.50122,53.764670000000024,36.35122000000001
2017-04-10 06:00:00,24.5,89.0,325.5861,309.1602,52.43610000000001,36.0102
2017-04-10 06:00:00,24.5,89.25,325.0792,308.72305,51.92920000000004,35.57305000000002
2017-04-10 06:00:00,24.5,89.5,325.0423,308.66464,51.892300000000034,35.51464000000004
2017-04-10 06:00:00,24.5,89.75,324.33865,308.4304,51.188649999999996,35.28040000000004
2017-04-10 06:00:00,24.5,90.0,325.93103,308.8567,52.781030000000044,35.70670000000001
2017-04-10 06:00:00,24.25,85.5,325.77936,306.07938,52.62936000000002,32.92938000000004
2017-04-10 06:00:00,24.25,85.75,327.21927,306.85147,54.06927000000002,33.70147000000003
2017-04-10 06:00:00,24.25,86.0,327.21927,306.85147,54.06927000000002,33.70147000000003
2017-04-10 06:00:00,24.25,86.25,328.4618,307.85834,55.311800000000005,34.70834000000002
2017-04-10 06:00:00,24.25,86.5,328.75052,308.5603,55.60052000000002,35.41030000000001
2017-04-10 06:00:00,24.25,86.75,328.38925,308.92783,55.23925000000003,35.777829999999994
2017-04-10 06:00:00,24.25,87.0,328.53418,309.40494,55.384180000000015,36.25494000000003
2017-04-10 06:00:00,24.25,87.25,327.89725,309.38104,54.74725000000001,36.23104000000001
2017-04-10 06:00:00,24.25,87.5,327.14142,309.60452,53.991420000000005,36.45452
2017-04-10 06:00:00,24.25,87.75,327.45157,310.1286,54.30157000000003,36.97860000000003
2017-04-10 06:00:00,24.25,88.0,327.90576,310.55844,54.75576000000001,37.40844000000004
2017-04-10 06:00:00,24.25,88.25,327.90576,310.55844,54.75576000000001,37.40844000000004
2017-04-10 06:00:00,24.25,88.5,327.48697,310.6528,54.33697000000001,37.502800000000036
2017-04-10 06:00:00,24.25,88.75,326.41513,310.03296,53.26513,36.882960000000026
2017-04-10 06:00:00,24.25,89.0,325.22784,309.22937,52.07784000000004,36.07937000000004
2017-04-10 06:00:00,24.25,89.25,325.4056,309.46356,52.255600000000015,36.313559999999995
2017-04-10 06:00:00,24.25,89.5,325.4027,309.39868,52.252700000000004,36.248680000000036
2017-04-10 06:00:00,24.25,89.75,324.78717,309.1877,51.637170000000026,36.03770000000003
2017-04-10 06:00:00,24.25,90.0,326.77667,309.97586,53.62667000000005,36.825860000000034
2017-04-10 06:00:00,24.0,85.5,325.1518,305.02615,52.0018,31.876149999999996
2017-04-10 06:00:00,24.0,85.75,325.95197,306.5202,52.80197000000004,33.37020000000001
2017-04-10 06:00:00,24.0,86.0,325.95197,306.5202,52.80197000000004,33.37020000000001
2017-04-10 06:00:00,24.0,86.25,326.82404,307.7398,53.67404000000005,34.589800000000025
2017-04-10 06:00:00,24.0,86.5,327.46448,308.4481,54.31448,35.298100000000034
2017-04-10 06:00:00,24.0,86.75,327.58426,308.94647,54.434259999999995,35.79647
2017-04-10 06:00:00,24.0,87.0,328.2875,309.78195,55.137500000000045,36.63195000000002
2017-04-10 06:00:00,24.0,87.25,327.51935,309.84988,54.36935,36.69988000000001
2017-04-10 06:00:00,24.0,87.5,327.78375,310.54712,54.63375000000002,37.39712000000003
2017-04-10 06:00:00,24.0,87.75,328.75882,311.73853,55.60882000000004,38.58853000000005
2017-04-10 06:00:00,24.0,88.0,328.34424,311.82312,55.194240000000036,38.67312000000004
2017-04-10 06:00:00,24.0,88.25,328.34424,311.82312,55.194240000000036,38.67312000000004
2017-04-10 06:00:00,24.0,88.5,327.59134,311.28445,54.441340000000025,38.134450000000015
2017-04-10 06:00:00,24.0,88.75,327.67514,311.2228,54.52514000000002,38.07280000000003
2017-04-10 06:00:00,24.0,89.0,326.97833,310.77145,53.82833000000005,37.62145000000004
2017-04-10 06:00:00,24.0,89.25,325.77405,310.2381,52.62405000000001,37.0881
2017-04-10 06:00:00,24.0,89.5,326.30075,310.3372,53.150750000000016,37.18720000000002
2017-04-10 06:00:00,24.0,89.75,325.32968,309.77628,52.17968000000002,36.62628000000001
2017-04-10 06:00:00,24.0,90.0,326.91763,310.0719,53.76763,36.92190000000005
2017-04-10 06:00:00,23.75,85.5,326.04477,307.07574,52.89477000000005,33.92574000000002
2017-04-10 06:00:00,23.75,85.75,324.68558,307.18958,51.53558000000004,34.03958
2017-04-10 06:00:00,23.75,86.0,324.68558,307.18958,51.53558000000004,34.03958
2017-04-10 06:00:00,23.75,86.25,326.79333,309.29025,53.64333000000005,36.14025000000004
2017-04-10 06:00:00,23.75,86.5,328.2071,310.34973,55.05710000000005,37.199730000000045
2017-04-10 06:00:00,23.75,86.75,326.289,309.83072,53.13900000000001,36.68072000000001
2017-04-10 06:00:00,23.75,87.0,326.67783,309.89706,53.527829999999994,36.74706000000003
2017-04-10 06:00:00,23.75,87.25,327.2841,310.27505,54.134100000000046,37.125050000000044
2017-04-10 06:00:00,23.75,87.5,328.5017,311.33536,55.35170000000005,38.18536
2017-04-10 06:00:00,23.75,87.75,329.5341,312.10406,56.384100000000046,38.95406000000003
2017-04-10 06:00:00,23.75,88.0,328.93787,312.0663,55.78787,38.916300000000035
2017-04-10 06:00:00,23.75,88.25,328.93787,312.0663,55.78787,38.916300000000035
2017-04-10 06:00:00,23.75,88.5,327.91904,311.83224,54.76904000000002,38.682240000000036
2017-04-10 06:00:00,23.75,88.75,327.81754,311.6652,54.66754000000003,38.51520000000005
2017-04-10 06:00:00,23.75,89.0,327.81772,311.64188,54.66772000000003,38.49188000000004
2017-04-10 06:00:00,23.75,89.25,327.54507,311.42557,54.39507000000003,38.275570000000016
2017-04-10 06:00:00,23.75,89.5,327.24045,311.295,54.09045000000003,38.14500000000004
2017-04-10 06:00:00,23.75,89.75,326.21216,310.8719,53.062160000000006,37.721900000000005
2017-04-10 06:00:00,23.75,90.0,325.1835,310.02942,52.033500000000004,36.87942000000004
2017-04-10 06:00:00,23.5,85.5,325.38348,306.61603,52.23348000000004,33.466030000000046
2017-04-10 06:00:00,23.5,85.75,326.8939,308.7315,53.7439,35.581500000000005
2017-04-10 06:00:00,23.5,86.0,326.8939,308.7315,53.7439,35.581500000000005
2017-04-10 06:00:00,23.5,86.25,328.91348,310.29474,55.763480000000015,37.14474000000001
2017-04-10 06:00:00,23.5,86.5,329.25626,310.84488,56.10626000000002,37.69488000000001
2017-04-10 06:00:00,23.5,86.75,328.10474,310.66873,54.954740000000015,37.518730000000005
2017-04-10 06:00:00,23.5,87.0,327.752,310.8505,54.60200000000003,37.700500000000034
2017-04-10 06:00:00,23.5,87.25,327.44934,311.12326,54.29934000000003,37.97326000000004
2017-04-10 06:00:00,23.5,87.5,328.2109,311.74768,55.060900000000004,38.597680000000025
2017-04-10 06:00:00,23.5,87.75,329.0886,312.20203,55.93860000000001,39.05203
2017-04-10 06:00:00,23.5,88.0,328.80847,312.33524,55.65847000000002,39.18524000000002
2017-04-10 06:00:00,23.5,88.25,328.80847,312.33524,55.65847000000002,39.18524000000002
2017-04-10 06:00:00,23.5,88.5,328.2475,312.36038,55.097500000000025,39.21038000000004
2017-04-10 06:00:00,23.5,88.75,328.2016,312.11197,55.05160000000001,38.96197000000001
2017-04-10 06:00:00,23.5,89.0,328.29843,311.8905,55.14843000000002,38.7405
2017-04-10 06:00:00,23.5,89.25,328.47568,311.77707,55.325680000000034,38.62707
2017-04-10 06:00:00,23.5,89.5,327.86157,311.5787,54.711569999999995,38.42870000000005
2017-04-10 06:00:00,23.5,89.75,327.6042,311.30173,54.454200000000014,38.15173000000004
2017-04-10 06:00:00,23.5,90.0,326.53888,310.96786,53.38888000000003,37.817859999999996
2017-04-10 06:00:00,23.25,85.5,327.81696,309.50815,54.66696000000002,36.35815000000002
2017-04-10 06:00:00,23.25,85.75,329.7377,311.36768,56.58770000000004,38.21768000000003
2017-04-10 06:00:00,23.25,86.0,329.7377,311.36768,56.58770000000004,38.21768000000003
2017-04-10 06:00:00,23.25,86.25,328.88538,311.2611,55.73538000000002,38.11110000000002
2017-04-10 06:00:00,23.25,86.5,329.30124,311.49973,56.15124000000003,38.34973000000002
2017-04-10 06:00:00,23.25,86.75,329.77704,312.00003,56.62704000000002,38.850030000000004
2017-04-10 06:00:00,23.25,87.0,329.74216,312.40625,56.592160000000035,39.25625000000002
2017-04-10 06:00:00,23.25,87.25,329.9967,312.739,56.8467,39.589
2017-04-10 06:00:00,23.25,87.5,330.15848,312.9557,57.00848000000002,39.8057
2017-04-10 06:00:00,23.25,87.75,329.91214,313.0305,56.762140000000045,39.88050000000004
2017-04-10 06:00:00,23.25,88.0,329.902,313.13586,56.75200000000001,39.98586
2017-04-10 06:00:00,23.25,88.25,329.902,313.13586,56.75200000000001,39.98586
2017-04-10 06:00:00,23.25,88.5,329.78067,313.12048,56.63067000000001,39.97048000000001
2017-04-10 06:00:00,23.25,88.75,329.26773,312.8549,56.117729999999995,39.70490000000001
2017-04-10 06:00:00,23.25,89.0,329.66397,312.80783,56.51397000000003,39.65783000000005
2017-04-10 06:00:00,23.25,89.25,329.83203,312.834,56.68203,39.684000000000026
2017-04-10 06:00:00,23.25,89.5,329.34363,312.70587,56.19363000000004,39.55587000000003
2017-04-10 06:00:00,23.25,89.75,328.505,312.31924,55.35500000000002,39.16924
2017-04-10 06:00:00,23.25,90.0,329.3468,312.6362,56.196799999999996,39.4862
2017-04-10 06:00:00,23.0,85.5,327.79694,311.0931,54.64694000000003,37.943100000000015
2017-04-10 06:00:00,23.0,85.75,329.03442,312.3689,55.884420000000034,39.21890000000002
2017-04-10 06:00:00,23.0,86.0,329.03442,312.3689,55.884420000000034,39.21890000000002
2017-04-10 06:00:00,23.0,86.25,329.09457,312.66788,55.94457,39.51788000000005
2017-04-10 06:00:00,23.0,86.5,328.79376,312.37888,55.64376000000004,39.228880000000004
2017-04-10 06:00:00,23.0,86.75,327.67734,312.03714,54.52734000000004,38.887140000000045
2017-04-10 06:00:00,23.0,87.0,328.86722,312.52557,55.71722,39.37557000000004
2017-04-10 06:00:00,23.0,87.25,330.52255,313.27527,57.37255000000005,40.12527
2017-04-10 06:00:00,23.0,87.5,331.60364,313.85364,58.45364000000001,40.70364000000001
2017-04-10 06:00:00,23.0,87.75,331.9107,314.29843,58.76070000000004,41.14843000000002
2017-04-10 06:00:00,23.0,88.0,331.63297,314.45303,58.48297000000002,41.303030000000035
2017-04-10 06:00:00,23.0,88.25,331.63297,314.45303,58.48297000000002,41.303030000000035
2017-04-10 06:00:00,23.0,88.5,330.8412,314.1068,57.69120000000004,40.956800000000044
2017-04-10 06:00:00,23.0,88.75,330.00745,313.60196,56.85745000000003,40.45196000000004
2017-04-10 06:00:00,23.0,89.0,330.2879,313.50476,57.1379,40.35476
2017-04-10 06:00:00,23.0,89.25,330.31076,313.59607,57.16076000000004,40.44607000000002
2017-04-10 06:00:00,23.0,89.5,329.11368,313.21805,55.96368000000001,40.06805000000003
2017-04-10 06:00:00,23.0,89.75,329.76196,313.50058,56.61196000000001,40.350580000000036
2017-04-10 06:00:00,23.0,90.0,329.524,313.2542,56.374000000000024,40.10420000000005
2017-04-10 06:00:00,22.75,85.5,330.2091,313.02002,57.0591,39.87002000000001
2017-04-10 06:00:00,22.75,85.75,332.4494,314.56558,59.29940000000005,41.415580000000034
2017-04-10 06:00:00,22.75,86.0,332.4494,314.56558,59.29940000000005,41.415580000000034
2017-04-10 06:00:00,22.75,86.25,331.59183,314.30267,58.44183000000004,41.15267
2017-04-10 06:00:00,22.75,86.5,328.69843,312.5802,55.548429999999996,39.43020000000001
2017-04-10 06:00:00,22.75,86.75,329.31638,312.95135,56.166380000000004,39.80135000000001
2017-04-10 06:00:00,22.75,87.0,330.77957,313.7478,57.62957,40.59780000000001
2017-04-10 06:00:00,22.75,87.25,332.41898,314.66095,59.26898,41.51095000000004
2017-04-10 06:00:00,22.75,87.5,331.7855,314.76196,58.635500000000036,41.61196000000001
2017-04-10 06:00:00,22.75,87.75,331.43793,314.6451,58.28793000000002,41.495100000000036
2017-04-10 06:00:00,22.75,88.0,330.20734,314.23236,57.05734000000001,41.08236000000005
2017-04-10 06:00:00,22.75,88.25,330.20734,314.23236,57.05734000000001,41.08236000000005
2017-04-10 06:00:00,22.75,88.5,329.03278,313.80063,55.882780000000025,40.650630000000035
2017-04-10 06:00:00,22.75,88.75,328.3002,313.4785,55.15020000000004,40.32850000000002
2017-04-10 06:00:00,22.75,89.0,327.13785,313.0376,53.98785000000004,39.88760000000002
2017-04-10 06:00:00,22.75,89.25,325.95566,312.53638,52.805660000000046,39.38638000000003
2017-04-10 06:00:00,22.75,89.5,326.81927,312.77853,53.66927000000004,39.62853000000001
2017-04-10 06:00:00,22.75,89.75,329.27432,313.65057,56.12432000000001,40.50057000000004
2017-04-10 06:00:00,22.75,90.0,329.63263,313.67563,56.48263000000003,40.525630000000035
2017-04-10 06:00:00,22.5,85.5,330.2091,313.02002,57.0591,39.87002000000001
2017-04-10 06:00:00,22.5,85.75,332.4494,314.56558,59.29940000000005,41.415580000000034
2017-04-10 06:00:00,22.5,86.0,332.4494,314.56558,59.29940000000005,41.415580000000034
2017-04-10 06:00:00,22.5,86.25,331.59183,314.30267,58.44183000000004,41.15267
2017-04-10 06:00:00,22.5,86.5,328.69843,312.5802,55.548429999999996,39.43020000000001
2017-04-10 06:00:00,22.5,86.75,329.31638,312.95135,56.166380000000004,39.80135000000001
2017-04-10 06:00:00,22.5,87.0,330.77957,313.7478,57.62957,40.59780000000001
2017-04-10 06:00:00,22.5,87.25,332.41898,314.66095,59.26898,41.51095000000004
2017-04-10 06:00:00,22.5,87.5,331.7855,314.76196,58.635500000000036,41.61196000000001
2017-04-10 06:00:00,22.5,87.75,331.43793,314.6451,58.28793000000002,41.495100000000036
2017-04-10 06:00:00,22.5,88.0,330.20734,314.23236,57.05734000000001,41.08236000000005
2017-04-10 06:00:00,22.5,88.25,330.20734,314.23236,57.05734000000001,41.08236000000005
2017-04-10 06:00:00,22.5,88.5,329.03278,313.80063,55.882780000000025,40.650630000000035
2017-04-10 06:00:00,22.5,88.75,328.3002,313.4785,55.15020000000004,40.32850000000002
2017-04-10 06:00:00,22.5,89.0,327.13785,313.0376,53.98785000000004,39.88760000000002
2017-04-10 06:00:00,22.5,89.25,325.95566,312.53638,52.805660000000046,39.38638000000003
2017-04-10 06:00:00,22.5,89.5,326.81927,312.77853,53.66927000000004,39.62853000000001
2017-04-10 06:00:00,22.5,89.75,329.27432,313.65057,56.12432000000001,40.50057000000004
2017-04-10 06:00:00,22.5,90.0,329.63263,313.67563,56.48263000000003,40.525630000000035
2017-04-10 06:00:00,22.25,85.5,331.53595,313.8567,58.38595000000004,40.70670000000001
2017-04-10 06:00:00,22.25,85.75,331.79553,314.39578,58.64553000000001,41.245780000000025
2017-04-10 06:00:00,22.25,86.0,331.79553,314.39578,58.64553000000001,41.245780000000025
2017-04-10 06:00:00,22.25,86.25,330.61887,313.9833,57.46887000000004,40.83330000000001
2017-04-10 06:00:00,22.25,86.5,328.07172,312.8993,54.92172000000005,39.749300000000005
2017-04-10 06:00:00,22.25,86.75,330.53757,314.20615,57.38757000000004,41.05615
2017-04-10 06:00:00,22.25,87.0,331.31076,314.44214,58.16076000000004,41.29214000000002
2017-04-10 06:00:00,22.25,87.25,332.72794,315.2306,59.57794000000001,42.080600000000004
2017-04-10 06:00:00,22.25,87.5,332.1163,315.36023,58.96630000000005,42.210230000000024
2017-04-10 06:00:00,22.25,87.75,329.42395,314.39493,56.27395000000001,41.24493000000001
2017-04-10 06:00:00,22.25,88.0,329.46973,314.19736,56.31973000000005,41.047360000000026
2017-04-10 06:00:00,22.25,88.25,329.46973,314.19736,56.31973000000005,41.047360000000026
2017-04-10 06:00:00,22.25,88.5,330.2813,314.313,57.13130000000001,41.16300000000001
2017-04-10 06:00:00,22.25,88.75,329.36807,313.91718,56.21807000000001,40.767179999999996
2017-04-10 06:00:00,22.25,89.0,327.40927,313.19714,54.259270000000015,40.04714000000001
2017-04-10 06:00:00,22.25,89.25,325.4551,312.59106,52.30510000000004,39.44106000000005
2017-04-10 06:00:00,22.25,89.5,324.72424,312.63022,51.57424000000003,39.48022000000003
2017-04-10 06:00:00,22.25,89.75,326.24484,313.18216,53.09484000000003,40.03216000000003
2017-04-10 06:00:00,22.25,90.0,328.76947,313.47537,55.619470000000035,40.32537000000002
2017-04-10 06:00:00,22.0,85.5,330.34323,313.15744,57.19323000000003,40.00744000000003
2017-04-10 06:00:00,22.0,85.75,330.30188,313.49066,57.151880000000006,40.340660000000014
2017-04-10 06:00:00,22.0,86.0,330.30188,313.49066,57.151880000000006,40.340660000000014
2017-04-10 06:00:00,22.0,86.25,327.40454,311.80847,54.25454000000002,38.65847000000002
2017-04-10 06:00:00,22.0,86.5,326.4434,311.2511,53.29340000000002,38.10110000000003
2017-04-10 06:00:00,22.0,86.75,331.55914,314.99527,58.409140000000036,41.84527000000003
2017-04-10 06:00:00,22.0,87.0,332.71738,315.77658,59.567380000000014,42.62658000000005
2017-04-10 06:00:00,22.0,87.25,333.13916,316.3371,59.98916000000003,43.187100000000044
2017-04-10 06:00:00,22.0,87.5,332.6159,316.40234,59.46590000000003,43.252340000000004
2017-04-10 06:00:00,22.0,87.75,330.0221,314.64468,56.872100000000046,41.49468000000002
2017-04-10 06:00:00,22.0,88.0,329.274,314.1653,56.124000000000024,41.015300000000025
2017-04-10 06:00:00,22.0,88.25,329.274,314.1653,56.124000000000024,41.015300000000025
2017-04-10 06:00:00,22.0,88.5,328.5664,313.49008,55.41640000000001,40.34008
2017-04-10 06:00:00,22.0,88.75,327.3871,312.69147,54.2371,39.541470000000004
2017-04-10 06:00:00,22.0,89.0,326.85068,313.02863,53.700680000000034,39.878630000000044
2017-04-10 06:00:00,22.0,89.25,325.65686,312.94662,52.50686000000002,39.79662000000002
2017-04-10 06:00:00,22.0,89.5,323.43066,311.61493,50.28066000000001,38.46493000000004
2017-04-10 06:00:00,22.0,89.75,322.9675,310.78485,49.817499999999995,37.63485000000003
2017-04-10 06:00:00,22.0,90.0,325.29498,311.04868,52.14498000000003,37.89868000000001
2017-04-10 06:00:00,21.75,85.5,331.58502,313.81314,58.43502000000001,40.66314
2017-04-10 06:00:00,21.75,85.75,332.3802,314.2443,59.230200000000025,41.09430000000003
2017-04-10 06:00:00,21.75,86.0,332.3802,314.2443,59.230200000000025,41.09430000000003
2017-04-10 06:00:00,21.75,86.25,324.9393,310.90375,51.789300000000026,37.753750000000025
2017-04-10 06:00:00,21.75,86.5,325.28018,310.7478,52.130179999999996,37.59780000000001
2017-04-10 06:00:00,21.75,86.75,331.7574,315.15643,58.60740000000004,42.00643000000002
2017-04-10 06:00:00,21.75,87.0,332.9138,315.7102,59.7638,42.56020000000001
2017-04-10 06:00:00,21.75,87.25,332.85266,315.72974,59.70266000000004,42.579740000000015
2017-04-10 06:00:00,21.75,87.5,330.8933,314.28104,57.74330000000003,41.13104000000004
2017-04-10 06:00:00,21.75,87.75,323.5991,308.95914,50.449100000000044,35.80914000000001
2017-04-10 06:00:00,21.75,88.0,325.34006,309.22125,52.19006000000002,36.07125000000002
2017-04-10 06:00:00,21.75,88.25,325.34006,309.22125,52.19006000000002,36.07125000000002
2017-04-10 06:00:00,21.75,88.5,324.94614,308.83344,51.79614000000004,35.68344000000002
2017-04-10 06:00:00,21.75,88.75,324.93668,308.95975,51.78668000000005,35.80975000000001
2017-04-10 06:00:00,21.75,89.0,329.65454,312.1514,56.50454000000002,39.00140000000005
2017-04-10 06:00:00,21.75,89.25,327.1116,310.7699,53.96160000000003,37.61990000000003
2017-04-10 06:00:00,21.75,89.5,319.60233,305.62698,46.45233000000002,32.476980000000026
2017-04-10 06:00:00,21.75,89.75,318.38663,304.39493,45.23663000000005,31.24493000000001
2017-04-10 06:00:00,21.75,90.0,318.27374,304.38156,45.12374,31.23156
2017-04-10 06:00:00,21.5,85.5,329.43927,313.097,56.289270000000045,39.947
2017-04-10 06:00:00,21.5,85.75,331.15765,314.1451,58.00765000000001,40.995100000000036
2017-04-10 06:00:00,21.5,86.0,331.15765,314.1451,58.00765000000001,40.995100000000036
2017-04-10 06:00:00,21.5,86.25,328.64487,312.3831,55.49487000000005,39.233100000000036
2017-04-10 06:00:00,21.5,86.5,329.4727,313.7513,56.3227,40.60130000000004
2017-04-10 06:00:00,21.5,86.75,333.05536,315.96246,59.90536000000003,42.812460000000044
2017-04-10 06:00:00,21.5,87.0,322.43314,307.91727,49.28314,34.767269999999996
2017-04-10 06:00:00,21.5,87.25,319.76257,304.4616,46.612570000000005,31.3116
2017-04-10 06:00:00,21.5,87.5,320.04004,304.3608,46.89004,31.210800000000006
2017-04-10 06:00:00,21.5,87.75,320.7581,304.15173,47.608100000000036,31.00173000000001
2017-04-10 06:00:00,21.5,88.0,321.8515,305.06302,48.70150000000001,31.913020000000017
2017-04-10 06:00:00,21.5,88.25,321.8515,305.06302,48.70150000000001,31.913020000000017
2017-04-10 06:00:00,21.5,88.5,322.88168,305.4303,49.73168000000004,32.28030000000001
2017-04-10 06:00:00,21.5,88.75,323.37906,305.21765,50.229060000000004,32.067650000000015
2017-04-10 06:00:00,21.5,89.0,323.26068,305.22598,50.11068,32.075980000000015
2017-04-10 06:00:00,21.5,89.25,322.51135,305.06906,49.361350000000016,31.91906
2017-04-10 06:00:00,21.5,89.5,321.20325,305.09848,48.05325000000005,31.948480000000018
2017-04-10 06:00:00,21.5,89.75,319.88742,305.47662,46.73742000000004,32.32662000000005
2017-04-10 06:00:00,21.5,90.0,319.23947,305.75986,46.089470000000006,32.609860000000026
2017-04-10 06:00:00,21.25,85.5,330.17892,313.7596,57.02892000000003,40.6096
2017-04-10 06:00:00,21.25,85.75,330.9279,314.39545,57.777900000000045,41.245450000000005
2017-04-10 06:00:00,21.25,86.0,330.9279,314.39545,57.777900000000045,41.245450000000005
2017-04-10 06:00:00,21.25,86.25,331.16125,314.99707,58.01125000000002,41.84707000000003
2017-04-10 06:00:00,21.25,86.5,332.70264,316.1706,59.55264,43.0206
2017-04-10 06:00:00,21.25,86.75,328.81326,314.51767,55.66326000000004,41.36767000000003
2017-04-10 06:00:00,21.25,87.0,321.13245,308.09656,47.98245000000003,34.946560000000034
2017-04-10 06:00:00,21.25,87.25,319.51474,305.91486,46.36474000000004,32.76486
2017-04-10 06:00:00,21.25,87.5,319.8904,305.5003,46.74040000000002,32.350300000000004
2017-04-10 06:00:00,21.25,87.75,320.6216,305.2496,47.471600000000024,32.09960000000001
2017-04-10 06:00:00,21.25,88.0,321.5275,305.2448,48.3775,32.09480000000002
2017-04-10 06:00:00,21.25,88.25,321.5275,305.2448,48.3775,32.09480000000002
2017-04-10 06:00:00,21.25,88.5,322.32227,305.48804,49.172270000000026,32.338040000000035
2017-04-10 06:00:00,21.25,88.75,322.69357,305.80917,49.543570000000045,32.65917000000002
2017-04-10 06:00:00,21.25,89.0,322.60944,305.83646,49.45944000000003,32.68646000000001
2017-04-10 06:00:00,21.25,89.25,322.1879,305.79453,49.037900000000036,32.64453000000003
2017-04-10 06:00:00,21.25,89.5,321.52792,306.09122,48.37792000000002,32.941220000000044
2017-04-10 06:00:00,21.25,89.75,320.81418,306.29614,47.664180000000044,33.14614
2017-04-10 06:00:00,21.25,90.0,320.23676,306.36005,47.08676000000003,33.210050000000024
2017-04-10 06:00:00,21.0,85.5,332.25165,315.39905,59.10165000000001,42.24905000000001
2017-04-10 06:00:00,21.0,85.75,332.09436,315.6241,58.94436000000002,42.47410000000002
2017-04-10 06:00:00,21.0,86.0,332.09436,315.6241,58.94436000000002,42.47410000000002
2017-04-10 06:00:00,21.0,86.25,333.00146,315.89682,59.85146000000003,42.746820000000014
2017-04-10 06:00:00,21.0,86.5,332.3095,315.9664,59.15950000000004,42.816400000000044
2017-04-10 06:00:00,21.0,86.75,335.69995,316.55295,62.549950000000024,43.40295000000003
2017-04-10 06:00:00,21.0,87.0,322.49664,309.5414,49.346640000000036,36.39140000000003
2017-04-10 06:00:00,21.0,87.25,319.21494,306.41632,46.064940000000036,33.26632000000001
2017-04-10 06:00:00,21.0,87.5,319.50464,305.19278,46.35464000000002,32.04278000000005
2017-04-10 06:00:00,21.0,87.75,319.92984,304.57172,46.779840000000036,31.42172000000005
2017-04-10 06:00:00,21.0,88.0,320.3105,304.42667,47.16050000000001,31.276670000000024
2017-04-10 06:00:00,21.0,88.25,320.3105,304.42667,47.16050000000001,31.276670000000024
2017-04-10 06:00:00,21.0,88.5,320.58698,304.74216,47.436980000000005,31.592160000000035
2017-04-10 06:00:00,21.0,88.75,320.6286,305.1521,47.47860000000003,32.00210000000004
2017-04-10 06:00:00,21.0,89.0,320.52914,305.66174,47.37914000000001,32.51174000000003
2017-04-10 06:00:00,21.0,89.25,320.60956,306.06262,47.45956000000001,32.912620000000004
2017-04-10 06:00:00,21.0,89.5,320.9681,306.03482,47.818100000000015,32.88482000000005
2017-04-10 06:00:00,21.0,89.75,321.32388,306.03455,48.17388,32.88455000000005
2017-04-10 06:00:00,21.0,90.0,321.27023,306.06683,48.12023000000005,32.916830000000004
2017-04-10 07:00:00,27.5,85.5,320.8313,302.3734,47.68130000000002,29.223400000000026
2017-04-10 07:00:00,27.5,85.75,319.28476,302.3319,46.13476000000003,29.18190000000004
2017-04-10 07:00:00,27.5,86.0,319.28476,302.3319,46.13476000000003,29.18190000000004
2017-04-10 07:00:00,27.5,86.25,318.50272,299.8298,45.35272000000003,26.6798
2017-04-10 07:00:00,27.5,86.5,315.60104,296.79797,42.451040000000035,23.647970000000043
2017-04-10 07:00:00,27.5,86.75,313.46964,294.77615,40.31964000000005,21.626149999999996
2017-04-10 07:00:00,27.5,87.0,312.74612,295.275,39.59612000000004,22.125
2017-04-10 07:00:00,27.5,87.25,313.31665,297.84595,40.166650000000004,24.69595000000004
2017-04-10 07:00:00,27.5,87.5,313.26697,298.2411,40.11697000000004,25.09110000000004
2017-04-10 07:00:00,27.5,87.75,311.95834,294.35413,38.808340000000044,21.20413000000002
2017-04-10 07:00:00,27.5,88.0,312.44952,291.95047,39.29952000000003,18.80047000000002
2017-04-10 07:00:00,27.5,88.25,312.44952,291.95047,39.29952000000003,18.80047000000002
2017-04-10 07:00:00,27.5,88.5,314.93533,294.00134,41.785330000000044,20.85134000000005
2017-04-10 07:00:00,27.5,88.75,315.2149,293.39206,42.06490000000002,20.242060000000038
2017-04-10 07:00:00,27.5,89.0,311.9953,286.9921,38.84530000000001,13.842100000000016
2017-04-10 07:00:00,27.5,89.25,307.4005,283.13507,34.250500000000045,9.985070000000007
2017-04-10 07:00:00,27.5,89.5,307.45892,283.92682,34.30892,10.776820000000043
2017-04-10 07:00:00,27.5,89.75,307.5012,289.32718,34.351200000000006,16.17718000000002
2017-04-10 07:00:00,27.5,90.0,311.50638,296.27213,38.35638,23.122130000000027
2017-04-10 07:00:00,27.25,85.5,326.70773,309.25082,53.55773000000005,36.10082
2017-04-10 07:00:00,27.25,85.75,324.31516,307.14117,51.165160000000014,33.99117000000001
2017-04-10 07:00:00,27.25,86.0,324.31516,307.14117,51.165160000000014,33.99117000000001
2017-04-10 07:00:00,27.25,86.25,322.98413,304.87747,49.834130000000016,31.72747000000004
2017-04-10 07:00:00,27.25,86.5,319.91745,302.74374,46.76745,29.593740000000025
2017-04-10 07:00:00,27.25,86.75,319.19983,301.85104,46.04983000000004,28.701040000000035
2017-04-10 07:00:00,27.25,87.0,318.09448,300.59454,44.94448,27.444540000000018
2017-04-10 07:00:00,27.25,87.25,317.88754,300.9876,44.737540000000024,27.83760000000001
2017-04-10 07:00:00,27.25,87.5,318.4945,300.97238,45.34450000000004,27.82238000000001
2017-04-10 07:00:00,27.25,87.75,316.9707,297.8119,43.820700000000045,24.661900000000003
2017-04-10 07:00:00,27.25,88.0,315.80936,296.37463,42.65936000000005,23.224630000000047
2017-04-10 07:00:00,27.25,88.25,315.80936,296.37463,42.65936000000005,23.224630000000047
2017-04-10 07:00:00,27.25,88.5,317.96387,299.41666,44.81387000000001,26.26666
2017-04-10 07:00:00,27.25,88.75,318.72186,300.23398,45.571860000000015,27.083979999999997
2017-04-10 07:00:00,27.25,89.0,314.66776,296.22858,41.51776000000001,23.078580000000045
2017-04-10 07:00:00,27.25,89.25,311.02203,293.33356,37.872029999999995,20.18356
2017-04-10 07:00:00,27.25,89.5,309.78415,290.49313,36.634150000000034,17.34313000000003
2017-04-10 07:00:00,27.25,89.75,309.81854,290.2892,36.66854000000001,17.139200000000017
2017-04-10 07:00:00,27.25,90.0,313.45258,295.95047,40.302580000000034,22.80047000000002
2017-04-10 07:00:00,27.0,85.5,326.70773,309.25082,53.55773000000005,36.10082
2017-04-10 07:00:00,27.0,85.75,324.31516,307.14117,51.165160000000014,33.99117000000001
2017-04-10 07:00:00,27.0,86.0,324.31516,307.14117,51.165160000000014,33.99117000000001
2017-04-10 07:00:00,27.0,86.25,322.98413,304.87747,49.834130000000016,31.72747000000004
2017-04-10 07:00:00,27.0,86.5,319.91745,302.74374,46.76745,29.593740000000025
2017-04-10 07:00:00,27.0,86.75,319.19983,301.85104,46.04983000000004,28.701040000000035
2017-04-10 07:00:00,27.0,87.0,318.09448,300.59454,44.94448,27.444540000000018
2017-04-10 07:00:00,27.0,87.25,317.88754,300.9876,44.737540000000024,27.83760000000001
2017-04-10 07:00:00,27.0,87.5,318.4945,300.97238,45.34450000000004,27.82238000000001
2017-04-10 07:00:00,27.0,87.75,316.9707,297.8119,43.820700000000045,24.661900000000003
2017-04-10 07:00:00,27.0,88.0,315.80936,296.37463,42.65936000000005,23.224630000000047
2017-04-10 07:00:00,27.0,88.25,315.80936,296.37463,42.65936000000005,23.224630000000047
2017-04-10 07:00:00,27.0,88.5,317.96387,299.41666,44.81387000000001,26.26666
2017-04-10 07:00:00,27.0,88.75,318.72186,300.23398,45.571860000000015,27.083979999999997
2017-04-10 07:00:00,27.0,89.0,314.66776,296.22858,41.51776000000001,23.078580000000045
2017-04-10 07:00:00,27.0,89.25,311.02203,293.33356,37.872029999999995,20.18356
2017-04-10 07:00:00,27.0,89.5,309.78415,290.49313,36.634150000000034,17.34313000000003
2017-04-10 07:00:00,27.0,89.75,309.81854,290.2892,36.66854000000001,17.139200000000017
2017-04-10 07:00:00,27.0,90.0,313.45258,295.95047,40.302580000000034,22.80047000000002
2017-04-10 07:00:00,26.75,85.5,328.3695,310.44858,55.21950000000004,37.298580000000015
2017-04-10 07:00:00,26.75,85.75,329.91318,310.94922,56.763180000000034,37.79922000000005
2017-04-10 07:00:00,26.75,86.0,329.91318,310.94922,56.763180000000034,37.79922000000005
2017-04-10 07:00:00,26.75,86.25,329.43326,310.23306,56.28326000000004,37.083060000000046
2017-04-10 07:00:00,26.75,86.5,327.84445,309.29248,54.69445000000002,36.142480000000035
2017-04-10 07:00:00,26.75,86.75,324.80228,307.39532,51.65228000000002,34.24532000000005
2017-04-10 07:00:00,26.75,87.0,322.25507,304.6682,49.10507000000001,31.518200000000036
2017-04-10 07:00:00,26.75,87.25,321.10306,303.14307,47.95306000000005,29.993070000000046
2017-04-10 07:00:00,26.75,87.5,320.94705,302.9639,47.79705000000001,29.813900000000046
2017-04-10 07:00:00,26.75,87.75,320.11703,302.53073,46.96703000000002,29.380730000000028
2017-04-10 07:00:00,26.75,88.0,319.56982,302.51352,46.419820000000016,29.36352000000005
2017-04-10 07:00:00,26.75,88.25,319.56982,302.51352,46.419820000000016,29.36352000000005
2017-04-10 07:00:00,26.75,88.5,321.06647,304.48865,47.916470000000004,31.33865000000003
2017-04-10 07:00:00,26.75,88.75,323.0804,306.9137,49.93040000000002,33.76370000000003
2017-04-10 07:00:00,26.75,89.0,323.09113,306.91635,49.941130000000044,33.766350000000045
2017-04-10 07:00:00,26.75,89.25,321.25836,304.76462,48.108360000000005,31.614620000000002
2017-04-10 07:00:00,26.75,89.5,320.30115,302.70352,47.15115000000003,29.55352000000005
2017-04-10 07:00:00,26.75,89.75,316.5933,299.93155,43.44330000000002,26.78155000000004
2017-04-10 07:00:00,26.75,90.0,318.28033,302.45248,45.130330000000015,29.302480000000003
2017-04-10 07:00:00,26.5,85.5,329.68723,310.99887,56.53723000000002,37.84887000000003
2017-04-10 07:00:00,26.5,85.75,329.19986,310.8222,56.049860000000024,37.67220000000003
2017-04-10 07:00:00,26.5,86.0,329.19986,310.8222,56.049860000000024,37.67220000000003
2017-04-10 07:00:00,26.5,86.25,328.81494,310.54187,55.66494,37.39187000000004
2017-04-10 07:00:00,26.5,86.5,329.16156,310.05432,56.01156000000003,36.90432000000004
2017-04-10 07:00:00,26.5,86.75,328.3444,309.53412,55.19440000000003,36.384119999999996
2017-04-10 07:00:00,26.5,87.0,326.049,308.68066,52.899,35.53066000000001
2017-04-10 07:00:00,26.5,87.25,327.0576,309.17206,53.9076,36.02206000000001
2017-04-10 07:00:00,26.5,87.5,328.23303,309.49548,55.08303000000001,36.34548000000001
2017-04-10 07:00:00,26.5,87.75,327.42984,309.13138,54.279840000000036,35.98138
2017-04-10 07:00:00,26.5,88.0,326.7062,308.8738,53.55620000000005,35.72380000000004
2017-04-10 07:00:00,26.5,88.25,326.7062,308.8738,53.55620000000005,35.72380000000004
2017-04-10 07:00:00,26.5,88.5,327.1886,309.40366,54.03860000000003,36.253660000000025
2017-04-10 07:00:00,26.5,88.75,327.53394,310.14868,54.383939999999996,36.998680000000036
2017-04-10 07:00:00,26.5,89.0,326.31393,309.23892,53.16393000000005,36.08892000000003
2017-04-10 07:00:00,26.5,89.25,324.61404,308.0654,51.46404000000001,34.915400000000034
2017-04-10 07:00:00,26.5,89.5,325.987,309.27414,52.837000000000046,36.12414000000001
2017-04-10 07:00:00,26.5,89.75,324.9404,308.02185,51.790400000000034,34.871849999999995
2017-04-10 07:00:00,26.5,90.0,326.18704,308.72372,53.03704000000005,35.57372000000004
2017-04-10 07:00:00,26.25,85.5,328.53708,310.75272,55.387080000000026,37.60272000000003
2017-04-10 07:00:00,26.25,85.75,328.48337,310.2883,55.33337,37.138300000000015
2017-04-10 07:00:00,26.25,86.0,328.48337,310.2883,55.33337,37.138300000000015
2017-04-10 07:00:00,26.25,86.25,328.42676,310.1346,55.276760000000024,36.9846
2017-04-10 07:00:00,26.25,86.5,327.7633,309.4893,54.61330000000004,36.33930000000004
2017-04-10 07:00:00,26.25,86.75,327.0274,309.3307,53.87740000000002,36.1807
2017-04-10 07:00:00,26.25,87.0,326.36508,308.7638,53.21508,35.613800000000026
2017-04-10 07:00:00,26.25,87.25,326.7583,308.67947,53.60830000000004,35.52947
2017-04-10 07:00:00,26.25,87.5,327.52203,308.78946,54.372029999999995,35.63946000000004
2017-04-10 07:00:00,26.25,87.75,327.66373,308.615,54.51373000000001,35.46500000000003
2017-04-10 07:00:00,26.25,88.0,327.3181,308.40265,54.16810000000004,35.25265000000002
2017-04-10 07:00:00,26.25,88.25,327.3181,308.40265,54.16810000000004,35.25265000000002
2017-04-10 07:00:00,26.25,88.5,326.74582,308.3047,53.59582,35.15470000000005
2017-04-10 07:00:00,26.25,88.75,325.92697,308.0143,52.776970000000006,34.864300000000014
2017-04-10 07:00:00,26.25,89.0,325.24588,307.35452,52.09588000000002,34.20452
2017-04-10 07:00:00,26.25,89.25,324.6436,306.6496,51.493600000000015,33.499600000000044
2017-04-10 07:00:00,26.25,89.5,323.95618,306.53503,50.80618000000004,33.38503000000003
2017-04-10 07:00:00,26.25,89.75,323.90027,306.3511,50.75027,33.2011
2017-04-10 07:00:00,26.25,90.0,324.15213,306.27646,51.00213000000002,33.12646000000001
2017-04-10 07:00:00,26.0,85.5,327.87402,310.54358,54.724019999999996,37.39358000000004
2017-04-10 07:00:00,26.0,85.75,328.42847,310.75427,55.27847000000003,37.60427000000004
2017-04-10 07:00:00,26.0,86.0,328.42847,310.75427,55.27847000000003,37.60427000000004
2017-04-10 07:00:00,26.0,86.25,328.2518,310.3951,55.101800000000026,37.245100000000036
2017-04-10 07:00:00,26.0,86.5,326.65768,309.4409,53.50768000000005,36.29090000000002
2017-04-10 07:00:00,26.0,86.75,327.1277,309.29474,53.97770000000003,36.14474000000001
2017-04-10 07:00:00,26.0,87.0,326.2869,308.6433,53.136900000000026,35.49330000000003
2017-04-10 07:00:00,26.0,87.25,326.39294,308.436,53.24294000000003,35.286
2017-04-10 07:00:00,26.0,87.5,327.391,308.7109,54.24100000000004,35.560900000000004
2017-04-10 07:00:00,26.0,87.75,327.7869,308.84183,54.636900000000026,35.69183000000004
2017-04-10 07:00:00,26.0,88.0,327.5535,308.7248,54.40350000000001,35.57480000000004
2017-04-10 07:00:00,26.0,88.25,327.5535,308.7248,54.40350000000001,35.57480000000004
2017-04-10 07:00:00,26.0,88.5,326.9541,308.3535,53.804100000000005,35.20350000000002
2017-04-10 07:00:00,26.0,88.75,326.217,307.8497,53.06700000000001,34.69970000000001
2017-04-10 07:00:00,26.0,89.0,325.83377,307.55725,52.68377000000004,34.40725000000003
2017-04-10 07:00:00,26.0,89.25,324.82312,306.8646,51.67312000000004,33.71460000000002
2017-04-10 07:00:00,26.0,89.5,324.2167,305.91406,51.066700000000026,32.76406000000003
2017-04-10 07:00:00,26.0,89.75,323.17667,304.90604,50.026670000000024,31.75604000000004
2017-04-10 07:00:00,26.0,90.0,322.68405,304.79807,49.534050000000036,31.64807000000002
2017-04-10 07:00:00,25.75,85.5,326.15756,309.91818,53.00756000000001,36.76818000000003
2017-04-10 07:00:00,25.75,85.75,327.2257,310.1164,54.07570000000004,36.96640000000002
2017-04-10 07:00:00,25.75,86.0,327.2257,310.1164,54.07570000000004,36.96640000000002
2017-04-10 07:00:00,25.75,86.25,327.5826,310.3367,54.432600000000036,37.18670000000003
2017-04-10 07:00:00,25.75,86.5,327.28247,310.03558,54.13247000000001,36.885580000000004
2017-04-10 07:00:00,25.75,86.75,327.4347,309.9049,54.28470000000004,36.75490000000002
2017-04-10 07:00:00,25.75,87.0,326.77777,309.30167,53.62777,36.151670000000024
2017-04-10 07:00:00,25.75,87.25,326.56473,308.8728,53.41473000000002,35.72280000000001
2017-04-10 07:00:00,25.75,87.5,326.46127,308.4952,53.311270000000036,35.345200000000034
2017-04-10 07:00:00,25.75,87.75,326.6028,308.31824,53.452800000000025,35.168240000000026
2017-04-10 07:00:00,25.75,88.0,326.81482,308.31024,53.66482000000002,35.160240000000044
2017-04-10 07:00:00,25.75,88.25,326.81482,308.31024,53.66482000000002,35.160240000000044
2017-04-10 07:00:00,25.75,88.5,326.4661,308.11182,53.316100000000006,34.961820000000046
2017-04-10 07:00:00,25.75,88.75,325.59708,307.66437,52.44708000000003,34.51437000000004
2017-04-10 07:00:00,25.75,89.0,324.5341,307.0514,51.384100000000046,33.901400000000024
2017-04-10 07:00:00,25.75,89.25,324.05582,306.55658,50.905820000000006,33.40658000000002
2017-04-10 07:00:00,25.75,89.5,323.40457,305.99277,50.25457,32.84277000000003
2017-04-10 07:00:00,25.75,89.75,322.70416,305.50204,49.554160000000024,32.352040000000045
2017-04-10 07:00:00,25.75,90.0,323.59775,305.21643,50.44775000000004,32.066430000000025
2017-04-10 07:00:00,25.5,85.5,326.71597,309.98422,53.56597000000005,36.834220000000016
2017-04-10 07:00:00,25.5,85.75,325.79843,309.7257,52.64843000000002,36.57570000000004
2017-04-10 07:00:00,25.5,86.0,325.79843,309.7257,52.64843000000002,36.57570000000004
2017-04-10 07:00:00,25.5,86.25,326.6859,309.8313,53.53590000000003,36.68130000000002
2017-04-10 07:00:00,25.5,86.5,326.73898,309.80032,53.58898000000005,36.65032000000002
2017-04-10 07:00:00,25.5,86.75,326.81833,309.80975,53.668330000000026,36.65975000000003
2017-04-10 07:00:00,25.5,87.0,326.47635,309.4598,53.32635000000005,36.309799999999996
2017-04-10 07:00:00,25.5,87.25,325.8578,308.89615,52.70780000000002,35.74615
2017-04-10 07:00:00,25.5,87.5,325.6787,308.67746,52.528700000000015,35.52746000000002
2017-04-10 07:00:00,25.5,87.75,326.53262,308.98486,53.38262000000003,35.83486000000005
2017-04-10 07:00:00,25.5,88.0,327.04373,308.89157,53.893730000000005,35.741570000000024
2017-04-10 07:00:00,25.5,88.25,327.04373,308.89157,53.893730000000005,35.741570000000024
2017-04-10 07:00:00,25.5,88.5,326.7325,308.26797,53.58250000000004,35.117970000000014
2017-04-10 07:00:00,25.5,88.75,326.6631,307.99725,53.51310000000001,34.84725000000003
2017-04-10 07:00:00,25.5,89.0,326.04727,307.8192,52.89727000000005,34.669200000000046
2017-04-10 07:00:00,25.5,89.25,324.91974,307.5346,51.76974000000001,34.384600000000034
2017-04-10 07:00:00,25.5,89.5,324.0164,307.0841,50.8664,33.9341
2017-04-10 07:00:00,25.5,89.75,323.12936,306.95587,49.97936000000004,33.80587000000003
2017-04-10 07:00:00,25.5,90.0,324.7895,306.99094,51.6395,33.840940000000046
2017-04-10 07:00:00,25.25,85.5,327.53088,310.017,54.38088000000005,36.86700000000002
2017-04-10 07:00:00,25.25,85.75,327.3418,309.93054,54.1918,36.78054000000003
2017-04-10 07:00:00,25.25,86.0,327.3418,309.93054,54.1918,36.78054000000003
2017-04-10 07:00:00,25.25,86.25,327.17953,309.44208,54.02953000000002,36.29208
2017-04-10 07:00:00,25.25,86.5,326.3473,309.05096,53.19730000000004,35.90096
2017-04-10 07:00:00,25.25,86.75,326.64597,309.0687,53.49597,35.9187
2017-04-10 07:00:00,25.25,87.0,326.94684,309.39627,53.79684000000003,36.24627000000004
2017-04-10 07:00:00,25.25,87.25,327.54868,309.60342,54.39868000000001,36.45342000000005
2017-04-10 07:00:00,25.25,87.5,326.5096,308.98047,53.3596,35.83047000000005
2017-04-10 07:00:00,25.25,87.75,325.27008,308.67206,52.12008000000003,35.52206000000001
2017-04-10 07:00:00,25.25,88.0,326.01642,308.87357,52.866420000000005,35.723569999999995
2017-04-10 07:00:00,25.25,88.25,326.01642,308.87357,52.866420000000005,35.723569999999995
2017-04-10 07:00:00,25.25,88.5,327.0566,308.72852,53.906600000000026,35.578520000000026
2017-04-10 07:00:00,25.25,88.75,326.69244,308.4947,53.54244,35.344700000000046
2017-04-10 07:00:00,25.25,89.0,326.13977,308.46286,52.98977000000002,35.31286
2017-04-10 07:00:00,25.25,89.25,325.14456,308.43982,51.994560000000035,35.28982000000002
2017-04-10 07:00:00,25.25,89.5,324.6853,308.43665,51.53530000000001,35.28665000000001
2017-04-10 07:00:00,25.25,89.75,324.01514,308.2314,50.86514,35.08140000000003
2017-04-10 07:00:00,25.25,90.0,325.07172,308.97397,51.92172000000005,35.82397000000003
2017-04-10 07:00:00,25.0,85.5,328.5255,310.1398,55.375500000000045,36.9898
2017-04-10 07:00:00,25.0,85.75,326.93494,309.22876,53.784940000000006,36.078760000000045
2017-04-10 07:00:00,25.0,86.0,326.93494,309.22876,53.784940000000006,36.078760000000045
2017-04-10 07:00:00,25.0,86.25,326.64374,308.618,53.49374,35.46800000000002
2017-04-10 07:00:00,25.0,86.5,327.76587,308.98163,54.61587000000003,35.83163000000002
2017-04-10 07:00:00,25.0,86.75,327.30005,309.0429,54.15005000000002,35.8929
2017-04-10 07:00:00,25.0,87.0,327.48755,309.18677,54.33755000000002,36.03677000000005
2017-04-10 07:00:00,25.0,87.25,327.42633,309.22128,54.27633000000003,36.07128
2017-04-10 07:00:00,25.0,87.5,326.71872,309.17487,53.56872000000004,36.02487000000002
2017-04-10 07:00:00,25.0,87.75,325.90793,309.44336,52.757930000000044,36.29336000000001
2017-04-10 07:00:00,25.0,88.0,326.04523,309.8455,52.895230000000026,36.69550000000004
2017-04-10 07:00:00,25.0,88.25,326.04523,309.8455,52.895230000000026,36.69550000000004
2017-04-10 07:00:00,25.0,88.5,327.17944,309.86505,54.02944000000002,36.71505000000002
2017-04-10 07:00:00,25.0,88.75,327.68378,309.82608,54.533780000000036,36.67608000000001
2017-04-10 07:00:00,25.0,89.0,326.87643,310.08243,53.72643000000005,36.93243000000001
2017-04-10 07:00:00,25.0,89.25,326.11105,309.6043,52.96105,36.454300000000046
2017-04-10 07:00:00,25.0,89.5,325.28067,309.12982,52.13067000000001,35.97982000000002
2017-04-10 07:00:00,25.0,89.75,324.68344,308.76382,51.53344000000004,35.61382000000003
2017-04-10 07:00:00,25.0,90.0,326.05652,309.3944,52.90652,36.24440000000004
2017-04-10 07:00:00,24.75,85.5,328.5255,310.1398,55.375500000000045,36.9898
2017-04-10 07:00:00,24.75,85.75,326.93494,309.22876,53.784940000000006,36.078760000000045
2017-04-10 07:00:00,24.75,86.0,326.93494,309.22876,53.784940000000006,36.078760000000045
2017-04-10 07:00:00,24.75,86.25,326.64374,308.618,53.49374,35.46800000000002
2017-04-10 07:00:00,24.75,86.5,327.76587,308.98163,54.61587000000003,35.83163000000002
2017-04-10 07:00:00,24.75,86.75,327.30005,309.0429,54.15005000000002,35.8929
2017-04-10 07:00:00,24.75,87.0,327.48755,309.18677,54.33755000000002,36.03677000000005
2017-04-10 07:00:00,24.75,87.25,327.42633,309.22128,54.27633000000003,36.07128
2017-04-10 07:00:00,24.75,87.5,326.71872,309.17487,53.56872000000004,36.02487000000002
2017-04-10 07:00:00,24.75,87.75,325.90793,309.44336,52.757930000000044,36.29336000000001
2017-04-10 07:00:00,24.75,88.0,326.04523,309.8455,52.895230000000026,36.69550000000004
2017-04-10 07:00:00,24.75,88.25,326.04523,309.8455,52.895230000000026,36.69550000000004
2017-04-10 07:00:00,24.75,88.5,327.17944,309.86505,54.02944000000002,36.71505000000002
2017-04-10 07:00:00,24.75,88.75,327.68378,309.82608,54.533780000000036,36.67608000000001
2017-04-10 07:00:00,24.75,89.0,326.87643,310.08243,53.72643000000005,36.93243000000001
2017-04-10 07:00:00,24.75,89.25,326.11105,309.6043,52.96105,36.454300000000046
2017-04-10 07:00:00,24.75,89.5,325.28067,309.12982,52.13067000000001,35.97982000000002
2017-04-10 07:00:00,24.75,89.75,324.68344,308.76382,51.53344000000004,35.61382000000003
2017-04-10 07:00:00,24.75,90.0,326.05652,309.3944,52.90652,36.24440000000004
2017-04-10 07:00:00,24.5,85.5,325.19547,307.95682,52.04547000000002,34.806820000000016
2017-04-10 07:00:00,24.5,85.75,326.73407,308.504,53.58407,35.35400000000004
2017-04-10 07:00:00,24.5,86.0,326.73407,308.504,53.58407,35.35400000000004
2017-04-10 07:00:00,24.5,86.25,326.73904,308.03522,53.58904000000001,34.885220000000004
2017-04-10 07:00:00,24.5,86.5,327.5716,308.46753,54.42160000000001,35.31753000000003
2017-04-10 07:00:00,24.5,86.75,327.78613,308.8082,54.63613000000004,35.65820000000002
2017-04-10 07:00:00,24.5,87.0,327.90646,309.12985,54.756460000000004,35.97985
2017-04-10 07:00:00,24.5,87.25,327.48337,309.09317,54.33337,35.94317000000001
2017-04-10 07:00:00,24.5,87.5,326.62714,309.1572,53.47714000000002,36.00720000000001
2017-04-10 07:00:00,24.5,87.75,326.52136,309.8563,53.37136000000004,36.7063
2017-04-10 07:00:00,24.5,88.0,326.8096,310.45908,53.65960000000001,37.309079999999994
2017-04-10 07:00:00,24.5,88.25,326.8096,310.45908,53.65960000000001,37.309079999999994
2017-04-10 07:00:00,24.5,88.5,327.2048,310.4607,54.0548,37.3107
2017-04-10 07:00:00,24.5,88.75,327.42032,310.3258,54.27032000000003,37.17580000000004
2017-04-10 07:00:00,24.5,89.0,326.02362,309.98773,52.87362000000002,36.83773000000002
2017-04-10 07:00:00,24.5,89.25,325.5143,309.54898,52.364300000000014,36.398979999999995
2017-04-10 07:00:00,24.5,89.5,325.62305,309.47546,52.47305,36.32546000000002
2017-04-10 07:00:00,24.5,89.75,325.17975,309.2195,52.029750000000035,36.069500000000005
2017-04-10 07:00:00,24.5,90.0,327.15186,309.75793,54.00186000000002,36.60793000000001
2017-04-10 07:00:00,24.25,85.5,325.52975,306.5971,52.37975,33.447100000000034
2017-04-10 07:00:00,24.25,85.75,326.97464,307.32413,53.824640000000045,34.17413000000005
2017-04-10 07:00:00,24.25,86.0,326.97464,307.32413,53.824640000000045,34.17413000000005
2017-04-10 07:00:00,24.25,86.25,328.29822,308.2868,55.14822000000004,35.13680000000005
2017-04-10 07:00:00,24.25,86.5,328.63263,308.92432,55.48263000000003,35.774320000000046
2017-04-10 07:00:00,24.25,86.75,328.35422,309.2992,55.20422000000002,36.14920000000001
2017-04-10 07:00:00,24.25,87.0,328.65607,309.89502,55.50607000000002,36.74502000000001
2017-04-10 07:00:00,24.25,87.25,328.1443,309.9814,54.99430000000001,36.83140000000003
2017-04-10 07:00:00,24.25,87.5,327.46667,310.25812,54.316670000000045,37.10812000000004
2017-04-10 07:00:00,24.25,87.75,327.85904,310.81995,54.709040000000016,37.66995000000003
2017-04-10 07:00:00,24.25,88.0,328.36804,311.2961,55.21804000000003,38.14610000000005
2017-04-10 07:00:00,24.25,88.25,328.36804,311.2961,55.21804000000003,38.14610000000005
2017-04-10 07:00:00,24.25,88.5,327.9473,311.44232,54.79730000000001,38.29232000000002
2017-04-10 07:00:00,24.25,88.75,326.84665,310.85684,53.696650000000034,37.70684
2017-04-10 07:00:00,24.25,89.0,325.61816,310.00143,52.46816000000001,36.85143000000005
2017-04-10 07:00:00,24.25,89.25,325.81332,310.1121,52.66332,36.96210000000002
2017-04-10 07:00:00,24.25,89.5,325.91855,310.05536,52.768550000000005,36.90536000000003
2017-04-10 07:00:00,24.25,89.75,325.63885,309.86392,52.48885000000001,36.71392000000003
2017-04-10 07:00:00,24.25,90.0,328.25714,310.77295,55.107140000000015,37.62295
2017-04-10 07:00:00,24.0,85.5,324.86255,305.46725,51.71255000000002,32.31725
2017-04-10 07:00:00,24.0,85.75,325.63846,306.8066,52.48846000000003,33.656600000000026
2017-04-10 07:00:00,24.0,86.0,325.63846,306.8066,52.48846000000003,33.656600000000026
2017-04-10 07:00:00,24.0,86.25,326.59955,308.03262,53.449550000000045,34.88262000000003
2017-04-10 07:00:00,24.0,86.5,327.34006,308.82162,54.19006000000002,35.67162000000002
2017-04-10 07:00:00,24.0,86.75,327.60028,309.3955,54.45028000000002,36.24550000000005
2017-04-10 07:00:00,24.0,87.0,328.4736,310.37796,55.3236,37.227959999999996
2017-04-10 07:00:00,24.0,87.25,327.77435,310.51117,54.62435000000005,37.361170000000016
2017-04-10 07:00:00,24.0,87.5,328.10577,311.18976,54.95577000000003,38.03976
2017-04-10 07:00:00,24.0,87.75,329.18994,312.42273,56.03994,39.272730000000024
2017-04-10 07:00:00,24.0,88.0,328.79404,312.55835,55.64404000000002,39.40835000000004
2017-04-10 07:00:00,24.0,88.25,328.79404,312.55835,55.64404000000002,39.40835000000004
2017-04-10 07:00:00,24.0,88.5,327.98807,311.9832,54.838070000000016,38.83320000000003
2017-04-10 07:00:00,24.0,88.75,328.07156,311.8862,54.92156,38.7362
2017-04-10 07:00:00,24.0,89.0,327.34427,311.4355,54.19427000000002,38.28550000000001
2017-04-10 07:00:00,24.0,89.25,326.0901,310.85837,52.94010000000003,37.70837
2017-04-10 07:00:00,24.0,89.5,326.72617,310.9811,53.57617000000005,37.83110000000005
2017-04-10 07:00:00,24.0,89.75,326.0534,310.48587,52.90340000000003,37.33587
2017-04-10 07:00:00,24.0,90.0,328.35147,310.861,55.20147000000003,37.71100000000001
2017-04-10 07:00:00,23.75,85.5,325.7371,307.40073,52.58710000000002,34.25073000000003
2017-04-10 07:00:00,23.75,85.75,324.42102,307.4718,51.27102000000002,34.321799999999996
2017-04-10 07:00:00,23.75,86.0,324.42102,307.4718,51.27102000000002,34.321799999999996
2017-04-10 07:00:00,23.75,86.25,326.68475,309.7299,53.53475000000003,36.57990000000001
2017-04-10 07:00:00,23.75,86.5,328.21878,310.8844,55.068780000000004,37.73440000000005
2017-04-10 07:00:00,23.75,86.75,326.33698,310.3703,53.186980000000005,37.22030000000001
2017-04-10 07:00:00,23.75,87.0,326.77386,310.3907,53.623860000000036,37.240700000000004
2017-04-10 07:00:00,23.75,87.25,327.43033,310.70966,54.28033000000005,37.55966000000001
2017-04-10 07:00:00,23.75,87.5,328.75424,311.81226,55.604240000000004,38.66226
2017-04-10 07:00:00,23.75,87.75,329.88077,312.64212,56.73077000000001,39.49212
2017-04-10 07:00:00,23.75,88.0,329.29947,312.62415,56.14947000000001,39.47415000000001
2017-04-10 07:00:00,23.75,88.25,329.29947,312.62415,56.14947000000001,39.47415000000001
2017-04-10 07:00:00,23.75,88.5,328.25168,312.38815,55.101680000000044,39.23815000000002
2017-04-10 07:00:00,23.75,88.75,328.12128,312.1624,54.971280000000036,39.012400000000014
2017-04-10 07:00:00,23.75,89.0,328.0778,312.05338,54.92780000000005,38.90338000000003
2017-04-10 07:00:00,23.75,89.25,327.6931,311.80447,54.54310000000004,38.65447
2017-04-10 07:00:00,23.75,89.5,327.3958,311.6821,54.24580000000003,38.532100000000014
2017-04-10 07:00:00,23.75,89.75,326.60468,311.28482,53.454679999999996,38.13482000000005
2017-04-10 07:00:00,23.75,90.0,326.29446,310.7549,53.14446000000004,37.60490000000004
2017-04-10 07:00:00,23.5,85.5,325.06012,306.84726,51.910120000000006,33.69726000000003
2017-04-10 07:00:00,23.5,85.75,326.71698,308.9797,53.56698,35.8297
2017-04-10 07:00:00,23.5,86.0,326.71698,308.9797,53.56698,35.8297
2017-04-10 07:00:00,23.5,86.25,328.9118,310.73166,55.76180000000005,37.58166
2017-04-10 07:00:00,23.5,86.5,329.29956,311.27487,56.14956000000001,38.124870000000044
2017-04-10 07:00:00,23.5,86.75,328.14334,311.03726,54.993340000000046,37.887260000000026
2017-04-10 07:00:00,23.5,87.0,327.80698,311.20865,54.65698000000003,38.05865
2017-04-10 07:00:00,23.5,87.25,327.47836,311.464,54.32836000000003,38.31400000000002
2017-04-10 07:00:00,23.5,87.5,328.29868,312.0974,55.14868000000001,38.947400000000016
2017-04-10 07:00:00,23.5,87.75,329.30283,312.56943,56.152829999999994,39.419430000000034
2017-04-10 07:00:00,23.5,88.0,329.0911,312.71164,55.941100000000006,39.56164000000001
2017-04-10 07:00:00,23.5,88.25,329.0911,312.71164,55.941100000000006,39.56164000000001
2017-04-10 07:00:00,23.5,88.5,328.52576,312.75662,55.375760000000014,39.60662000000002
2017-04-10 07:00:00,23.5,88.75,328.44998,312.5074,55.299980000000005,39.35740000000004
2017-04-10 07:00:00,23.5,89.0,328.48456,312.24576,55.33456000000001,39.09576000000004
2017-04-10 07:00:00,23.5,89.25,328.55405,312.12122,55.40405000000004,38.97122000000002
2017-04-10 07:00:00,23.5,89.5,327.88925,311.94296,54.73925000000003,38.79296000000005
2017-04-10 07:00:00,23.5,89.75,327.76834,311.79565,54.618340000000046,38.645650000000046
2017-04-10 07:00:00,23.5,90.0,327.1986,311.7018,54.04860000000002,38.551800000000014
2017-04-10 07:00:00,23.25,85.5,327.59164,309.63922,54.44164000000001,36.489220000000046
2017-04-10 07:00:00,23.25,85.75,329.651,311.61505,56.50100000000003,38.46505000000002
2017-04-10 07:00:00,23.25,86.0,329.651,311.61505,56.50100000000003,38.46505000000002
2017-04-10 07:00:00,23.25,86.25,328.81808,311.51535,55.66808000000003,38.365350000000035
2017-04-10 07:00:00,23.25,86.5,329.2223,311.7367,56.07230000000004,38.58670000000001
2017-04-10 07:00:00,23.25,86.75,329.7742,312.30554,56.62420000000003,39.15554000000003
2017-04-10 07:00:00,23.25,87.0,329.70486,312.72696,56.55486000000002,39.57696000000004
2017-04-10 07:00:00,23.25,87.25,330.02194,313.08115,56.871939999999995,39.93115
2017-04-10 07:00:00,23.25,87.5,330.2632,313.26138,57.113200000000006,40.11138
2017-04-10 07:00:00,23.25,87.75,330.1259,313.34628,56.975900000000024,40.19628
2017-04-10 07:00:00,23.25,88.0,330.2325,313.535,57.08250000000004,40.38500000000005
2017-04-10 07:00:00,23.25,88.25,330.2325,313.535,57.08250000000004,40.38500000000005
2017-04-10 07:00:00,23.25,88.5,330.16104,313.5626,57.01104000000004,40.4126
2017-04-10 07:00:00,23.25,88.75,329.68976,313.30518,56.53976,40.15518000000003
2017-04-10 07:00:00,23.25,89.0,330.15277,313.27383,57.00277,40.12383
2017-04-10 07:00:00,23.25,89.25,330.3863,313.29916,57.23630000000003,40.149159999999995
2017-04-10 07:00:00,23.25,89.5,329.7948,313.17926,56.64480000000003,40.02926000000002
2017-04-10 07:00:00,23.25,89.75,328.80557,312.84183,55.65557000000001,39.69183000000004
2017-04-10 07:00:00,23.25,90.0,329.5892,312.99207,56.43920000000003,39.842070000000035
2017-04-10 07:00:00,23.0,85.5,327.80542,311.38834,54.65542000000005,38.23834000000005
2017-04-10 07:00:00,23.0,85.75,329.08786,312.766,55.93786,39.61600000000004
2017-04-10 07:00:00,23.0,86.0,329.08786,312.766,55.93786,39.61600000000004
2017-04-10 07:00:00,23.0,86.25,329.0088,312.93527,55.85880000000003,39.785270000000025
2017-04-10 07:00:00,23.0,86.5,328.66302,312.598,55.51302000000004,39.448000000000036
2017-04-10 07:00:00,23.0,86.75,327.47742,312.3136,54.32742000000002,39.16360000000003
2017-04-10 07:00:00,23.0,87.0,328.6397,312.74106,55.48970000000003,39.59106000000003
2017-04-10 07:00:00,23.0,87.25,330.40887,313.48672,57.25887,40.336720000000014
2017-04-10 07:00:00,23.0,87.5,331.59406,314.10846,58.444060000000036,40.95846
2017-04-10 07:00:00,23.0,87.75,332.0268,314.58057,58.8768,41.430570000000046
2017-04-10 07:00:00,23.0,88.0,331.89566,314.78082,58.74566000000004,41.63082000000003
2017-04-10 07:00:00,23.0,88.25,331.89566,314.78082,58.74566000000004,41.63082000000003
2017-04-10 07:00:00,23.0,88.5,331.18384,314.48267,58.03384,41.33267000000001
2017-04-10 07:00:00,23.0,88.75,330.41733,314.00598,57.267330000000015,40.855980000000045
2017-04-10 07:00:00,23.0,89.0,330.82217,313.96884,57.67217000000005,40.81884000000002
2017-04-10 07:00:00,23.0,89.25,330.97745,314.04398,57.82745,40.89398
2017-04-10 07:00:00,23.0,89.5,329.72797,313.5616,56.57797000000005,40.41160000000002
2017-04-10 07:00:00,23.0,89.75,330.16785,313.82556,57.01785000000001,40.67556000000002
2017-04-10 07:00:00,23.0,90.0,329.54178,313.439,56.39178000000004,40.289000000000044
2017-04-10 07:00:00,22.75,85.5,330.22543,313.41812,57.07543000000004,40.26812000000001
2017-04-10 07:00:00,22.75,85.75,332.7478,315.03375,59.59780000000001,41.88375000000002
2017-04-10 07:00:00,22.75,86.0,332.7478,315.03375,59.59780000000001,41.88375000000002
2017-04-10 07:00:00,22.75,86.25,332.11334,314.79562,58.96334000000002,41.64562000000001
2017-04-10 07:00:00,22.75,86.5,329.14938,313.03995,55.99938000000003,39.88995
2017-04-10 07:00:00,22.75,86.75,329.61594,313.33557,56.465940000000046,40.18557000000004
2017-04-10 07:00:00,22.75,87.0,330.83618,313.9437,57.686180000000036,40.7937
2017-04-10 07:00:00,22.75,87.25,332.22443,314.74133,59.07443000000001,41.59133000000003
2017-04-10 07:00:00,22.75,87.5,331.43423,314.84314,58.284230000000036,41.69314000000003
2017-04-10 07:00:00,22.75,87.75,330.99905,314.70972,57.849050000000034,41.55972000000003
2017-04-10 07:00:00,22.75,88.0,329.73694,314.2703,56.58694000000003,41.12030000000004
2017-04-10 07:00:00,22.75,88.25,329.73694,314.2703,56.58694000000003,41.12030000000004
2017-04-10 07:00:00,22.75,88.5,328.4901,313.7951,55.34010000000001,40.64510000000001
2017-04-10 07:00:00,22.75,88.75,327.62497,313.3909,54.47497000000004,40.24090000000001
2017-04-10 07:00:00,22.75,89.0,326.4462,312.93393,53.2962,39.78393
2017-04-10 07:00:00,22.75,89.25,325.46796,312.51984,52.31796000000003,39.36984000000001
2017-04-10 07:00:00,22.75,89.5,326.6169,312.87012,53.46690000000001,39.72012000000001
2017-04-10 07:00:00,22.75,89.75,329.29935,313.9195,56.14935000000003,40.76950000000005
2017-04-10 07:00:00,22.75,90.0,329.72528,314.09836,56.57528000000002,40.94836000000004
2017-04-10 07:00:00,22.5,85.5,330.22543,313.41812,57.07543000000004,40.26812000000001
2017-04-10 07:00:00,22.5,85.75,332.7478,315.03375,59.59780000000001,41.88375000000002
2017-04-10 07:00:00,22.5,86.0,332.7478,315.03375,59.59780000000001,41.88375000000002
2017-04-10 07:00:00,22.5,86.25,332.11334,314.79562,58.96334000000002,41.64562000000001
2017-04-10 07:00:00,22.5,86.5,329.14938,313.03995,55.99938000000003,39.88995
2017-04-10 07:00:00,22.5,86.75,329.61594,313.33557,56.465940000000046,40.18557000000004
2017-04-10 07:00:00,22.5,87.0,330.83618,313.9437,57.686180000000036,40.7937
2017-04-10 07:00:00,22.5,87.25,332.22443,314.74133,59.07443000000001,41.59133000000003
2017-04-10 07:00:00,22.5,87.5,331.43423,314.84314,58.284230000000036,41.69314000000003
2017-04-10 07:00:00,22.5,87.75,330.99905,314.70972,57.849050000000034,41.55972000000003
2017-04-10 07:00:00,22.5,88.0,329.73694,314.2703,56.58694000000003,41.12030000000004
2017-04-10 07:00:00,22.5,88.25,329.73694,314.2703,56.58694000000003,41.12030000000004
2017-04-10 07:00:00,22.5,88.5,328.4901,313.7951,55.34010000000001,40.64510000000001
2017-04-10 07:00:00,22.5,88.75,327.62497,313.3909,54.47497000000004,40.24090000000001
2017-04-10 07:00:00,22.5,89.0,326.4462,312.93393,53.2962,39.78393
2017-04-10 07:00:00,22.5,89.25,325.46796,312.51984,52.31796000000003,39.36984000000001
2017-04-10 07:00:00,22.5,89.5,326.6169,312.87012,53.46690000000001,39.72012000000001
2017-04-10 07:00:00,22.5,89.75,329.29935,313.9195,56.14935000000003,40.76950000000005
2017-04-10 07:00:00,22.5,90.0,329.72528,314.09836,56.57528000000002,40.94836000000004
2017-04-10 07:00:00,22.25,85.5,331.59888,314.18976,58.44888000000003,41.03976
2017-04-10 07:00:00,22.25,85.75,332.2491,314.82556,59.09910000000002,41.67556000000002
2017-04-10 07:00:00,22.25,86.0,332.2491,314.82556,59.09910000000002,41.67556000000002
2017-04-10 07:00:00,22.25,86.25,331.62106,314.6647,58.47106000000002,41.514700000000005
2017-04-10 07:00:00,22.25,86.5,329.10764,313.52765,55.957640000000026,40.37765000000002
2017-04-10 07:00:00,22.25,86.75,331.39813,314.65332,58.24813,41.50332000000003
2017-04-10 07:00:00,22.25,87.0,331.68503,314.6841,58.535030000000006,41.534100000000024
2017-04-10 07:00:00,22.25,87.25,332.6838,315.3985,59.53380000000004,42.248500000000035
2017-04-10 07:00:00,22.25,87.5,331.45087,315.3937,58.30087000000003,42.24370000000005
2017-04-10 07:00:00,22.25,87.75,328.27835,314.24023,55.12835000000001,41.09023000000002
2017-04-10 07:00:00,22.25,88.0,327.94424,313.8523,54.79424,40.70230000000004
2017-04-10 07:00:00,22.25,88.25,327.94424,313.8523,54.79424,40.70230000000004
2017-04-10 07:00:00,22.25,88.5,328.3625,313.92276,55.212500000000034,40.772760000000005
2017-04-10 07:00:00,22.25,88.75,326.89322,313.3949,53.74322000000001,40.24490000000003
2017-04-10 07:00:00,22.25,89.0,324.5637,312.51462,51.413700000000006,39.36462
2017-04-10 07:00:00,22.25,89.25,322.93445,312.08923,49.78445000000005,38.93923000000001
2017-04-10 07:00:00,22.25,89.5,323.21573,312.4781,50.06573000000003,39.328100000000006
2017-04-10 07:00:00,22.25,89.75,326.04727,313.1609,52.89727000000005,40.01090000000005
2017-04-10 07:00:00,22.25,90.0,329.52838,313.4727,56.37838000000005,40.3227
2017-04-10 07:00:00,22.0,85.5,329.7009,313.21463,56.55090000000001,40.06463000000002
2017-04-10 07:00:00,22.0,85.75,330.3479,313.62485,57.197900000000004,40.47485
2017-04-10 07:00:00,22.0,86.0,330.3479,313.62485,57.197900000000004,40.47485
2017-04-10 07:00:00,22.0,86.25,328.6471,312.40134,55.497100000000046,39.25134000000003
2017-04-10 07:00:00,22.0,86.5,327.86096,311.98172,54.71096,38.83172000000002
2017-04-10 07:00:00,22.0,86.75,332.78125,315.4281,59.63125000000002,42.278099999999995
2017-04-10 07:00:00,22.0,87.0,333.2,315.99826,60.05000000000001,42.84826000000004
2017-04-10 07:00:00,22.0,87.25,332.9707,316.47522,59.820700000000045,43.32522
2017-04-10 07:00:00,22.0,87.5,331.39908,315.9233,58.24908000000005,42.773300000000006
2017-04-10 07:00:00,22.0,87.75,328.3648,314.11407,55.214800000000025,40.96407000000005
2017-04-10 07:00:00,22.0,88.0,327.0563,313.1112,53.906300000000044,39.96120000000002
2017-04-10 07:00:00,22.0,88.25,327.0563,313.1112,53.906300000000044,39.96120000000002
2017-04-10 07:00:00,22.0,88.5,325.8816,312.11682,52.731600000000014,38.96682000000004
2017-04-10 07:00:00,22.0,88.75,324.12262,311.64352,50.972620000000006,38.493520000000046
2017-04-10 07:00:00,22.0,89.0,322.89465,312.04346,49.744650000000036,38.893460000000005
2017-04-10 07:00:00,22.0,89.25,321.95514,311.6819,48.805139999999994,38.53190000000001
2017-04-10 07:00:00,22.0,89.5,321.3079,310.5424,48.15790000000004,37.39240000000001
2017-04-10 07:00:00,22.0,89.75,322.97192,310.35922,49.821920000000034,37.209220000000016
2017-04-10 07:00:00,22.0,90.0,327.01086,311.01282,53.86086,37.86282
2017-04-10 07:00:00,21.75,85.5,330.10056,313.49036,56.950559999999996,40.34036000000003
2017-04-10 07:00:00,21.75,85.75,331.82965,314.19016,58.67965000000004,41.040160000000014
2017-04-10 07:00:00,21.75,86.0,331.82965,314.19016,58.67965000000004,41.040160000000014
2017-04-10 07:00:00,21.75,86.25,325.36166,311.07718,52.211659999999995,37.92718000000002
2017-04-10 07:00:00,21.75,86.5,325.94156,310.4578,52.791560000000004,37.30780000000004
2017-04-10 07:00:00,21.75,86.75,332.06705,315.02966,58.91705000000002,41.87966
2017-04-10 07:00:00,21.75,87.0,332.52887,315.8577,59.378870000000006,42.707700000000045
2017-04-10 07:00:00,21.75,87.25,332.088,315.54636,58.938000000000045,42.396360000000016
2017-04-10 07:00:00,21.75,87.5,330.1017,313.5501,56.95170000000002,40.40010000000001
2017-04-10 07:00:00,21.75,87.75,322.7951,308.57156,49.64510000000001,35.42156
2017-04-10 07:00:00,21.75,88.0,324.1844,308.97397,51.034400000000005,35.82397000000003
2017-04-10 07:00:00,21.75,88.25,324.1844,308.97397,51.034400000000005,35.82397000000003
2017-04-10 07:00:00,21.75,88.5,323.2559,308.5553,50.10590000000002,35.40530000000001
2017-04-10 07:00:00,21.75,88.75,322.36533,308.4291,49.215329999999994,35.27910000000003
2017-04-10 07:00:00,21.75,89.0,326.18286,310.99725,53.03286000000003,37.84725000000003
2017-04-10 07:00:00,21.75,89.25,324.09314,309.5788,50.94314000000003,36.428800000000024
2017-04-10 07:00:00,21.75,89.5,318.6241,305.33987,45.47410000000002,32.18987000000004
2017-04-10 07:00:00,21.75,89.75,319.58514,305.08704,46.43514000000005,31.937040000000025
2017-04-10 07:00:00,21.75,90.0,320.9113,305.81125,47.761300000000006,32.661249999999995
2017-04-10 07:00:00,21.5,85.5,327.19324,312.4195,54.043240000000026,39.26950000000005
2017-04-10 07:00:00,21.5,85.75,329.91425,313.90167,56.764250000000004,40.75167000000005
2017-04-10 07:00:00,21.5,86.0,329.91425,313.90167,56.764250000000004,40.75167000000005
2017-04-10 07:00:00,21.5,86.25,329.15207,312.54153,56.00207,39.391530000000046
2017-04-10 07:00:00,21.5,86.5,329.6244,312.78287,56.4744,39.632870000000025
2017-04-10 07:00:00,21.5,86.75,332.86243,315.66602,59.71243000000004,42.516020000000026
2017-04-10 07:00:00,21.5,87.0,321.56396,307.33823,48.41396000000003,34.18823000000003
2017-04-10 07:00:00,21.5,87.25,318.98102,304.12128,45.831020000000024,30.971280000000036
2017-04-10 07:00:00,21.5,87.5,319.70486,304.34842,46.55486000000002,31.19842
2017-04-10 07:00:00,21.5,87.75,320.52295,304.32205,47.37295,31.172050000000013
2017-04-10 07:00:00,21.5,88.0,321.1755,305.32864,48.02550000000002,32.17864000000003
2017-04-10 07:00:00,21.5,88.25,321.1755,305.32864,48.02550000000002,32.17864000000003
2017-04-10 07:00:00,21.5,88.5,321.44064,305.38416,48.290639999999996,32.23416000000003
2017-04-10 07:00:00,21.5,88.75,321.08102,304.77765,47.931020000000046,31.627650000000017
2017-04-10 07:00:00,21.5,89.0,320.36136,304.6431,47.21136000000001,31.493100000000027
2017-04-10 07:00:00,21.5,89.25,320.0433,304.59555,46.89330000000001,31.445550000000026
2017-04-10 07:00:00,21.5,89.5,320.53357,305.08258,47.38357000000002,31.93258000000003
2017-04-10 07:00:00,21.5,89.75,321.42554,306.2744,48.275540000000035,33.12440000000004
2017-04-10 07:00:00,21.5,90.0,322.1052,307.40857,48.95520000000005,34.25857000000002
2017-04-10 07:00:00,21.25,85.5,328.29007,313.5187,55.14007000000004,40.36870000000005
2017-04-10 07:00:00,21.25,85.75,329.82098,314.2872,56.67098000000004,41.13720000000001
2017-04-10 07:00:00,21.25,86.0,329.82098,314.2872,56.67098000000004,41.13720000000001
2017-04-10 07:00:00,21.25,86.25,331.52377,315.4555,58.373770000000036,42.305499999999995
2017-04-10 07:00:00,21.25,86.5,333.5665,316.57666,60.41650000000004,43.42666000000003
2017-04-10 07:00:00,21.25,86.75,328.82333,314.56223,55.67333000000002,41.41223000000002
2017-04-10 07:00:00,21.25,87.0,320.29333,306.4338,47.14333000000005,33.28380000000004
2017-04-10 07:00:00,21.25,87.25,319.0026,305.09198,45.852599999999995,31.94198
2017-04-10 07:00:00,21.25,87.5,320.03577,305.96936,46.885770000000036,32.81936000000002
2017-04-10 07:00:00,21.25,87.75,320.94717,306.06714,47.79717000000005,32.91714000000002
2017-04-10 07:00:00,21.25,88.0,321.3906,306.0916,48.24060000000003,32.94160000000005
2017-04-10 07:00:00,21.25,88.25,321.3906,306.0916,48.24060000000003,32.94160000000005
2017-04-10 07:00:00,21.25,88.5,321.46097,306.04947,48.31097,32.89947000000001
2017-04-10 07:00:00,21.25,88.75,321.3027,306.00668,48.15270000000004,32.85668000000004
2017-04-10 07:00:00,21.25,89.0,321.06787,305.73608,47.91787000000005,32.58608000000004
2017-04-10 07:00:00,21.25,89.25,321.09225,305.65433,47.94225,32.50433000000004
2017-04-10 07:00:00,21.25,89.5,321.55933,306.46463,48.40933000000001,33.31463000000002
2017-04-10 07:00:00,21.25,89.75,322.1428,307.24826,48.992800000000045,34.09826000000004
2017-04-10 07:00:00,21.25,90.0,322.4279,307.67148,49.277900000000045,34.52148
2017-04-10 07:00:00,21.0,85.5,331.01227,315.72415,57.862270000000024,42.57415000000003
2017-04-10 07:00:00,21.0,85.75,331.3078,315.87067,58.15780000000001,42.72067000000004
2017-04-10 07:00:00,21.0,86.0,331.3078,315.87067,58.15780000000001,42.72067000000004
2017-04-10 07:00:00,21.0,86.25,333.42612,316.48627,60.27612000000005,43.33627000000001
2017-04-10 07:00:00,21.0,86.5,333.16498,316.76236,60.01498000000004,43.612360000000024
2017-04-10 07:00:00,21.0,86.75,336.1888,316.6032,63.03880000000004,43.45320000000004
2017-04-10 07:00:00,21.0,87.0,322.1153,308.1169,48.96530000000001,34.96690000000001
2017-04-10 07:00:00,21.0,87.25,319.1608,305.7444,46.01080000000002,32.59440000000001
2017-04-10 07:00:00,21.0,87.5,320.10043,305.77948,46.95043000000004,32.62948
2017-04-10 07:00:00,21.0,87.75,320.72144,305.7273,47.571439999999996,32.57730000000004
2017-04-10 07:00:00,21.0,88.0,320.72263,305.6236,47.572630000000004,32.47360000000003
2017-04-10 07:00:00,21.0,88.25,320.72263,305.6236,47.572630000000004,32.47360000000003
2017-04-10 07:00:00,21.0,88.5,320.50128,305.7132,47.35128000000003,32.563199999999995
2017-04-10 07:00:00,21.0,88.75,320.58707,306.0483,47.437070000000006,32.898300000000006
2017-04-10 07:00:00,21.0,89.0,321.00974,306.5821,47.859740000000045,33.43210000000005
2017-04-10 07:00:00,21.0,89.25,321.47388,306.90082,48.32388000000003,33.75082000000003
2017-04-10 07:00:00,21.0,89.5,321.84558,306.8503,48.69558000000001,33.70030000000003
2017-04-10 07:00:00,21.0,89.75,322.12805,306.9416,48.978049999999996,33.79160000000002
2017-04-10 07:00:00,21.0,90.0,322.31223,307.20895,49.16223000000002,34.05895000000004
2017-04-10 08:00:00,27.5,85.5,323.28082,302.8673,50.13082000000003,29.717300000000023
2017-04-10 08:00:00,27.5,85.75,321.25632,302.89392,48.10632000000004,29.743920000000003
2017-04-10 08:00:00,27.5,86.0,321.25632,302.89392,48.10632000000004,29.743920000000003
2017-04-10 08:00:00,27.5,86.25,319.75107,299.94006,46.60107000000005,26.79006000000004
2017-04-10 08:00:00,27.5,86.5,316.6297,296.792,43.47970000000004,23.641999999999996
2017-04-10 08:00:00,27.5,86.75,314.82178,294.7349,41.67178000000001,21.584900000000005
2017-04-10 08:00:00,27.5,87.0,314.62708,295.3342,41.47708,22.184200000000033
2017-04-10 08:00:00,27.5,87.25,316.03757,298.1671,42.88757000000004,25.017100000000028
2017-04-10 08:00:00,27.5,87.5,316.61325,298.49,43.463250000000016,25.340000000000032
2017-04-10 08:00:00,27.5,87.75,314.37265,294.3734,41.222650000000044,21.223400000000026
2017-04-10 08:00:00,27.5,88.0,311.50446,291.1929,38.35446000000002,18.04290000000003
2017-04-10 08:00:00,27.5,88.25,311.50446,291.1929,38.35446000000002,18.04290000000003
2017-04-10 08:00:00,27.5,88.5,309.80496,291.99274,36.65496000000002,18.84274000000005
2017-04-10 08:00:00,27.5,88.75,308.22382,291.10635,35.07382000000001,17.956350000000043
2017-04-10 08:00:00,27.5,89.0,306.50375,285.53162,33.35375000000005,12.381619999999998
2017-04-10 08:00:00,27.5,89.25,304.91977,282.45963,31.76977000000005,9.309630000000027
2017-04-10 08:00:00,27.5,89.5,307.27133,284.42032,34.12133,11.270320000000027
2017-04-10 08:00:00,27.5,89.75,307.79556,288.69482,34.645560000000046,15.544820000000016
2017-04-10 08:00:00,27.5,90.0,310.502,294.30075,37.35200000000003,21.150750000000016
2017-04-10 08:00:00,27.25,85.5,328.27756,309.79776,55.12756000000002,36.647760000000005
2017-04-10 08:00:00,27.25,85.75,325.81635,307.7452,52.66635000000002,34.595200000000034
2017-04-10 08:00:00,27.25,86.0,325.81635,307.7452,52.66635000000002,34.595200000000034
2017-04-10 08:00:00,27.25,86.25,324.2655,305.25342,51.1155,32.10342000000003
2017-04-10 08:00:00,27.25,86.5,321.139,303.01178,47.98900000000003,29.86178000000001
2017-04-10 08:00:00,27.25,86.75,320.4342,302.04868,47.2842,28.898680000000013
2017-04-10 08:00:00,27.25,87.0,319.37854,300.5346,46.22854000000001,27.384600000000034
2017-04-10 08:00:00,27.25,87.25,319.55652,301.06058,46.40652,27.91058000000004
2017-04-10 08:00:00,27.25,87.5,320.414,301.0099,47.26400000000001,27.85990000000004
2017-04-10 08:00:00,27.25,87.75,317.94928,297.46597,44.79928000000001,24.31597000000005
2017-04-10 08:00:00,27.25,88.0,314.12207,295.24524,40.97207000000003,22.095240000000047
2017-04-10 08:00:00,27.25,88.25,314.12207,295.24524,40.97207000000003,22.095240000000047
2017-04-10 08:00:00,27.25,88.5,312.92654,297.44995,39.77654000000001,24.299950000000024
2017-04-10 08:00:00,27.25,88.75,312.42322,298.44708,39.27322000000004,25.29708000000005
2017-04-10 08:00:00,27.25,89.0,310.67032,295.4646,37.52032000000003,22.31460000000004
2017-04-10 08:00:00,27.25,89.25,309.80902,293.01056,36.65902,19.86056000000002
2017-04-10 08:00:00,27.25,89.5,310.06985,290.62476,36.91985,17.474760000000003
2017-04-10 08:00:00,27.25,89.75,309.74637,289.6565,36.596370000000036,16.506500000000017
2017-04-10 08:00:00,27.25,90.0,312.39255,293.0256,39.24255000000005,19.87560000000002
2017-04-10 08:00:00,27.0,85.5,328.27756,309.79776,55.12756000000002,36.647760000000005
2017-04-10 08:00:00,27.0,85.75,325.81635,307.7452,52.66635000000002,34.595200000000034
2017-04-10 08:00:00,27.0,86.0,325.81635,307.7452,52.66635000000002,34.595200000000034
2017-04-10 08:00:00,27.0,86.25,324.2655,305.25342,51.1155,32.10342000000003
2017-04-10 08:00:00,27.0,86.5,321.139,303.01178,47.98900000000003,29.86178000000001
2017-04-10 08:00:00,27.0,86.75,320.4342,302.04868,47.2842,28.898680000000013
2017-04-10 08:00:00,27.0,87.0,319.37854,300.5346,46.22854000000001,27.384600000000034
2017-04-10 08:00:00,27.0,87.25,319.55652,301.06058,46.40652,27.91058000000004
2017-04-10 08:00:00,27.0,87.5,320.414,301.0099,47.26400000000001,27.85990000000004
2017-04-10 08:00:00,27.0,87.75,317.94928,297.46597,44.79928000000001,24.31597000000005
2017-04-10 08:00:00,27.0,88.0,314.12207,295.24524,40.97207000000003,22.095240000000047
2017-04-10 08:00:00,27.0,88.25,314.12207,295.24524,40.97207000000003,22.095240000000047
2017-04-10 08:00:00,27.0,88.5,312.92654,297.44995,39.77654000000001,24.299950000000024
2017-04-10 08:00:00,27.0,88.75,312.42322,298.44708,39.27322000000004,25.29708000000005
2017-04-10 08:00:00,27.0,89.0,310.67032,295.4646,37.52032000000003,22.31460000000004
2017-04-10 08:00:00,27.0,89.25,309.80902,293.01056,36.65902,19.86056000000002
2017-04-10 08:00:00,27.0,89.5,310.06985,290.62476,36.91985,17.474760000000003
2017-04-10 08:00:00,27.0,89.75,309.74637,289.6565,36.596370000000036,16.506500000000017
2017-04-10 08:00:00,27.0,90.0,312.39255,293.0256,39.24255000000005,19.87560000000002
2017-04-10 08:00:00,26.75,85.5,329.5992,311.30673,56.44920000000002,38.15673000000004
2017-04-10 08:00:00,26.75,85.75,331.1714,311.73682,58.02140000000003,38.586820000000046
2017-04-10 08:00:00,26.75,86.0,331.1714,311.73682,58.02140000000003,38.586820000000046
2017-04-10 08:00:00,26.75,86.25,330.67072,310.99026,57.52072000000004,37.84026
2017-04-10 08:00:00,26.75,86.5,329.09085,309.94263,55.94085000000001,36.79263000000003
2017-04-10 08:00:00,26.75,86.75,326.1384,307.93423,52.98840000000001,34.784230000000036
2017-04-10 08:00:00,26.75,87.0,323.50955,305.07504,50.35955000000001,31.925040000000024
2017-04-10 08:00:00,26.75,87.25,322.40457,303.2828,49.25457,30.13280000000003
2017-04-10 08:00:00,26.75,87.5,322.2135,302.70834,49.06350000000003,29.558340000000044
2017-04-10 08:00:00,26.75,87.75,320.68475,302.0229,47.53475000000003,28.872900000000016
2017-04-10 08:00:00,26.75,88.0,318.45712,301.73068,45.30712,28.58068000000003
2017-04-10 08:00:00,26.75,88.25,318.45712,301.73068,45.30712,28.58068000000003
2017-04-10 08:00:00,26.75,88.5,317.88947,303.34598,44.73947000000004,30.19598000000002
2017-04-10 08:00:00,26.75,88.75,319.2901,305.96786,46.14010000000002,32.817859999999996
2017-04-10 08:00:00,26.75,89.0,321.1008,306.80768,47.950800000000015,33.65768000000003
2017-04-10 08:00:00,26.75,89.25,321.0668,305.00717,47.91680000000002,31.857169999999996
2017-04-10 08:00:00,26.75,89.5,320.73077,302.37323,47.58077000000003,29.22323
2017-04-10 08:00:00,26.75,89.75,316.91135,299.1751,43.76135000000005,26.02510000000001
2017-04-10 08:00:00,26.75,90.0,317.7611,301.5851,44.61110000000002,28.435100000000034
2017-04-10 08:00:00,26.5,85.5,330.87918,311.9041,57.72918000000004,38.75410000000005
2017-04-10 08:00:00,26.5,85.75,330.52,311.7593,57.370000000000005,38.60930000000002
2017-04-10 08:00:00,26.5,86.0,330.52,311.7593,57.370000000000005,38.60930000000002
2017-04-10 08:00:00,26.5,86.25,330.20047,311.54013,57.05047000000002,38.39013
2017-04-10 08:00:00,26.5,86.5,330.49847,311.01355,57.34847000000002,37.86355000000003
2017-04-10 08:00:00,26.5,86.75,329.67365,310.41544,56.52365000000003,37.26544000000001
2017-04-10 08:00:00,26.5,87.0,327.38074,309.5646,54.230740000000026,36.41460000000001
2017-04-10 08:00:00,26.5,87.25,328.39215,309.88248,55.24215000000004,36.73248000000001
2017-04-10 08:00:00,26.5,87.5,329.4764,310.058,56.326400000000035,36.908000000000015
2017-04-10 08:00:00,26.5,87.75,328.2524,309.56085,55.102400000000046,36.41085000000004
2017-04-10 08:00:00,26.5,88.0,326.65573,308.97717,53.50573000000003,35.827170000000024
2017-04-10 08:00:00,26.5,88.25,326.65573,308.97717,53.50573000000003,35.827170000000024
2017-04-10 08:00:00,26.5,88.5,326.2364,309.10477,53.086400000000026,35.954769999999996
2017-04-10 08:00:00,26.5,88.75,326.5139,309.91296,53.3639,36.76296000000002
2017-04-10 08:00:00,26.5,89.0,326.23825,309.79065,53.088250000000016,36.64065000000005
2017-04-10 08:00:00,26.5,89.25,325.387,309.10797,52.23700000000002,35.957970000000046
2017-04-10 08:00:00,26.5,89.5,327.03882,309.50397,53.88882000000001,36.353970000000004
2017-04-10 08:00:00,26.5,89.75,325.75323,307.62146,52.603229999999996,34.471460000000036
2017-04-10 08:00:00,26.5,90.0,326.66855,308.50027,53.518550000000005,35.35027000000002
2017-04-10 08:00:00,26.25,85.5,329.84634,311.61118,56.69634000000002,38.46118000000001
2017-04-10 08:00:00,26.25,85.75,329.81436,311.2749,56.664360000000045,38.124900000000025
2017-04-10 08:00:00,26.25,86.0,329.81436,311.2749,56.664360000000045,38.124900000000025
2017-04-10 08:00:00,26.25,86.25,329.79953,311.07202,56.64953000000003,37.92202000000003
2017-04-10 08:00:00,26.25,86.5,329.16943,310.4222,56.01943,37.2722
2017-04-10 08:00:00,26.25,86.75,328.49686,310.21295,55.34686000000005,37.06295
2017-04-10 08:00:00,26.25,87.0,327.87457,309.67032,54.72457000000003,36.52032000000003
2017-04-10 08:00:00,26.25,87.25,328.21957,309.54044,55.06957,36.39044000000001
2017-04-10 08:00:00,26.25,87.5,328.89883,309.57922,55.74883,36.42922000000004
2017-04-10 08:00:00,26.25,87.75,328.97635,309.33563,55.82635000000005,36.18563
2017-04-10 08:00:00,26.25,88.0,328.62866,309.0233,55.47866000000005,35.87330000000003
2017-04-10 08:00:00,26.25,88.25,328.62866,309.0233,55.47866000000005,35.87330000000003
2017-04-10 08:00:00,26.25,88.5,328.14178,308.87274,54.991780000000006,35.722740000000044
2017-04-10 08:00:00,26.25,88.75,327.43018,308.5837,54.28018000000003,35.433700000000044
2017-04-10 08:00:00,26.25,89.0,326.7995,307.8511,53.649500000000046,34.7011
2017-04-10 08:00:00,26.25,89.25,326.258,307.1444,53.108000000000004,33.99440000000004
2017-04-10 08:00:00,26.25,89.5,325.5866,307.00174,52.4366,33.85174000000001
2017-04-10 08:00:00,26.25,89.75,325.38837,306.34656,52.23837000000003,33.196560000000034
2017-04-10 08:00:00,26.25,90.0,325.59686,306.028,52.446860000000015,32.87800000000004
2017-04-10 08:00:00,26.0,85.5,329.1984,311.35156,56.048400000000015,38.20156000000003
2017-04-10 08:00:00,26.0,85.75,329.79593,311.63864,56.64593000000002,38.48864000000003
2017-04-10 08:00:00,26.0,86.0,329.79593,311.63864,56.64593000000002,38.48864000000003
2017-04-10 08:00:00,26.0,86.25,329.63614,311.2731,56.486140000000034,38.12310000000002
2017-04-10 08:00:00,26.0,86.5,328.10742,310.386,54.95742000000001,37.23600000000005
2017-04-10 08:00:00,26.0,86.75,328.56543,310.22433,55.415430000000015,37.07433000000003
2017-04-10 08:00:00,26.0,87.0,327.75302,309.5258,54.603020000000015,36.37580000000003
2017-04-10 08:00:00,26.0,87.25,327.85144,309.31683,54.70144000000005,36.166830000000004
2017-04-10 08:00:00,26.0,87.5,328.7979,309.5126,55.64790000000005,36.36260000000004
2017-04-10 08:00:00,26.0,87.75,329.2032,309.57016,56.053200000000004,36.42016000000001
2017-04-10 08:00:00,26.0,88.0,329.08905,309.42255,55.93905000000001,36.272550000000024
2017-04-10 08:00:00,26.0,88.25,329.08905,309.42255,55.93905000000001,36.272550000000024
2017-04-10 08:00:00,26.0,88.5,328.67685,309.034,55.526850000000024,35.884000000000015
2017-04-10 08:00:00,26.0,88.75,328.05505,308.55136,54.90505000000002,35.40136000000001
2017-04-10 08:00:00,26.0,89.0,327.62024,308.22473,54.47024000000005,35.074730000000045
2017-04-10 08:00:00,26.0,89.25,326.58542,307.4832,53.43542000000002,34.33320000000003
2017-04-10 08:00:00,26.0,89.5,325.88916,306.60718,52.73916000000003,33.45718000000005
2017-04-10 08:00:00,26.0,89.75,324.78677,305.53394,51.63677000000001,32.383939999999996
2017-04-10 08:00:00,26.0,90.0,324.16592,305.0061,51.01592000000005,31.856100000000026
2017-04-10 08:00:00,25.75,85.5,327.5426,310.66522,54.392600000000016,37.51522
2017-04-10 08:00:00,25.75,85.75,328.60535,310.9341,55.45535000000001,37.784100000000024
2017-04-10 08:00:00,25.75,86.0,328.60535,310.9341,55.45535000000001,37.784100000000024
2017-04-10 08:00:00,25.75,86.25,328.986,311.21933,55.83600000000001,38.069330000000036
2017-04-10 08:00:00,25.75,86.5,328.70316,310.90027,55.55316000000005,37.75027
2017-04-10 08:00:00,25.75,86.75,328.8685,310.8018,55.718500000000006,37.65180000000004
2017-04-10 08:00:00,25.75,87.0,328.23517,310.1704,55.085170000000005,37.020399999999995
2017-04-10 08:00:00,25.75,87.25,328.01428,309.7321,54.86428000000001,36.582100000000025
2017-04-10 08:00:00,25.75,87.5,327.87646,309.3329,54.72646000000003,36.18290000000002
2017-04-10 08:00:00,25.75,87.75,327.99908,309.09677,54.849080000000015,35.946770000000015
2017-04-10 08:00:00,25.75,88.0,328.25006,309.0524,55.10006000000004,35.9024
2017-04-10 08:00:00,25.75,88.25,328.25006,309.0524,55.10006000000004,35.9024
2017-04-10 08:00:00,25.75,88.5,327.99838,308.82532,54.84838000000002,35.67532
2017-04-10 08:00:00,25.75,88.75,327.21164,308.28696,54.06164000000001,35.136960000000045
2017-04-10 08:00:00,25.75,89.0,326.14487,307.5483,52.99487000000005,34.398300000000006
2017-04-10 08:00:00,25.75,89.25,325.6186,306.92767,52.46860000000004,33.77767
2017-04-10 08:00:00,25.75,89.5,324.92627,306.3302,51.77627000000001,33.18020000000001
2017-04-10 08:00:00,25.75,89.75,324.16043,305.9065,51.01043000000004,32.75650000000002
2017-04-10 08:00:00,25.75,90.0,324.93427,305.43958,51.78427000000005,32.28958
2017-04-10 08:00:00,25.5,85.5,328.09872,310.76285,54.94872000000004,37.61285000000004
2017-04-10 08:00:00,25.5,85.75,327.21674,310.52603,54.06674000000004,37.376030000000014
2017-04-10 08:00:00,25.5,86.0,327.21674,310.52603,54.06674000000004,37.376030000000014
2017-04-10 08:00:00,25.5,86.25,328.11273,310.72333,54.96273000000002,37.57333
2017-04-10 08:00:00,25.5,86.5,328.17133,310.70224,55.021330000000034,37.55224000000004
2017-04-10 08:00:00,25.5,86.75,328.25815,310.73343,55.10815000000002,37.58343000000002
2017-04-10 08:00:00,25.5,87.0,327.90616,310.33398,54.75616000000002,37.18398000000002
2017-04-10 08:00:00,25.5,87.25,327.27585,309.71338,54.125850000000014,36.563379999999995
2017-04-10 08:00:00,25.5,87.5,327.0967,309.4785,53.94670000000002,36.32850000000002
2017-04-10 08:00:00,25.5,87.75,327.9315,309.7279,54.78150000000005,36.5779
2017-04-10 08:00:00,25.5,88.0,328.4432,309.55643,55.29320000000001,36.40643
2017-04-10 08:00:00,25.5,88.25,328.4432,309.55643,55.29320000000001,36.40643
2017-04-10 08:00:00,25.5,88.5,328.174,308.9056,55.024,35.755600000000015
2017-04-10 08:00:00,25.5,88.75,328.12512,308.58548,54.975120000000004,35.43548000000004
2017-04-10 08:00:00,25.5,89.0,327.50995,308.2611,54.359950000000026,35.11110000000002
2017-04-10 08:00:00,25.5,89.25,326.3839,307.83432,53.233900000000006,34.684320000000014
2017-04-10 08:00:00,25.5,89.5,325.45337,307.43317,52.30337000000003,34.28317000000004
2017-04-10 08:00:00,25.5,89.75,324.5622,307.34064,51.41220000000004,34.19064000000003
2017-04-10 08:00:00,25.5,90.0,326.20193,307.24765,53.05193000000003,34.097650000000044
2017-04-10 08:00:00,25.25,85.5,328.90826,310.77765,55.75826000000001,37.62765000000002
2017-04-10 08:00:00,25.25,85.75,328.7485,310.70343,55.5985,37.55343000000005
2017-04-10 08:00:00,25.25,86.0,328.7485,310.70343,55.5985,37.55343000000005
2017-04-10 08:00:00,25.25,86.25,328.62442,310.2538,55.47442000000001,37.103800000000035
2017-04-10 08:00:00,25.25,86.5,327.88217,309.90744,54.732169999999996,36.75744000000003
2017-04-10 08:00:00,25.25,86.75,328.15082,309.9157,55.00082000000003,36.76570000000004
2017-04-10 08:00:00,25.25,87.0,328.39417,310.245,55.24417,37.09500000000003
2017-04-10 08:00:00,25.25,87.25,328.93466,310.4056,55.78466000000003,37.255600000000015
2017-04-10 08:00:00,25.25,87.5,327.93878,309.7238,54.78878000000003,36.573800000000006
2017-04-10 08:00:00,25.25,87.75,326.7543,309.4299,53.60430000000002,36.2799
2017-04-10 08:00:00,25.25,88.0,327.46512,309.63916,54.315120000000036,36.48916000000003
2017-04-10 08:00:00,25.25,88.25,327.46512,309.63916,54.315120000000036,36.48916000000003
2017-04-10 08:00:00,25.25,88.5,328.4658,309.37708,55.315800000000024,36.22708
2017-04-10 08:00:00,25.25,88.75,328.1181,308.9914,54.96810000000005,35.84140000000002
2017-04-10 08:00:00,25.25,89.0,327.5745,308.8582,54.42450000000002,35.70820000000003
2017-04-10 08:00:00,25.25,89.25,326.57077,308.63028,53.420770000000005,35.48028000000005
2017-04-10 08:00:00,25.25,89.5,326.04526,308.52234,52.89526000000001,35.37234000000001
2017-04-10 08:00:00,25.25,89.75,325.42545,308.44315,52.275450000000035,35.293150000000026
2017-04-10 08:00:00,25.25,90.0,326.40005,309.1565,53.250050000000044,36.00650000000002
2017-04-10 08:00:00,25.0,85.5,329.91534,310.8629,56.76534000000004,37.71290000000005
2017-04-10 08:00:00,25.0,85.75,328.39102,310.04187,55.24102000000005,36.89187000000004
2017-04-10 08:00:00,25.0,86.0,328.39102,310.04187,55.24102000000005,36.89187000000004
2017-04-10 08:00:00,25.0,86.25,328.11533,309.45758,54.965329999999994,36.30758000000003
2017-04-10 08:00:00,25.0,86.5,329.17282,309.81244,56.022820000000024,36.662440000000004
2017-04-10 08:00:00,25.0,86.75,328.7036,309.84464,55.55360000000002,36.69464000000005
2017-04-10 08:00:00,25.0,87.0,328.87195,309.9346,55.72195000000005,36.78460000000001
2017-04-10 08:00:00,25.0,87.25,328.7791,309.90628,55.62910000000005,36.756280000000004
2017-04-10 08:00:00,25.0,87.5,328.1039,309.83124,54.95390000000003,36.68124
2017-04-10 08:00:00,25.0,87.75,327.36536,310.10406,54.21536000000003,36.95406000000003
2017-04-10 08:00:00,25.0,88.0,327.5512,310.49783,54.40120000000002,37.347830000000044
2017-04-10 08:00:00,25.0,88.25,327.5512,310.49783,54.40120000000002,37.347830000000044
2017-04-10 08:00:00,25.0,88.5,328.66724,310.4358,55.517240000000015,37.285799999999995
2017-04-10 08:00:00,25.0,88.75,329.12503,310.28854,55.975030000000004,37.138540000000035
2017-04-10 08:00:00,25.0,89.0,328.33154,310.52356,55.18154000000004,37.37356
2017-04-10 08:00:00,25.0,89.25,327.5309,309.96365,54.3809,36.813649999999996
2017-04-10 08:00:00,25.0,89.5,326.60794,309.26794,53.45794000000001,36.11794000000003
2017-04-10 08:00:00,25.0,89.75,326.03897,308.84058,52.88897000000003,35.69058000000001
2017-04-10 08:00:00,25.0,90.0,327.2632,309.4305,54.113200000000006,36.28050000000002
2017-04-10 08:00:00,24.75,85.5,329.91534,310.8629,56.76534000000004,37.71290000000005
2017-04-10 08:00:00,24.75,85.75,328.39102,310.04187,55.24102000000005,36.89187000000004
2017-04-10 08:00:00,24.75,86.0,328.39102,310.04187,55.24102000000005,36.89187000000004
2017-04-10 08:00:00,24.75,86.25,328.11533,309.45758,54.965329999999994,36.30758000000003
2017-04-10 08:00:00,24.75,86.5,329.17282,309.81244,56.022820000000024,36.662440000000004
2017-04-10 08:00:00,24.75,86.75,328.7036,309.84464,55.55360000000002,36.69464000000005
2017-04-10 08:00:00,24.75,87.0,328.87195,309.9346,55.72195000000005,36.78460000000001
2017-04-10 08:00:00,24.75,87.25,328.7791,309.90628,55.62910000000005,36.756280000000004
2017-04-10 08:00:00,24.75,87.5,328.1039,309.83124,54.95390000000003,36.68124
2017-04-10 08:00:00,24.75,87.75,327.36536,310.10406,54.21536000000003,36.95406000000003
2017-04-10 08:00:00,24.75,88.0,327.5512,310.49783,54.40120000000002,37.347830000000044
2017-04-10 08:00:00,24.75,88.25,327.5512,310.49783,54.40120000000002,37.347830000000044
2017-04-10 08:00:00,24.75,88.5,328.66724,310.4358,55.517240000000015,37.285799999999995
2017-04-10 08:00:00,24.75,88.75,329.12503,310.28854,55.975030000000004,37.138540000000035
2017-04-10 08:00:00,24.75,89.0,328.33154,310.52356,55.18154000000004,37.37356
2017-04-10 08:00:00,24.75,89.25,327.5309,309.96365,54.3809,36.813649999999996
2017-04-10 08:00:00,24.75,89.5,326.60794,309.26794,53.45794000000001,36.11794000000003
2017-04-10 08:00:00,24.75,89.75,326.03897,308.84058,52.88897000000003,35.69058000000001
2017-04-10 08:00:00,24.75,90.0,327.2632,309.4305,54.113200000000006,36.28050000000002
2017-04-10 08:00:00,24.5,85.5,326.75168,308.7689,53.601680000000044,35.6189
2017-04-10 08:00:00,24.5,85.75,328.2371,309.30994,55.08710000000002,36.159940000000006
2017-04-10 08:00:00,24.5,86.0,328.2371,309.30994,55.08710000000002,36.159940000000006
2017-04-10 08:00:00,24.5,86.25,328.16754,308.8225,55.01754,35.672500000000014
2017-04-10 08:00:00,24.5,86.5,328.91443,309.21213,55.764430000000004,36.062130000000025
2017-04-10 08:00:00,24.5,86.75,329.06613,309.48257,55.91613000000001,36.33257000000003
2017-04-10 08:00:00,24.5,87.0,329.17026,309.74826,56.02026000000001,36.59826000000004
2017-04-10 08:00:00,24.5,87.25,328.79044,309.6808,55.64044000000001,36.5308
2017-04-10 08:00:00,24.5,87.5,328.03677,309.76788,54.88677000000001,36.617880000000014
2017-04-10 08:00:00,24.5,87.75,327.9961,310.4666,54.846100000000035,37.31660000000005
2017-04-10 08:00:00,24.5,88.0,328.2951,311.0225,55.14510000000001,37.8725
2017-04-10 08:00:00,24.5,88.25,328.2951,311.0225,55.14510000000001,37.8725
2017-04-10 08:00:00,24.5,88.5,328.6744,310.94684,55.524400000000014,37.79684000000003
2017-04-10 08:00:00,24.5,88.75,328.84915,310.7038,55.69915000000003,37.553800000000024
2017-04-10 08:00:00,24.5,89.0,327.43378,310.2784,54.283780000000036,37.1284
2017-04-10 08:00:00,24.5,89.25,326.88077,309.71933,53.73077000000001,36.569330000000036
2017-04-10 08:00:00,24.5,89.5,326.93417,309.51544,53.78417000000002,36.365440000000035
2017-04-10 08:00:00,24.5,89.75,326.38782,309.24268,53.23782,36.09268000000003
2017-04-10 08:00:00,24.5,90.0,327.8735,309.71402,54.7235,36.56402000000003
2017-04-10 08:00:00,24.25,85.5,326.98492,307.4374,53.83492000000001,34.28740000000005
2017-04-10 08:00:00,24.25,85.75,328.3249,308.07205,55.17490000000004,34.92205000000001
2017-04-10 08:00:00,24.25,86.0,328.3249,308.07205,55.17490000000004,34.92205000000001
2017-04-10 08:00:00,24.25,86.25,329.55573,308.94833,56.405730000000005,35.79833000000002
2017-04-10 08:00:00,24.25,86.5,329.83163,309.5112,56.68163000000004,36.3612
2017-04-10 08:00:00,24.25,86.75,329.55658,309.81238,56.40658000000002,36.66238000000004
2017-04-10 08:00:00,24.25,87.0,329.8941,310.44745,56.7441,37.297450000000026
2017-04-10 08:00:00,24.25,87.25,329.4829,310.60513,56.332899999999995,37.45513
2017-04-10 08:00:00,24.25,87.5,328.91797,310.86447,55.76797000000005,37.714470000000006
2017-04-10 08:00:00,24.25,87.75,329.33392,311.3359,56.18392,38.185900000000004
2017-04-10 08:00:00,24.25,88.0,329.82254,311.7568,56.672540000000026,38.60680000000002
2017-04-10 08:00:00,24.25,88.25,329.82254,311.7568,56.672540000000026,38.60680000000002
2017-04-10 08:00:00,24.25,88.5,329.409,311.9029,56.259000000000015,38.75290000000001
2017-04-10 08:00:00,24.25,88.75,328.30316,311.31815,55.153160000000014,38.168150000000026
2017-04-10 08:00:00,24.25,89.0,327.05264,310.43375,53.90264000000002,37.28375
2017-04-10 08:00:00,24.25,89.25,327.23172,310.40942,54.08172000000002,37.259420000000034
2017-04-10 08:00:00,24.25,89.5,327.2339,310.21854,54.08390000000003,37.06854000000004
2017-04-10 08:00:00,24.25,89.75,326.69995,309.98355,53.549950000000024,36.83355
2017-04-10 08:00:00,24.25,90.0,328.4913,310.69302,55.34130000000005,37.54302000000001
2017-04-10 08:00:00,24.0,85.5,326.32108,306.31915,53.17108000000002,33.16915
2017-04-10 08:00:00,24.0,85.75,327.02603,307.5784,53.876030000000014,34.42840000000001
2017-04-10 08:00:00,24.0,86.0,327.02603,307.5784,53.876030000000014,34.42840000000001
2017-04-10 08:00:00,24.0,86.25,327.93506,308.66385,54.785060000000044,35.51385000000005
2017-04-10 08:00:00,24.0,86.5,328.5964,309.3704,55.44640000000004,36.22040000000004
2017-04-10 08:00:00,24.0,86.75,328.8474,309.94598,55.697400000000016,36.79598000000004
2017-04-10 08:00:00,24.0,87.0,329.78473,310.94614,56.63473000000005,37.79614000000004
2017-04-10 08:00:00,24.0,87.25,329.21164,311.12213,56.06164000000001,37.97213000000005
2017-04-10 08:00:00,24.0,87.5,329.56464,311.7485,56.41464000000002,38.5985
2017-04-10 08:00:00,24.0,87.75,330.61362,312.89893,57.46362000000005,39.74893000000003
2017-04-10 08:00:00,24.0,88.0,330.20792,313.05005,57.057920000000024,39.90005000000002
2017-04-10 08:00:00,24.0,88.25,330.20792,313.05005,57.057920000000024,39.90005000000002
2017-04-10 08:00:00,24.0,88.5,329.38315,312.515,56.23315000000002,39.36500000000001
2017-04-10 08:00:00,24.0,88.75,329.43314,312.354,56.28314,39.20400000000001
2017-04-10 08:00:00,24.0,89.0,328.71045,311.77307,55.56045,38.62307000000004
2017-04-10 08:00:00,24.0,89.25,327.52115,311.10886,54.37115,37.958860000000016
2017-04-10 08:00:00,24.0,89.5,328.06143,311.2634,54.911429999999996,38.11340000000001
2017-04-10 08:00:00,24.0,89.75,327.1451,310.78204,53.995100000000036,37.63204000000002
2017-04-10 08:00:00,24.0,90.0,328.63223,310.94882,55.482230000000015,37.798820000000035
2017-04-10 08:00:00,23.75,85.5,327.20712,308.1607,54.05712,35.01070000000004
2017-04-10 08:00:00,23.75,85.75,325.87823,308.20743,52.728229999999996,35.05743000000001
2017-04-10 08:00:00,23.75,86.0,325.87823,308.20743,52.728229999999996,35.05743000000001
2017-04-10 08:00:00,23.75,86.25,328.08447,310.36215,54.93447000000003,37.21215000000001
2017-04-10 08:00:00,23.75,86.5,329.5889,311.50684,56.43890000000005,38.356840000000034
2017-04-10 08:00:00,23.75,86.75,327.82443,311.04453,54.67443000000003,37.89453000000003
2017-04-10 08:00:00,23.75,87.0,328.25922,311.03528,55.10922000000005,37.88528000000002
2017-04-10 08:00:00,23.75,87.25,328.88416,311.26193,55.73416000000003,38.11193000000003
2017-04-10 08:00:00,23.75,87.5,330.1364,312.25375,56.9864,39.10375000000005
2017-04-10 08:00:00,23.75,87.75,331.18912,312.99323,58.039120000000025,39.843230000000005
2017-04-10 08:00:00,23.75,88.0,330.59033,312.99377,57.44033000000002,39.843770000000006
2017-04-10 08:00:00,23.75,88.25,330.59033,312.99377,57.44033000000002,39.843770000000006
2017-04-10 08:00:00,23.75,88.5,329.53894,312.83548,56.38894000000005,39.68548000000004
2017-04-10 08:00:00,23.75,88.75,329.38205,312.59158,56.232050000000015,39.441580000000044
2017-04-10 08:00:00,23.75,89.0,329.34805,312.40134,56.19805000000002,39.25134000000003
2017-04-10 08:00:00,23.75,89.25,329.0521,312.09445,55.90210000000002,38.94445000000002
2017-04-10 08:00:00,23.75,89.5,328.79132,311.99643,55.64132000000001,38.84643
2017-04-10 08:00:00,23.75,89.75,327.83713,311.6671,54.687130000000025,38.51710000000003
2017-04-10 08:00:00,23.75,90.0,327.05832,311.11044,53.90832,37.960440000000006
2017-04-10 08:00:00,23.5,85.5,326.51923,307.61615,53.369230000000016,34.46615000000003
2017-04-10 08:00:00,23.5,85.75,328.1224,309.62665,54.97240000000005,36.47665000000001
2017-04-10 08:00:00,23.5,86.0,328.1224,309.62665,54.97240000000005,36.47665000000001
2017-04-10 08:00:00,23.5,86.25,330.2618,311.35095,57.11180000000002,38.200950000000034
2017-04-10 08:00:00,23.5,86.5,330.6719,311.93796,57.52190000000002,38.78796
2017-04-10 08:00:00,23.5,86.75,329.6036,311.68222,56.453599999999994,38.532219999999995
2017-04-10 08:00:00,23.5,87.0,329.30252,311.7999,56.15252000000004,38.6499
2017-04-10 08:00:00,23.5,87.25,328.95572,311.97897,55.80572000000001,38.82897000000003
2017-04-10 08:00:00,23.5,87.5,329.68576,312.50027,56.53576000000004,39.35027000000002
2017-04-10 08:00:00,23.5,87.75,330.57916,312.92157,57.429160000000024,39.77157
2017-04-10 08:00:00,23.5,88.0,330.2916,313.06906,57.14160000000004,39.91906
2017-04-10 08:00:00,23.5,88.25,330.2916,313.06906,57.14160000000004,39.91906
2017-04-10 08:00:00,23.5,88.5,329.67203,313.09454,56.52203000000003,39.94454000000002
2017-04-10 08:00:00,23.5,88.75,329.5494,312.78702,56.399400000000014,39.63702000000001
2017-04-10 08:00:00,23.5,89.0,329.55743,312.43634,56.40743000000003,39.286339999999996
2017-04-10 08:00:00,23.5,89.25,329.62775,312.30237,56.477750000000015,39.15237000000002
2017-04-10 08:00:00,23.5,89.5,329.00674,312.20224,55.85674,39.05224000000004
2017-04-10 08:00:00,23.5,89.75,328.78372,312.12143,55.63372000000004,38.97143
2017-04-10 08:00:00,23.5,90.0,328.05307,312.0273,54.903070000000014,38.87730000000005
2017-04-10 08:00:00,23.25,85.5,329.0888,310.3323,55.938800000000015,37.1823
2017-04-10 08:00:00,23.25,85.75,331.03302,312.29395,57.883020000000045,39.14395000000002
2017-04-10 08:00:00,23.25,86.0,331.03302,312.29395,57.883020000000045,39.14395000000002
2017-04-10 08:00:00,23.25,86.25,330.20642,312.16693,57.05642,39.01693
2017-04-10 08:00:00,23.25,86.5,330.5409,312.33325,57.390900000000045,39.183250000000044
2017-04-10 08:00:00,23.25,86.75,331.1393,312.92877,57.989300000000014,39.77877000000001
2017-04-10 08:00:00,23.25,87.0,331.10773,313.32172,57.957730000000026,40.17172000000005
2017-04-10 08:00:00,23.25,87.25,331.41684,313.66382,58.26684,40.51382000000001
2017-04-10 08:00:00,23.25,87.5,331.5867,313.78378,58.43670000000003,40.63378
2017-04-10 08:00:00,23.25,87.75,331.3705,313.77463,58.220500000000015,40.624630000000025
2017-04-10 08:00:00,23.25,88.0,331.37292,313.88797,58.222920000000045,40.73797000000002
2017-04-10 08:00:00,23.25,88.25,331.37292,313.88797,58.222920000000045,40.73797000000002
2017-04-10 08:00:00,23.25,88.5,331.1968,313.88712,58.04680000000002,40.737120000000004
2017-04-10 08:00:00,23.25,88.75,330.64682,313.61154,57.496820000000014,40.461540000000014
2017-04-10 08:00:00,23.25,89.0,330.94028,313.50104,57.790279999999996,40.35104000000001
2017-04-10 08:00:00,23.25,89.25,331.05817,313.53046,57.90817000000004,40.38046000000003
2017-04-10 08:00:00,23.25,89.5,330.38507,313.3671,57.23507000000001,40.217100000000016
2017-04-10 08:00:00,23.25,89.75,329.34702,312.98248,56.19702000000001,39.83248000000003
2017-04-10 08:00:00,23.25,90.0,330.0057,313.06036,56.85570000000001,39.910360000000026
2017-04-10 08:00:00,23.0,85.5,329.40317,312.04138,56.25317000000001,38.89138000000003
2017-04-10 08:00:00,23.0,85.75,330.67056,313.50412,57.520560000000046,40.35412000000002
2017-04-10 08:00:00,23.0,86.0,330.67056,313.50412,57.520560000000046,40.35412000000002
2017-04-10 08:00:00,23.0,86.25,330.49088,313.6361,57.34088000000003,40.48610000000002
2017-04-10 08:00:00,23.0,86.5,330.1074,313.23145,56.95740000000001,40.08145000000002
2017-04-10 08:00:00,23.0,86.75,328.944,313.01605,55.79400000000004,39.86605000000003
2017-04-10 08:00:00,23.0,87.0,329.98785,313.38638,56.83785,40.23638
2017-04-10 08:00:00,23.0,87.25,331.63937,314.03693,58.48937000000001,40.88693000000001
2017-04-10 08:00:00,23.0,87.5,332.74802,314.61304,59.59802000000002,41.463040000000035
2017-04-10 08:00:00,23.0,87.75,333.1533,315.05908,60.003300000000024,41.90908000000002
2017-04-10 08:00:00,23.0,88.0,332.99228,315.2171,59.84228000000002,42.06710000000004
2017-04-10 08:00:00,23.0,88.25,332.99228,315.2171,59.84228000000002,42.06710000000004
2017-04-10 08:00:00,23.0,88.5,332.23032,314.8544,59.08032000000003,41.70440000000002
2017-04-10 08:00:00,23.0,88.75,331.37924,314.28314,58.229240000000004,41.133140000000026
2017-04-10 08:00:00,23.0,89.0,331.57593,314.15237,58.42593000000005,41.00237000000004
2017-04-10 08:00:00,23.0,89.25,331.57526,314.1965,58.42526000000004,41.04650000000004
2017-04-10 08:00:00,23.0,89.5,330.21793,313.6284,57.06793000000005,40.47840000000002
2017-04-10 08:00:00,23.0,89.75,330.52005,313.90152,57.37005000000005,40.75152000000003
2017-04-10 08:00:00,23.0,90.0,329.7665,313.45236,56.61650000000003,40.30236000000002
2017-04-10 08:00:00,22.75,85.5,331.57523,314.08942,58.42523,40.93942000000004
2017-04-10 08:00:00,22.75,85.75,334.2498,315.74902,61.099800000000016,42.599019999999996
2017-04-10 08:00:00,22.75,86.0,334.2498,315.74902,61.099800000000016,42.599019999999996
2017-04-10 08:00:00,22.75,86.25,333.9379,315.56168,60.787900000000036,42.41168000000005
2017-04-10 08:00:00,22.75,86.5,331.00525,313.80878,57.85525000000001,40.658780000000036
2017-04-10 08:00:00,22.75,86.75,330.92728,313.87918,57.77728000000002,40.72918000000004
2017-04-10 08:00:00,22.75,87.0,331.55145,314.3695,58.40145000000001,41.21950000000004
2017-04-10 08:00:00,22.75,87.25,332.86322,315.102,59.713220000000035,41.952
2017-04-10 08:00:00,22.75,87.5,332.3712,315.2162,59.22120000000001,42.06620000000004
2017-04-10 08:00:00,22.75,87.75,332.12457,315.1562,58.97457000000003,42.006200000000035
2017-04-10 08:00:00,22.75,88.0,331.01712,314.69418,57.86712,41.54418000000004
2017-04-10 08:00:00,22.75,88.25,331.01712,314.69418,57.86712,41.54418000000004
2017-04-10 08:00:00,22.75,88.5,329.95728,314.19427,56.80728000000005,41.04427000000004
2017-04-10 08:00:00,22.75,88.75,329.40982,313.82632,56.25982000000005,40.67632000000003
2017-04-10 08:00:00,22.75,89.0,328.60645,313.48917,55.45645000000002,40.339170000000024
2017-04-10 08:00:00,22.75,89.25,327.68576,313.1475,54.53576000000004,39.9975
2017-04-10 08:00:00,22.75,89.5,328.3768,313.2859,55.226800000000026,40.13590000000005
2017-04-10 08:00:00,22.75,89.75,330.40088,314.06763,57.250879999999995,40.91763000000003
2017-04-10 08:00:00,22.75,90.0,330.37692,314.28174,57.22692000000001,41.131740000000036
2017-04-10 08:00:00,22.5,85.5,331.57523,314.08942,58.42523,40.93942000000004
2017-04-10 08:00:00,22.5,85.75,334.2498,315.74902,61.099800000000016,42.599019999999996
2017-04-10 08:00:00,22.5,86.0,334.2498,315.74902,61.099800000000016,42.599019999999996
2017-04-10 08:00:00,22.5,86.25,333.9379,315.56168,60.787900000000036,42.41168000000005
2017-04-10 08:00:00,22.5,86.5,331.00525,313.80878,57.85525000000001,40.658780000000036
2017-04-10 08:00:00,22.5,86.75,330.92728,313.87918,57.77728000000002,40.72918000000004
2017-04-10 08:00:00,22.5,87.0,331.55145,314.3695,58.40145000000001,41.21950000000004
2017-04-10 08:00:00,22.5,87.25,332.86322,315.102,59.713220000000035,41.952
2017-04-10 08:00:00,22.5,87.5,332.3712,315.2162,59.22120000000001,42.06620000000004
2017-04-10 08:00:00,22.5,87.75,332.12457,315.1562,58.97457000000003,42.006200000000035
2017-04-10 08:00:00,22.5,88.0,331.01712,314.69418,57.86712,41.54418000000004
2017-04-10 08:00:00,22.5,88.25,331.01712,314.69418,57.86712,41.54418000000004
2017-04-10 08:00:00,22.5,88.5,329.95728,314.19427,56.80728000000005,41.04427000000004
2017-04-10 08:00:00,22.5,88.75,329.40982,313.82632,56.25982000000005,40.67632000000003
2017-04-10 08:00:00,22.5,89.0,328.60645,313.48917,55.45645000000002,40.339170000000024
2017-04-10 08:00:00,22.5,89.25,327.68576,313.1475,54.53576000000004,39.9975
2017-04-10 08:00:00,22.5,89.5,328.3768,313.2859,55.226800000000026,40.13590000000005
2017-04-10 08:00:00,22.5,89.75,330.40088,314.06763,57.250879999999995,40.91763000000003
2017-04-10 08:00:00,22.5,90.0,330.37692,314.28174,57.22692000000001,41.131740000000036
2017-04-10 08:00:00,22.25,85.5,332.83868,314.8603,59.68868000000003,41.71030000000002
2017-04-10 08:00:00,22.25,85.75,334.07626,315.4841,60.92626000000001,42.334100000000035
2017-04-10 08:00:00,22.25,86.0,334.07626,315.4841,60.92626000000001,42.334100000000035
2017-04-10 08:00:00,22.25,86.25,334.11572,315.4887,60.96572000000003,42.33870000000002
2017-04-10 08:00:00,22.25,86.5,331.44128,314.34708,58.29128000000003,41.19708000000003
2017-04-10 08:00:00,22.25,86.75,332.66626,315.19495,59.516260000000045,42.04495000000003
2017-04-10 08:00:00,22.25,87.0,331.83032,314.8983,58.680319999999995,41.74830000000003
2017-04-10 08:00:00,22.25,87.25,332.72177,315.54846,59.571770000000015,42.39846
2017-04-10 08:00:00,22.25,87.5,332.06097,315.71164,58.91097000000002,42.56164000000001
2017-04-10 08:00:00,22.25,87.75,329.58105,314.69473,56.43105000000003,41.544730000000015
2017-04-10 08:00:00,22.25,88.0,329.47342,314.28616,56.32342,41.13616000000002
2017-04-10 08:00:00,22.25,88.25,329.47342,314.28616,56.32342,41.13616000000002
2017-04-10 08:00:00,22.25,88.5,330.249,314.53998,57.099000000000046,41.38998000000004
2017-04-10 08:00:00,22.25,88.75,329.71927,314.31534,56.56927000000002,41.165340000000015
2017-04-10 08:00:00,22.25,89.0,328.48404,313.63428,55.334040000000016,40.48428000000001
2017-04-10 08:00:00,22.25,89.25,327.27448,313.2551,54.124480000000005,40.10510000000005
2017-04-10 08:00:00,22.25,89.5,326.8594,313.2995,53.70940000000002,40.149500000000046
2017-04-10 08:00:00,22.25,89.75,328.3694,313.41736,55.21940000000001,40.26736
2017-04-10 08:00:00,22.25,90.0,330.6206,313.61685,57.47060000000005,40.46685000000002
2017-04-10 08:00:00,22.0,85.5,331.01672,313.8057,57.86672000000004,40.655700000000024
2017-04-10 08:00:00,22.0,85.75,332.07056,314.14368,58.92056000000002,40.99368000000004
2017-04-10 08:00:00,22.0,86.0,332.07056,314.14368,58.92056000000002,40.99368000000004
2017-04-10 08:00:00,22.0,86.25,331.21338,313.22333,58.063379999999995,40.07333
2017-04-10 08:00:00,22.0,86.5,330.21658,312.53476,57.066580000000044,39.38476000000003
2017-04-10 08:00:00,22.0,86.75,333.84772,315.88864,60.697720000000004,42.73864000000003
2017-04-10 08:00:00,22.0,87.0,333.2266,316.28485,60.07660000000004,43.13485000000003
2017-04-10 08:00:00,22.0,87.25,332.9232,316.57306,59.77320000000003,43.42306000000002
2017-04-10 08:00:00,22.0,87.5,331.76044,315.7814,58.61044000000004,42.63140000000004
2017-04-10 08:00:00,22.0,87.75,329.30823,313.87372,56.15823,40.723720000000014
2017-04-10 08:00:00,22.0,88.0,328.1228,313.56976,54.97280000000001,40.41976
2017-04-10 08:00:00,22.0,88.25,328.1228,313.56976,54.97280000000001,40.41976
2017-04-10 08:00:00,22.0,88.5,327.44345,313.01974,54.29345000000001,39.869740000000036
2017-04-10 08:00:00,22.0,88.75,326.9441,312.43216,53.794100000000014,39.28216000000003
2017-04-10 08:00:00,22.0,89.0,327.2026,312.94205,54.05260000000004,39.79205000000002
2017-04-10 08:00:00,22.0,89.25,326.99304,312.8636,53.84304000000003,39.71360000000004
2017-04-10 08:00:00,22.0,89.5,325.6514,311.64374,52.50140000000005,38.49374
2017-04-10 08:00:00,22.0,89.75,325.75073,311.09778,52.60073,37.94778000000002
2017-04-10 08:00:00,22.0,90.0,328.12784,311.37668,54.977840000000015,38.226680000000044
2017-04-10 08:00:00,21.75,85.5,331.77475,314.15668,58.624750000000006,41.00668000000002
2017-04-10 08:00:00,21.75,85.75,333.0392,314.20264,59.88920000000002,41.05264
2017-04-10 08:00:00,21.75,86.0,333.0392,314.20264,59.88920000000002,41.05264
2017-04-10 08:00:00,21.75,86.25,327.31238,311.4618,54.16238000000004,38.311800000000005
2017-04-10 08:00:00,21.75,86.5,327.22873,310.77026,54.07873000000001,37.62026000000003
2017-04-10 08:00:00,21.75,86.75,333.044,315.36472,59.894000000000005,42.21472
2017-04-10 08:00:00,21.75,87.0,333.26917,315.71344,60.11917,42.563440000000014
2017-04-10 08:00:00,21.75,87.25,332.60803,315.63678,59.45803000000001,42.48678000000001
2017-04-10 08:00:00,21.75,87.5,330.29208,313.35,57.14208000000002,40.200000000000045
2017-04-10 08:00:00,21.75,87.75,323.22067,308.24268,50.07067000000001,35.09268000000003
2017-04-10 08:00:00,21.75,88.0,324.54886,309.295,51.39886000000001,36.14500000000004
2017-04-10 08:00:00,21.75,88.25,324.54886,309.295,51.39886000000001,36.14500000000004
2017-04-10 08:00:00,21.75,88.5,323.57767,308.87253,50.427670000000035,35.722530000000006
2017-04-10 08:00:00,21.75,88.75,323.45633,308.31824,50.30633,35.168240000000026
2017-04-10 08:00:00,21.75,89.0,328.37912,311.16656,55.22912000000002,38.01656000000003
2017-04-10 08:00:00,21.75,89.25,326.7917,310.09885,53.641700000000014,36.94885000000005
2017-04-10 08:00:00,21.75,89.5,320.81732,305.54736,47.66732000000002,32.39736000000005
2017-04-10 08:00:00,21.75,89.75,320.51468,304.8958,47.36468000000002,31.74580000000003
2017-04-10 08:00:00,21.75,90.0,320.66504,305.38483,47.51504,32.234830000000045
2017-04-10 08:00:00,21.5,85.5,329.06097,312.80225,55.91097000000002,39.65225000000004
2017-04-10 08:00:00,21.5,85.75,330.54172,313.41132,57.39172000000002,40.26132000000001
2017-04-10 08:00:00,21.5,86.0,330.54172,313.41132,57.39172000000002,40.26132000000001
2017-04-10 08:00:00,21.5,86.25,329.2012,312.17972,56.051199999999994,39.02972
2017-04-10 08:00:00,21.5,86.5,329.42194,313.09436,56.27194000000003,39.94436000000002
2017-04-10 08:00:00,21.5,86.75,333.7071,315.86465,60.55710000000005,42.714650000000006
2017-04-10 08:00:00,21.5,87.0,323.19644,307.12195,50.04644000000002,33.97195000000005
2017-04-10 08:00:00,21.5,87.25,320.16263,304.12927,47.01263,30.979270000000042
2017-04-10 08:00:00,21.5,87.5,319.9236,304.41068,46.773600000000044,31.260680000000036
2017-04-10 08:00:00,21.5,87.75,319.9749,304.08044,46.824900000000014,30.930440000000033
2017-04-10 08:00:00,21.5,88.0,320.34683,305.1214,47.196830000000034,31.971400000000017
2017-04-10 08:00:00,21.5,88.25,320.34683,305.1214,47.196830000000034,31.971400000000017
2017-04-10 08:00:00,21.5,88.5,320.69748,305.188,47.54748000000001,32.03800000000001
2017-04-10 08:00:00,21.5,88.75,320.76834,304.56705,47.618340000000046,31.417050000000017
2017-04-10 08:00:00,21.5,89.0,320.61578,304.55704,47.465779999999995,31.407039999999995
2017-04-10 08:00:00,21.5,89.25,320.43988,304.4467,47.28988000000004,31.296700000000044
2017-04-10 08:00:00,21.5,89.5,320.42682,304.65363,47.27682000000004,31.503630000000044
2017-04-10 08:00:00,21.5,89.75,320.5833,305.67145,47.43330000000003,32.521450000000016
2017-04-10 08:00:00,21.5,90.0,320.76718,306.85495,47.61718000000002,33.70495
2017-04-10 08:00:00,21.25,85.5,330.313,314.1436,57.16300000000001,40.993600000000015
2017-04-10 08:00:00,21.25,85.75,331.1401,314.99884,57.99010000000004,41.848839999999996
2017-04-10 08:00:00,21.25,86.0,331.1401,314.99884,57.99010000000004,41.848839999999996
2017-04-10 08:00:00,21.25,86.25,331.79016,315.6387,58.64016000000004,42.488699999999994
2017-04-10 08:00:00,21.25,86.5,333.53165,316.5775,60.381650000000036,43.42750000000001
2017-04-10 08:00:00,21.25,86.75,329.81223,314.8012,56.66223000000002,41.65120000000002
2017-04-10 08:00:00,21.25,87.0,322.14874,306.1218,48.99874,32.97180000000003
2017-04-10 08:00:00,21.25,87.25,320.3094,304.31082,47.159400000000005,31.16082
2017-04-10 08:00:00,21.25,87.5,320.24414,305.4054,47.09414000000004,32.25540000000001
2017-04-10 08:00:00,21.25,87.75,320.39664,305.75745,47.24664000000001,32.60745000000003
2017-04-10 08:00:00,21.25,88.0,320.74387,305.8468,47.59387000000004,32.696799999999996
2017-04-10 08:00:00,21.25,88.25,320.74387,305.8468,47.59387000000004,32.696799999999996
2017-04-10 08:00:00,21.25,88.5,321.06842,305.8526,47.918420000000026,32.70260000000002
2017-04-10 08:00:00,21.25,88.75,321.14075,305.8829,47.99075000000005,32.73290000000003
2017-04-10 08:00:00,21.25,89.0,320.9718,305.59384,47.821799999999996,32.44384000000002
2017-04-10 08:00:00,21.25,89.25,320.80746,305.3786,47.657460000000015,32.22860000000003
2017-04-10 08:00:00,21.25,89.5,320.8171,306.01248,47.667100000000005,32.862480000000005
2017-04-10 08:00:00,21.25,89.75,320.89795,306.61893,47.74795,33.46893
2017-04-10 08:00:00,21.25,90.0,320.93753,307.00256,47.787530000000004,33.85256000000004
2017-04-10 08:00:00,21.0,85.5,332.59482,316.3589,59.44482000000005,43.20890000000003
2017-04-10 08:00:00,21.0,85.75,332.68796,316.56564,59.53796,43.415639999999996
2017-04-10 08:00:00,21.0,86.0,332.68796,316.56564,59.53796,43.415639999999996
2017-04-10 08:00:00,21.0,86.25,334.1888,316.93207,61.03880000000004,43.78207000000003
2017-04-10 08:00:00,21.0,86.5,333.89612,317.19608,60.74612000000002,44.04608000000002
2017-04-10 08:00:00,21.0,86.75,336.92307,316.7465,63.77307000000002,43.59650000000005
2017-04-10 08:00:00,21.0,87.0,323.71875,307.6336,50.56875000000002,34.483600000000024
2017-04-10 08:00:00,21.0,87.25,320.45102,304.83005,47.30102000000005,31.68005000000005
2017-04-10 08:00:00,21.0,87.5,320.68683,305.19037,47.53683000000001,32.040369999999996
2017-04-10 08:00:00,21.0,87.75,320.9613,305.66016,47.81130000000002,32.51016000000004
2017-04-10 08:00:00,21.0,88.0,321.15555,305.8511,48.00555000000003,32.7011
2017-04-10 08:00:00,21.0,88.25,321.15555,305.8511,48.00555000000003,32.7011
2017-04-10 08:00:00,21.0,88.5,321.3188,305.93878,48.16880000000003,32.78878000000003
2017-04-10 08:00:00,21.0,88.75,321.5143,306.1279,48.364300000000014,32.977900000000034
2017-04-10 08:00:00,21.0,89.0,321.71304,306.53537,48.56304,33.38537000000002
2017-04-10 08:00:00,21.0,89.25,321.75375,306.73944,48.60375000000005,33.589440000000025
2017-04-10 08:00:00,21.0,89.5,321.56458,306.5273,48.41458,33.37730000000005
2017-04-10 08:00:00,21.0,89.75,321.33075,306.4792,48.180750000000046,33.329200000000014
2017-04-10 08:00:00,21.0,90.0,321.28784,306.72006,48.13784000000004,33.57006000000001
2017-04-10 09:00:00,27.5,85.5,321.92123,301.8628,48.77123,28.712800000000016
2017-04-10 09:00:00,27.5,85.75,320.6122,302.38947,47.462199999999996,29.23947000000004
2017-04-10 09:00:00,27.5,86.0,320.6122,302.38947,47.462199999999996,29.23947000000004
2017-04-10 09:00:00,27.5,86.25,319.8675,299.72644,46.71750000000003,26.576440000000048
2017-04-10 09:00:00,27.5,86.5,317.08502,296.61984,43.93502000000001,23.469840000000033
2017-04-10 09:00:00,27.5,86.75,314.70145,294.46182,41.551450000000045,21.31182000000001
2017-04-10 09:00:00,27.5,87.0,313.63318,295.03806,40.483180000000004,21.888059999999996
2017-04-10 09:00:00,27.5,87.25,314.0101,298.02148,40.860100000000045,24.87148000000002
2017-04-10 09:00:00,27.5,87.5,313.51517,298.0723,40.365170000000035,24.922300000000007
2017-04-10 09:00:00,27.5,87.75,311.41452,293.68674,38.264520000000005,20.53674000000001
2017-04-10 09:00:00,27.5,88.0,310.42847,290.99988,37.27847000000003,17.84988000000004
2017-04-10 09:00:00,27.5,88.25,310.42847,290.99988,37.27847000000003,17.84988000000004
2017-04-10 09:00:00,27.5,88.5,311.13458,292.36328,37.98458000000005,19.213279999999997
2017-04-10 09:00:00,27.5,88.75,311.55322,291.4741,38.40322000000003,18.324100000000044
2017-04-10 09:00:00,27.5,89.0,311.27448,286.40115,38.124480000000005,13.251149999999996
2017-04-10 09:00:00,27.5,89.25,309.34286,284.00394,36.192859999999996,10.853940000000023
2017-04-10 09:00:00,27.5,89.5,310.41403,284.915,37.26403000000005,11.765000000000043
2017-04-10 09:00:00,27.5,89.75,309.17807,288.37335,36.028070000000014,15.223350000000039
2017-04-10 09:00:00,27.5,90.0,310.02045,292.75977,36.870450000000005,19.609770000000026
2017-04-10 09:00:00,27.25,85.5,328.74933,309.70056,55.59933000000001,36.55056000000002
2017-04-10 09:00:00,27.25,85.75,326.58688,307.82123,53.43688000000003,34.67123000000004
2017-04-10 09:00:00,27.25,86.0,326.58688,307.82123,53.43688000000003,34.67123000000004
2017-04-10 09:00:00,27.25,86.25,325.23062,305.32828,52.08062000000001,32.17828000000003
2017-04-10 09:00:00,27.25,86.5,322.2196,303.1157,49.06960000000004,29.965700000000027
2017-04-10 09:00:00,27.25,86.75,321.31534,301.8014,48.165340000000015,28.651400000000024
2017-04-10 09:00:00,27.25,87.0,319.99756,300.2288,46.847560000000044,27.0788
2017-04-10 09:00:00,27.25,87.25,319.55853,300.92593,46.40853000000004,27.775930000000017
2017-04-10 09:00:00,27.25,87.5,319.71854,300.65463,46.56854000000004,27.50463000000002
2017-04-10 09:00:00,27.25,87.75,317.78247,297.1387,44.63247000000001,23.988699999999994
2017-04-10 09:00:00,27.25,88.0,316.0129,295.6753,42.862900000000025,22.525300000000016
2017-04-10 09:00:00,27.25,88.25,316.0129,295.6753,42.862900000000025,22.525300000000016
2017-04-10 09:00:00,27.25,88.5,317.186,298.79526,44.036,25.645260000000007
2017-04-10 09:00:00,27.25,88.75,318.13147,300.19876,44.98147,27.048760000000016
2017-04-10 09:00:00,27.25,89.0,316.33118,296.93906,43.18118000000004,23.789060000000006
2017-04-10 09:00:00,27.25,89.25,313.97446,294.03705,40.824460000000045,20.887050000000045
2017-04-10 09:00:00,27.25,89.5,312.1377,291.2792,38.98770000000002,18.129200000000026
2017-04-10 09:00:00,27.25,89.75,308.71655,289.5479,35.56655000000001,16.39790000000005
2017-04-10 09:00:00,27.25,90.0,308.5226,292.53418,35.372600000000034,19.384180000000015
2017-04-10 09:00:00,27.0,85.5,328.74933,309.70056,55.59933000000001,36.55056000000002
2017-04-10 09:00:00,27.0,85.75,326.58688,307.82123,53.43688000000003,34.67123000000004
2017-04-10 09:00:00,27.0,86.0,326.58688,307.82123,53.43688000000003,34.67123000000004
2017-04-10 09:00:00,27.0,86.25,325.23062,305.32828,52.08062000000001,32.17828000000003
2017-04-10 09:00:00,27.0,86.5,322.2196,303.1157,49.06960000000004,29.965700000000027
2017-04-10 09:00:00,27.0,86.75,321.31534,301.8014,48.165340000000015,28.651400000000024
2017-04-10 09:00:00,27.0,87.0,319.99756,300.2288,46.847560000000044,27.0788
2017-04-10 09:00:00,27.0,87.25,319.55853,300.92593,46.40853000000004,27.775930000000017
2017-04-10 09:00:00,27.0,87.5,319.71854,300.65463,46.56854000000004,27.50463000000002
2017-04-10 09:00:00,27.0,87.75,317.78247,297.1387,44.63247000000001,23.988699999999994
2017-04-10 09:00:00,27.0,88.0,316.0129,295.6753,42.862900000000025,22.525300000000016
2017-04-10 09:00:00,27.0,88.25,316.0129,295.6753,42.862900000000025,22.525300000000016
2017-04-10 09:00:00,27.0,88.5,317.186,298.79526,44.036,25.645260000000007
2017-04-10 09:00:00,27.0,88.75,318.13147,300.19876,44.98147,27.048760000000016
2017-04-10 09:00:00,27.0,89.0,316.33118,296.93906,43.18118000000004,23.789060000000006
2017-04-10 09:00:00,27.0,89.25,313.97446,294.03705,40.824460000000045,20.887050000000045
2017-04-10 09:00:00,27.0,89.5,312.1377,291.2792,38.98770000000002,18.129200000000026
2017-04-10 09:00:00,27.0,89.75,308.71655,289.5479,35.56655000000001,16.39790000000005
2017-04-10 09:00:00,27.0,90.0,308.5226,292.53418,35.372600000000034,19.384180000000015
2017-04-10 09:00:00,26.75,85.5,330.79913,311.6039,57.649130000000014,38.45390000000003
2017-04-10 09:00:00,26.75,85.75,332.14932,312.04425,58.99932000000001,38.89425
2017-04-10 09:00:00,26.75,86.0,332.14932,312.04425,58.99932000000001,38.89425
2017-04-10 09:00:00,26.75,86.25,331.5941,311.28992,58.44410000000005,38.13992000000002
2017-04-10 09:00:00,26.75,86.5,330.15768,310.15396,57.00768000000005,37.003960000000006
2017-04-10 09:00:00,26.75,86.75,327.50922,308.23618,54.35922000000005,35.08618000000001
2017-04-10 09:00:00,26.75,87.0,324.98856,305.6071,51.83856000000003,32.457100000000025
2017-04-10 09:00:00,26.75,87.25,323.53876,303.59854,50.38876000000005,30.448540000000037
2017-04-10 09:00:00,26.75,87.5,322.91504,302.5782,49.76504,29.428200000000004
2017-04-10 09:00:00,26.75,87.75,321.84296,301.97995,48.69296000000003,28.829949999999997
2017-04-10 09:00:00,26.75,88.0,321.07043,302.329,47.92043000000001,29.17900000000003
2017-04-10 09:00:00,26.75,88.25,321.07043,302.329,47.92043000000001,29.17900000000003
2017-04-10 09:00:00,26.75,88.5,322.15652,304.76227,49.00652000000002,31.612270000000024
2017-04-10 09:00:00,26.75,88.75,324.44888,307.8771,51.29888,34.72710000000001
2017-04-10 09:00:00,26.75,89.0,325.753,308.4179,52.60300000000001,35.2679
2017-04-10 09:00:00,26.75,89.25,324.37457,306.33264,51.22457000000003,33.18264000000005
2017-04-10 09:00:00,26.75,89.5,321.84457,302.69858,48.69457,29.548580000000015
2017-04-10 09:00:00,26.75,89.75,315.81366,298.3881,42.66366000000005,25.23810000000003
2017-04-10 09:00:00,26.75,90.0,314.78384,300.66452,41.63384000000002,27.514520000000005
2017-04-10 09:00:00,26.5,85.5,331.88913,312.17014,58.739130000000046,39.020140000000026
2017-04-10 09:00:00,26.5,85.75,331.54837,312.0754,58.39837,38.925400000000025
2017-04-10 09:00:00,26.5,86.0,331.54837,312.0754,58.39837,38.925400000000025
2017-04-10 09:00:00,26.5,86.25,331.2157,311.92383,58.06570000000005,38.77383000000003
2017-04-10 09:00:00,26.5,86.5,331.49112,311.4493,58.341120000000046,38.29930000000002
2017-04-10 09:00:00,26.5,86.75,330.76407,310.84058,57.61407000000003,37.69058000000001
2017-04-10 09:00:00,26.5,87.0,328.66138,310.0992,55.51138000000003,36.94920000000002
2017-04-10 09:00:00,26.5,87.25,329.45215,310.23514,56.30215000000004,37.085140000000024
2017-04-10 09:00:00,26.5,87.5,330.23672,310.16895,57.086720000000014,37.01895000000002
2017-04-10 09:00:00,26.5,87.75,329.1806,309.72498,56.03060000000005,36.57498000000004
2017-04-10 09:00:00,26.5,88.0,328.22354,309.29416,55.07354000000004,36.14416
2017-04-10 09:00:00,26.5,88.25,328.22354,309.29416,55.07354000000004,36.14416
2017-04-10 09:00:00,26.5,88.5,328.55103,309.50662,55.40103000000005,36.35662000000002
2017-04-10 09:00:00,26.5,88.75,329.27936,310.44873,56.12936000000002,37.298730000000035
2017-04-10 09:00:00,26.5,89.0,328.94818,310.55515,55.79818,37.40515000000005
2017-04-10 09:00:00,26.5,89.25,327.64813,310.20703,54.49813,37.05703
2017-04-10 09:00:00,26.5,89.5,328.153,310.0211,55.00300000000004,36.87110000000001
2017-04-10 09:00:00,26.5,89.75,325.49573,307.07867,52.34573,33.92867000000001
2017-04-10 09:00:00,26.5,90.0,325.35202,307.25653,52.202020000000005,34.10653000000002
2017-04-10 09:00:00,26.25,85.5,330.68625,311.7537,57.536249999999995,38.6037
2017-04-10 09:00:00,26.25,85.75,330.68243,311.51794,57.53243000000003,38.36794000000003
2017-04-10 09:00:00,26.25,86.0,330.68243,311.51794,57.53243000000003,38.36794000000003
2017-04-10 09:00:00,26.25,86.25,330.7265,311.38077,57.57650000000001,38.23077000000001
2017-04-10 09:00:00,26.25,86.5,330.17166,310.8385,57.02166,37.68850000000003
2017-04-10 09:00:00,26.25,86.75,329.60867,310.60464,56.45867000000004,37.45464000000004
2017-04-10 09:00:00,26.25,87.0,329.04077,310.0892,55.89077000000003,36.93920000000003
2017-04-10 09:00:00,26.25,87.25,329.3071,309.96954,56.157100000000014,36.81954000000002
2017-04-10 09:00:00,26.25,87.5,329.8696,309.9399,56.719600000000014,36.789900000000046
2017-04-10 09:00:00,26.25,87.75,329.84915,309.63892,56.69915000000003,36.48892000000001
2017-04-10 09:00:00,26.25,88.0,329.43814,309.26712,56.28814,36.11712
2017-04-10 09:00:00,26.25,88.25,329.43814,309.26712,56.28814,36.11712
2017-04-10 09:00:00,26.25,88.5,328.9412,309.0189,55.7912,35.8689
2017-04-10 09:00:00,26.25,88.75,328.255,308.67474,55.10500000000002,35.52474000000001
2017-04-10 09:00:00,26.25,89.0,327.64505,307.95416,54.49505000000005,34.804160000000024
2017-04-10 09:00:00,26.25,89.25,327.12372,307.3163,53.973720000000014,34.166300000000035
2017-04-10 09:00:00,26.25,89.5,326.5751,307.26346,53.42510000000004,34.11346000000003
2017-04-10 09:00:00,26.25,89.75,326.33536,306.47327,53.18536,33.323270000000036
2017-04-10 09:00:00,26.25,90.0,326.5159,305.9214,53.36590000000001,32.77140000000003
2017-04-10 09:00:00,26.0,85.5,330.12567,311.4228,56.97567000000004,38.27280000000002
2017-04-10 09:00:00,26.0,85.75,330.71375,311.78064,57.56375000000003,38.63064000000003
2017-04-10 09:00:00,26.0,86.0,330.71375,311.78064,57.56375000000003,38.63064000000003
2017-04-10 09:00:00,26.0,86.25,330.55795,311.43002,57.40795000000003,38.280020000000036
2017-04-10 09:00:00,26.0,86.5,329.20288,310.60477,56.052880000000016,37.454769999999996
2017-04-10 09:00:00,26.0,86.75,329.61438,310.57166,56.464380000000006,37.42166000000003
2017-04-10 09:00:00,26.0,87.0,328.86182,309.91714,55.711820000000046,36.76714000000004
2017-04-10 09:00:00,26.0,87.25,328.94598,309.7259,55.79598000000004,36.57590000000005
2017-04-10 09:00:00,26.0,87.5,329.80527,309.93756,56.65527000000003,36.78756000000004
2017-04-10 09:00:00,26.0,87.75,330.11728,309.91144,56.96728000000002,36.76144000000005
2017-04-10 09:00:00,26.0,88.0,329.87494,309.624,56.724940000000004,36.474000000000046
2017-04-10 09:00:00,26.0,88.25,329.87494,309.624,56.724940000000004,36.474000000000046
2017-04-10 09:00:00,26.0,88.5,329.32117,309.1253,56.17117000000002,35.975300000000004
2017-04-10 09:00:00,26.0,88.75,328.6465,308.58572,55.496500000000026,35.43572
2017-04-10 09:00:00,26.0,89.0,328.2838,308.30737,55.13380000000001,35.157370000000014
2017-04-10 09:00:00,26.0,89.25,327.3731,307.6285,54.223100000000045,34.4785
2017-04-10 09:00:00,26.0,89.5,326.8074,306.91714,53.657399999999996,33.76714000000004
2017-04-10 09:00:00,26.0,89.75,325.9312,305.92755,52.78120000000001,32.77755000000002
2017-04-10 09:00:00,26.0,90.0,325.38388,305.2107,52.23388,32.0607
2017-04-10 09:00:00,25.75,85.5,328.68243,310.73816,55.53243000000003,37.588160000000016
2017-04-10 09:00:00,25.75,85.75,329.62613,311.04398,56.47613000000001,37.89398
2017-04-10 09:00:00,25.75,86.0,329.62613,311.04398,56.47613000000001,37.89398
2017-04-10 09:00:00,25.75,86.25,329.98825,311.3973,56.838250000000016,38.247299999999996
2017-04-10 09:00:00,25.75,86.5,329.73788,311.14725,56.58788000000004,37.99725000000001
2017-04-10 09:00:00,25.75,86.75,329.89487,311.11057,56.74487000000005,37.96057000000002
2017-04-10 09:00:00,25.75,87.0,329.30777,310.50598,56.15777000000003,37.355980000000045
2017-04-10 09:00:00,25.75,87.25,329.07,310.0823,55.920000000000016,36.9323
2017-04-10 09:00:00,25.75,87.5,328.88544,309.70343,55.73544000000004,36.55343000000005
2017-04-10 09:00:00,25.75,87.75,328.94217,309.43478,55.79217,36.28478000000001
2017-04-10 09:00:00,25.75,88.0,329.12073,309.3452,55.97073,36.1952
2017-04-10 09:00:00,25.75,88.25,329.12073,309.3452,55.97073,36.1952
2017-04-10 09:00:00,25.75,88.5,328.8324,309.09717,55.68240000000003,35.94717000000003
2017-04-10 09:00:00,25.75,88.75,328.06512,308.5708,54.91512,35.42080000000004
2017-04-10 09:00:00,25.75,89.0,327.0578,307.9316,53.90780000000001,34.781600000000026
2017-04-10 09:00:00,25.75,89.25,326.52777,307.34158,53.37777,34.191580000000044
2017-04-10 09:00:00,25.75,89.5,325.88522,306.85007,52.73522000000003,33.70007000000004
2017-04-10 09:00:00,25.75,89.75,325.20715,306.42035,52.057150000000036,33.27035000000001
2017-04-10 09:00:00,25.75,90.0,325.80383,305.40094,52.65383000000003,32.250940000000014
2017-04-10 09:00:00,25.5,85.5,329.20886,310.92032,56.05886000000004,37.77032000000003
2017-04-10 09:00:00,25.5,85.75,328.4143,310.73636,55.26430000000005,37.58636000000001
2017-04-10 09:00:00,25.5,86.0,328.4143,310.73636,55.26430000000005,37.58636000000001
2017-04-10 09:00:00,25.5,86.25,329.22388,310.90338,56.07388000000003,37.75338000000005
2017-04-10 09:00:00,25.5,86.5,329.2716,310.9473,56.1216,37.79730000000001
2017-04-10 09:00:00,25.5,86.75,329.35025,310.97943,56.20025000000004,37.82943
2017-04-10 09:00:00,25.5,87.0,329.00687,310.65347,55.856870000000015,37.50347000000005
2017-04-10 09:00:00,25.5,87.25,328.37656,310.0677,55.226560000000006,36.917700000000025
2017-04-10 09:00:00,25.5,87.5,328.18222,309.80777,55.032219999999995,36.65777000000003
2017-04-10 09:00:00,25.5,87.75,328.92075,310.03024,55.77075000000002,36.880240000000015
2017-04-10 09:00:00,25.5,88.0,329.352,309.86014,56.202,36.710140000000024
2017-04-10 09:00:00,25.5,88.25,329.352,309.86014,56.202,36.710140000000024
2017-04-10 09:00:00,25.5,88.5,329.09683,309.20618,55.946830000000034,36.05618000000004
2017-04-10 09:00:00,25.5,88.75,329.0544,308.86014,55.90440000000001,35.710140000000024
2017-04-10 09:00:00,25.5,89.0,328.42957,308.54977,55.279570000000035,35.399770000000046
2017-04-10 09:00:00,25.5,89.25,327.2979,308.16827,54.14790000000005,35.01827000000003
2017-04-10 09:00:00,25.5,89.5,326.39114,307.7643,53.24114000000003,34.614300000000014
2017-04-10 09:00:00,25.5,89.75,325.58743,307.6905,52.437430000000006,34.54050000000001
2017-04-10 09:00:00,25.5,90.0,326.95148,307.2792,53.801480000000026,34.129200000000026
2017-04-10 09:00:00,25.25,85.5,329.97894,310.907,56.828940000000046,37.757000000000005
2017-04-10 09:00:00,25.25,85.75,329.8171,310.90366,56.667100000000005,37.753660000000025
2017-04-10 09:00:00,25.25,86.0,329.8171,310.90366,56.667100000000005,37.753660000000025
2017-04-10 09:00:00,25.25,86.25,329.7081,310.44302,56.558100000000024,37.29302000000001
2017-04-10 09:00:00,25.25,86.5,329.09076,310.16553,55.94076000000001,37.01553000000001
2017-04-10 09:00:00,25.25,86.75,329.29663,310.18372,56.146630000000016,37.03372000000002
2017-04-10 09:00:00,25.25,87.0,329.46655,310.5551,56.31655000000001,37.405100000000004
2017-04-10 09:00:00,25.25,87.25,329.91333,310.68787,56.763329999999996,37.53787
2017-04-10 09:00:00,25.25,87.5,328.98376,310.01187,55.83376000000004,36.86187000000001
2017-04-10 09:00:00,25.25,87.75,327.86758,309.7234,54.71758,36.57340000000005
2017-04-10 09:00:00,25.25,88.0,328.4468,309.89987,55.29680000000002,36.749870000000044
2017-04-10 09:00:00,25.25,88.25,328.4468,309.89987,55.29680000000002,36.749870000000044
2017-04-10 09:00:00,25.25,88.5,329.31564,309.6658,56.165639999999996,36.51580000000001
2017-04-10 09:00:00,25.25,88.75,328.999,309.30627,55.849000000000046,36.156270000000006
2017-04-10 09:00:00,25.25,89.0,328.47684,309.0762,55.326840000000004,35.926199999999994
2017-04-10 09:00:00,25.25,89.25,327.47443,308.84918,54.32443000000001,35.69918000000001
2017-04-10 09:00:00,25.25,89.5,326.88565,308.70056,53.73565000000002,35.55056000000002
2017-04-10 09:00:00,25.25,89.75,326.26654,308.4438,53.11654000000004,35.29380000000003
2017-04-10 09:00:00,25.25,90.0,326.99112,308.95602,53.841120000000046,35.806020000000046
2017-04-10 09:00:00,25.0,85.5,330.94012,311.05377,57.79012,37.90377000000001
2017-04-10 09:00:00,25.0,85.75,329.5571,310.26248,56.407100000000014,37.112480000000005
2017-04-10 09:00:00,25.0,86.0,329.5571,310.26248,56.407100000000014,37.112480000000005
2017-04-10 09:00:00,25.0,86.25,329.2903,309.73343,56.140300000000025,36.58343000000002
2017-04-10 09:00:00,25.0,86.5,330.19318,310.0625,57.04318000000001,36.91250000000002
2017-04-10 09:00:00,25.0,86.75,329.73596,310.09387,56.58596,36.943870000000004
2017-04-10 09:00:00,25.0,87.0,329.87372,310.20334,56.723720000000014,37.05334000000005
2017-04-10 09:00:00,25.0,87.25,329.74335,310.14267,56.593350000000044,36.99267000000003
2017-04-10 09:00:00,25.0,87.5,329.09537,310.0431,55.945370000000025,36.893100000000004
2017-04-10 09:00:00,25.0,87.75,328.41873,310.30954,55.268730000000005,37.15954000000005
2017-04-10 09:00:00,25.0,88.0,328.59555,310.7,55.445550000000026,37.55000000000001
2017-04-10 09:00:00,25.0,88.25,328.59555,310.7,55.445550000000026,37.55000000000001
2017-04-10 09:00:00,25.0,88.5,329.5923,310.60684,56.442300000000046,37.45684
2017-04-10 09:00:00,25.0,88.75,329.9509,310.36844,56.80090000000001,37.218440000000044
2017-04-10 09:00:00,25.0,89.0,329.18408,310.5597,56.03408000000002,37.40970000000004
2017-04-10 09:00:00,25.0,89.25,328.39053,310.1104,55.240530000000035,36.96040000000005
2017-04-10 09:00:00,25.0,89.5,327.418,309.4644,54.26800000000003,36.314400000000035
2017-04-10 09:00:00,25.0,89.75,326.82257,308.74167,53.67257000000001,35.59167000000002
2017-04-10 09:00:00,25.0,90.0,327.7496,309.1624,54.59960000000001,36.012400000000014
2017-04-10 09:00:00,24.75,85.5,330.94012,311.05377,57.79012,37.90377000000001
2017-04-10 09:00:00,24.75,85.75,329.5571,310.26248,56.407100000000014,37.112480000000005
2017-04-10 09:00:00,24.75,86.0,329.5571,310.26248,56.407100000000014,37.112480000000005
2017-04-10 09:00:00,24.75,86.25,329.2903,309.73343,56.140300000000025,36.58343000000002
2017-04-10 09:00:00,24.75,86.5,330.19318,310.0625,57.04318000000001,36.91250000000002
2017-04-10 09:00:00,24.75,86.75,329.73596,310.09387,56.58596,36.943870000000004
2017-04-10 09:00:00,24.75,87.0,329.87372,310.20334,56.723720000000014,37.05334000000005
2017-04-10 09:00:00,24.75,87.25,329.74335,310.14267,56.593350000000044,36.99267000000003
2017-04-10 09:00:00,24.75,87.5,329.09537,310.0431,55.945370000000025,36.893100000000004
2017-04-10 09:00:00,24.75,87.75,328.41873,310.30954,55.268730000000005,37.15954000000005
2017-04-10 09:00:00,24.75,88.0,328.59555,310.7,55.445550000000026,37.55000000000001
2017-04-10 09:00:00,24.75,88.25,328.59555,310.7,55.445550000000026,37.55000000000001
2017-04-10 09:00:00,24.75,88.5,329.5923,310.60684,56.442300000000046,37.45684
2017-04-10 09:00:00,24.75,88.75,329.9509,310.36844,56.80090000000001,37.218440000000044
2017-04-10 09:00:00,24.75,89.0,329.18408,310.5597,56.03408000000002,37.40970000000004
2017-04-10 09:00:00,24.75,89.25,328.39053,310.1104,55.240530000000035,36.96040000000005
2017-04-10 09:00:00,24.75,89.5,327.418,309.4644,54.26800000000003,36.314400000000035
2017-04-10 09:00:00,24.75,89.75,326.82257,308.74167,53.67257000000001,35.59167000000002
2017-04-10 09:00:00,24.75,90.0,327.7496,309.1624,54.59960000000001,36.012400000000014
2017-04-10 09:00:00,24.5,85.5,328.15118,309.08096,55.00118000000003,35.93096000000003
2017-04-10 09:00:00,24.5,85.75,329.47333,309.54993,56.32333,36.39993000000004
2017-04-10 09:00:00,24.5,86.0,329.47333,309.54993,56.32333,36.39993000000004
2017-04-10 09:00:00,24.5,86.25,329.3019,309.0893,56.15190000000001,35.9393
2017-04-10 09:00:00,24.5,86.5,329.92804,309.485,56.77804000000003,36.335000000000036
2017-04-10 09:00:00,24.5,86.75,329.98477,309.74622,56.83477000000005,36.59622000000002
2017-04-10 09:00:00,24.5,87.0,330.02914,309.94882,56.87914000000001,36.798820000000035
2017-04-10 09:00:00,24.5,87.25,329.65005,309.8501,56.500050000000044,36.70010000000002
2017-04-10 09:00:00,24.5,87.5,328.98608,309.9266,55.83608000000004,36.77660000000003
2017-04-10 09:00:00,24.5,87.75,328.9915,310.61063,55.841499999999996,37.46063000000004
2017-04-10 09:00:00,24.5,88.0,329.27594,311.15317,56.125940000000014,38.00317000000001
2017-04-10 09:00:00,24.5,88.25,329.27594,311.15317,56.125940000000014,38.00317000000001
2017-04-10 09:00:00,24.5,88.5,329.605,311.03363,56.45500000000004,37.88363000000004
2017-04-10 09:00:00,24.5,88.75,329.7003,310.74512,56.55030000000005,37.59512000000001
2017-04-10 09:00:00,24.5,89.0,328.29602,310.4133,55.14602000000002,37.263300000000015
2017-04-10 09:00:00,24.5,89.25,327.7061,310.00333,54.556100000000015,36.85333000000003
2017-04-10 09:00:00,24.5,89.5,327.64804,309.6708,54.49804,36.52080000000001
2017-04-10 09:00:00,24.5,89.75,327.1218,309.0872,53.97180000000003,35.93720000000002
2017-04-10 09:00:00,24.5,90.0,328.32812,309.36584,55.178120000000035,36.215840000000014
2017-04-10 09:00:00,24.25,85.5,328.29135,307.9495,55.141350000000045,34.79950000000002
2017-04-10 09:00:00,24.25,85.75,329.43045,308.48553,56.28045000000003,35.335530000000006
2017-04-10 09:00:00,24.25,86.0,329.43045,308.48553,56.28045000000003,35.335530000000006
2017-04-10 09:00:00,24.25,86.25,330.51547,309.22867,57.365470000000016,36.078670000000045
2017-04-10 09:00:00,24.25,86.5,330.6934,309.71487,57.54340000000002,36.56487000000004
2017-04-10 09:00:00,24.25,86.75,330.36676,309.9827,57.21676000000002,36.832700000000045
2017-04-10 09:00:00,24.25,87.0,330.6525,310.5253,57.5025,37.37530000000004
2017-04-10 09:00:00,24.25,87.25,330.29483,310.71005,57.14483000000001,37.56005000000005
2017-04-10 09:00:00,24.25,87.5,329.84616,311.0325,56.69616000000002,37.88250000000005
2017-04-10 09:00:00,24.25,87.75,330.28772,311.51355,57.13772,38.36355000000003
2017-04-10 09:00:00,24.25,88.0,330.72733,311.87186,57.57733000000002,38.72186000000005
2017-04-10 09:00:00,24.25,88.25,330.72733,311.87186,57.57733000000002,38.72186000000005
2017-04-10 09:00:00,24.25,88.5,330.30148,311.93024,57.15148000000005,38.78024000000005
2017-04-10 09:00:00,24.25,88.75,329.22446,311.33594,56.074460000000045,38.185940000000016
2017-04-10 09:00:00,24.25,89.0,327.9812,310.5142,54.831200000000024,37.36420000000004
2017-04-10 09:00:00,24.25,89.25,328.0752,310.5186,54.92520000000002,37.368600000000015
2017-04-10 09:00:00,24.25,89.5,327.93625,310.23727,54.786249999999995,37.087270000000046
2017-04-10 09:00:00,24.25,89.75,327.40646,309.9477,54.256460000000004,36.79770000000002
2017-04-10 09:00:00,24.25,90.0,328.90784,310.44162,55.757840000000044,37.29162000000002
2017-04-10 09:00:00,24.0,85.5,327.63104,306.9008,54.48104000000001,33.75080000000003
2017-04-10 09:00:00,24.0,85.75,328.22342,308.10294,55.07342,34.95294000000001
2017-04-10 09:00:00,24.0,86.0,328.22342,308.10294,55.07342,34.95294000000001
2017-04-10 09:00:00,24.0,86.25,329.01843,309.06345,55.868430000000046,35.91345000000001
2017-04-10 09:00:00,24.0,86.5,329.4991,309.60532,56.34910000000002,36.45532000000003
2017-04-10 09:00:00,24.0,86.75,329.68167,310.10193,56.53167000000002,36.951930000000004
2017-04-10 09:00:00,24.0,87.0,330.6032,311.0637,57.45320000000004,37.913700000000006
2017-04-10 09:00:00,24.0,87.25,330.14273,311.27667,56.992729999999995,38.12667000000005
2017-04-10 09:00:00,24.0,87.5,330.5123,311.86108,57.362300000000005,38.71108000000004
2017-04-10 09:00:00,24.0,87.75,331.48618,312.91956,58.33618000000001,39.76956000000001
2017-04-10 09:00:00,24.0,88.0,331.08746,313.05942,57.937460000000044,39.90942000000001
2017-04-10 09:00:00,24.0,88.25,331.08746,313.05942,57.937460000000044,39.90942000000001
2017-04-10 09:00:00,24.0,88.5,330.30664,312.59573,57.15664000000004,39.445730000000026
2017-04-10 09:00:00,24.0,88.75,330.3178,312.4721,57.1678,39.322100000000034
2017-04-10 09:00:00,24.0,89.0,329.5457,311.82874,56.39570000000003,38.678740000000005
2017-04-10 09:00:00,24.0,89.25,328.31693,311.11572,55.166930000000036,37.96572000000003
2017-04-10 09:00:00,24.0,89.5,328.66772,311.11945,55.51772,37.969449999999995
2017-04-10 09:00:00,24.0,89.75,327.84457,310.64777,54.69457,37.49777
2017-04-10 09:00:00,24.0,90.0,329.1559,310.97937,56.0059,37.82937000000004
2017-04-10 09:00:00,23.75,85.5,328.49518,308.6036,55.34518000000003,35.453599999999994
2017-04-10 09:00:00,23.75,85.75,327.21396,308.65598,54.06396000000001,35.50598000000002
2017-04-10 09:00:00,23.75,86.0,327.21396,308.65598,54.06396000000001,35.50598000000002
2017-04-10 09:00:00,23.75,86.25,329.23596,310.61194,56.08596,37.46194000000003
2017-04-10 09:00:00,23.75,86.5,330.60315,311.659,57.45315000000005,38.509000000000015
2017-04-10 09:00:00,23.75,86.75,329.00208,311.24005,55.85208,38.09005000000002
2017-04-10 09:00:00,23.75,87.0,329.367,311.23904,56.21700000000004,38.08904000000001
2017-04-10 09:00:00,23.75,87.25,329.90375,311.46103,56.753750000000025,38.31103000000002
2017-04-10 09:00:00,23.75,87.5,331.0427,312.36746,57.89270000000005,39.21746000000002
2017-04-10 09:00:00,23.75,87.75,331.96295,312.991,58.81295,39.84100000000001
2017-04-10 09:00:00,23.75,88.0,331.3658,312.96442,58.2158,39.81442000000004
2017-04-10 09:00:00,23.75,88.25,331.3658,312.96442,58.2158,39.81442000000004
2017-04-10 09:00:00,23.75,88.5,330.39072,312.86688,57.24072000000001,39.71688
2017-04-10 09:00:00,23.75,88.75,330.20218,312.65347,57.05218000000002,39.50347000000005
2017-04-10 09:00:00,23.75,89.0,330.07306,312.3602,56.92306000000002,39.21020000000004
2017-04-10 09:00:00,23.75,89.25,329.70227,311.90756,56.55227000000002,38.75756000000001
2017-04-10 09:00:00,23.75,89.5,329.4417,311.8524,56.29170000000005,38.70240000000001
2017-04-10 09:00:00,23.75,89.75,328.603,311.56244,55.45300000000003,38.412440000000004
2017-04-10 09:00:00,23.75,90.0,327.99493,311.1167,54.84493000000003,37.9667
2017-04-10 09:00:00,23.5,85.5,327.80923,308.0823,54.659230000000036,34.9323
2017-04-10 09:00:00,23.5,85.75,329.26752,309.92798,56.11752000000001,36.777980000000014
2017-04-10 09:00:00,23.5,86.0,329.26752,309.92798,56.11752000000001,36.777980000000014
2017-04-10 09:00:00,23.5,86.25,331.22678,311.48853,58.07678000000004,38.33853000000005
2017-04-10 09:00:00,23.5,86.5,331.61133,312.07892,58.46133000000003,38.928920000000005
2017-04-10 09:00:00,23.5,86.75,330.63736,311.91443,57.487360000000024,38.764430000000004
2017-04-10 09:00:00,23.5,87.0,330.37366,312.05203,57.223659999999995,38.902030000000025
2017-04-10 09:00:00,23.5,87.25,330.04578,312.18155,56.89578,39.03155000000004
2017-04-10 09:00:00,23.5,87.5,330.63495,312.52182,57.484950000000026,39.371820000000014
2017-04-10 09:00:00,23.5,87.75,331.34683,312.8186,58.196830000000034,39.668600000000026
2017-04-10 09:00:00,23.5,88.0,330.97598,313.0115,57.825980000000015,39.861500000000035
2017-04-10 09:00:00,23.5,88.25,330.97598,313.0115,57.825980000000015,39.861500000000035
2017-04-10 09:00:00,23.5,88.5,330.29846,313.0822,57.14846,39.93220000000002
2017-04-10 09:00:00,23.5,88.75,330.11673,312.75684,56.96673000000004,39.606840000000034
2017-04-10 09:00:00,23.5,89.0,330.11633,312.3989,56.96633000000003,39.24890000000005
2017-04-10 09:00:00,23.5,89.25,330.19138,312.1299,57.041380000000004,38.97990000000004
2017-04-10 09:00:00,23.5,89.5,329.59894,311.98734,56.44894000000005,38.83734000000004
2017-04-10 09:00:00,23.5,89.75,329.31436,312.06564,56.164360000000045,38.915639999999996
2017-04-10 09:00:00,23.5,90.0,328.66544,312.05994,55.51544000000001,38.909940000000006
2017-04-10 09:00:00,23.25,85.5,330.2855,310.61374,57.135500000000036,37.46374000000003
2017-04-10 09:00:00,23.25,85.75,332.05774,312.53662,58.90774000000005,39.38662000000005
2017-04-10 09:00:00,23.25,86.0,332.05774,312.53662,58.90774000000005,39.38662000000005
2017-04-10 09:00:00,23.25,86.25,331.40372,312.43103,58.253720000000044,39.281030000000044
2017-04-10 09:00:00,23.25,86.5,331.70587,312.58908,58.55587000000003,39.43908000000005
2017-04-10 09:00:00,23.25,86.75,332.20764,313.155,59.05764000000005,40.004999999999995
2017-04-10 09:00:00,23.25,87.0,332.064,313.47012,58.914000000000044,40.32012000000003
2017-04-10 09:00:00,23.25,87.25,332.2845,313.7827,59.1345,40.6327
2017-04-10 09:00:00,23.25,87.5,332.42004,313.9122,59.270039999999995,40.76220000000001
2017-04-10 09:00:00,23.25,87.75,332.13483,313.83914,58.984830000000045,40.68914000000001
2017-04-10 09:00:00,23.25,88.0,331.8371,313.84058,58.687100000000044,40.69058000000001
2017-04-10 09:00:00,23.25,88.25,331.8371,313.84058,58.687100000000044,40.69058000000001
2017-04-10 09:00:00,23.25,88.5,331.29565,313.77396,58.145650000000046,40.62396000000001
2017-04-10 09:00:00,23.25,88.75,330.7536,313.4951,57.60360000000003,40.3451
2017-04-10 09:00:00,23.25,89.0,331.46042,313.48315,58.31042000000002,40.333150000000046
2017-04-10 09:00:00,23.25,89.25,332.07446,313.67603,58.92446000000001,40.52603000000005
2017-04-10 09:00:00,23.25,89.5,331.37363,313.4367,58.223630000000014,40.286699999999996
2017-04-10 09:00:00,23.25,89.75,329.7025,312.99393,56.55250000000001,39.84393
2017-04-10 09:00:00,23.25,90.0,329.6788,312.96127,56.52880000000005,39.811270000000036
2017-04-10 09:00:00,23.0,85.5,330.7353,312.33264,57.58530000000002,39.18264000000005
2017-04-10 09:00:00,23.0,85.75,331.93042,313.7563,58.78042000000005,40.60630000000003
2017-04-10 09:00:00,23.0,86.0,331.93042,313.7563,58.78042000000005,40.60630000000003
2017-04-10 09:00:00,23.0,86.25,331.7476,313.90103,58.5976,40.751030000000014
2017-04-10 09:00:00,23.0,86.5,331.32568,313.4922,58.17568,40.34220000000005
2017-04-10 09:00:00,23.0,86.75,330.17358,313.32593,57.02358000000004,40.17593000000005
2017-04-10 09:00:00,23.0,87.0,330.97806,313.6809,57.82806000000005,40.53090000000003
2017-04-10 09:00:00,23.0,87.25,332.41925,314.2061,59.26925,41.056100000000015
2017-04-10 09:00:00,23.0,87.5,333.4164,314.6788,60.26640000000003,41.52880000000005
2017-04-10 09:00:00,23.0,87.75,333.696,315.08734,60.54600000000005,41.937340000000006
2017-04-10 09:00:00,23.0,88.0,333.1204,315.14218,59.97040000000004,41.99218000000002
2017-04-10 09:00:00,23.0,88.25,333.1204,315.14218,59.97040000000004,41.99218000000002
2017-04-10 09:00:00,23.0,88.5,331.77927,314.65622,58.62927000000002,41.50622000000004
2017-04-10 09:00:00,23.0,88.75,330.87906,314.096,57.729060000000004,40.946000000000026
2017-04-10 09:00:00,23.0,89.0,331.803,314.04547,58.65300000000002,40.895470000000046
2017-04-10 09:00:00,23.0,89.25,332.64502,314.26083,59.49502000000001,41.11083000000002
2017-04-10 09:00:00,23.0,89.5,331.31796,313.7482,58.16796000000005,40.59820000000002
2017-04-10 09:00:00,23.0,89.75,330.43906,313.67853,57.289060000000006,40.528530000000046
2017-04-10 09:00:00,23.0,90.0,328.74164,312.9367,55.59164000000004,39.786699999999996
2017-04-10 09:00:00,22.75,85.5,332.69983,314.30515,59.54983000000004,41.15515000000005
2017-04-10 09:00:00,22.75,85.75,334.89346,315.9703,61.74346000000003,42.82030000000003
2017-04-10 09:00:00,22.75,86.0,334.89346,315.9703,61.74346000000003,42.82030000000003
2017-04-10 09:00:00,22.75,86.25,334.31656,315.6398,61.166560000000004,42.4898
2017-04-10 09:00:00,22.75,86.5,331.55573,313.97086,58.405730000000005,40.82086000000004
2017-04-10 09:00:00,22.75,86.75,331.54297,313.84473,58.39297000000005,40.69473000000005
2017-04-10 09:00:00,22.75,87.0,332.18842,314.458,59.03842000000003,41.30800000000005
2017-04-10 09:00:00,22.75,87.25,333.36038,315.18823,60.21038000000004,42.03823
2017-04-10 09:00:00,22.75,87.5,332.79407,315.29486,59.64407,42.14486000000005
2017-04-10 09:00:00,22.75,87.75,332.0996,315.18597,58.94960000000003,42.03597000000002
2017-04-10 09:00:00,22.75,88.0,330.26767,314.44012,57.11767000000003,41.29012
2017-04-10 09:00:00,22.75,88.25,330.26767,314.44012,57.11767000000003,41.29012
2017-04-10 09:00:00,22.75,88.5,328.6017,313.71213,55.45170000000002,40.562130000000025
2017-04-10 09:00:00,22.75,88.75,328.15686,313.40518,55.00686000000002,40.255179999999996
2017-04-10 09:00:00,22.75,89.0,328.08273,313.23993,54.93273000000005,40.08993000000004
2017-04-10 09:00:00,22.75,89.25,327.63016,312.97388,54.48016000000001,39.82388000000003
2017-04-10 09:00:00,22.75,89.5,327.94675,312.92148,54.79675000000003,39.77148
2017-04-10 09:00:00,22.75,89.75,329.35214,313.26538,56.20214000000004,40.115380000000016
2017-04-10 09:00:00,22.75,90.0,329.5562,313.44968,56.40620000000001,40.29968000000002
2017-04-10 09:00:00,22.5,85.5,332.69983,314.30515,59.54983000000004,41.15515000000005
2017-04-10 09:00:00,22.5,85.75,334.89346,315.9703,61.74346000000003,42.82030000000003
2017-04-10 09:00:00,22.5,86.0,334.89346,315.9703,61.74346000000003,42.82030000000003
2017-04-10 09:00:00,22.5,86.25,334.31656,315.6398,61.166560000000004,42.4898
2017-04-10 09:00:00,22.5,86.5,331.55573,313.97086,58.405730000000005,40.82086000000004
2017-04-10 09:00:00,22.5,86.75,331.54297,313.84473,58.39297000000005,40.69473000000005
2017-04-10 09:00:00,22.5,87.0,332.18842,314.458,59.03842000000003,41.30800000000005
2017-04-10 09:00:00,22.5,87.25,333.36038,315.18823,60.21038000000004,42.03823
2017-04-10 09:00:00,22.5,87.5,332.79407,315.29486,59.64407,42.14486000000005
2017-04-10 09:00:00,22.5,87.75,332.0996,315.18597,58.94960000000003,42.03597000000002
2017-04-10 09:00:00,22.5,88.0,330.26767,314.44012,57.11767000000003,41.29012
2017-04-10 09:00:00,22.5,88.25,330.26767,314.44012,57.11767000000003,41.29012
2017-04-10 09:00:00,22.5,88.5,328.6017,313.71213,55.45170000000002,40.562130000000025
2017-04-10 09:00:00,22.5,88.75,328.15686,313.40518,55.00686000000002,40.255179999999996
2017-04-10 09:00:00,22.5,89.0,328.08273,313.23993,54.93273000000005,40.08993000000004
2017-04-10 09:00:00,22.5,89.25,327.63016,312.97388,54.48016000000001,39.82388000000003
2017-04-10 09:00:00,22.5,89.5,327.94675,312.92148,54.79675000000003,39.77148
2017-04-10 09:00:00,22.5,89.75,329.35214,313.26538,56.20214000000004,40.115380000000016
2017-04-10 09:00:00,22.5,90.0,329.5562,313.44968,56.40620000000001,40.29968000000002
2017-04-10 09:00:00,22.25,85.5,333.88126,315.10178,60.73126000000002,41.95178000000004
2017-04-10 09:00:00,22.25,85.75,334.3054,315.37436,61.15540000000004,42.22436000000005
2017-04-10 09:00:00,22.25,86.0,334.3054,315.37436,61.15540000000004,42.22436000000005
2017-04-10 09:00:00,22.25,86.25,333.63638,315.1677,60.48638,42.01770000000005
2017-04-10 09:00:00,22.25,86.5,330.77258,314.08298,57.62258000000003,40.93298000000004
2017-04-10 09:00:00,22.25,86.75,332.36456,315.05994,59.214560000000006,41.909940000000006
2017-04-10 09:00:00,22.25,87.0,332.14,314.8507,58.99000000000001,41.70070000000004
2017-04-10 09:00:00,22.25,87.25,333.04382,315.57266,59.893820000000005,42.42266000000001
2017-04-10 09:00:00,22.25,87.5,332.17657,315.69507,59.02657000000005,42.54507000000001
2017-04-10 09:00:00,22.25,87.75,329.1867,314.55316,56.036699999999996,41.403160000000014
2017-04-10 09:00:00,22.25,88.0,328.1725,313.92548,55.022500000000036,40.775480000000016
2017-04-10 09:00:00,22.25,88.25,328.1725,313.92548,55.022500000000036,40.775480000000016
2017-04-10 09:00:00,22.25,88.5,328.0525,313.84454,54.90250000000003,40.69454000000002
2017-04-10 09:00:00,22.25,88.75,326.97046,313.34885,53.820460000000026,40.19885000000005
2017-04-10 09:00:00,22.25,89.0,325.5807,312.57675,52.4307,39.42675000000003
2017-04-10 09:00:00,22.25,89.25,324.68317,312.2614,51.53317000000004,39.1114
2017-04-10 09:00:00,22.25,89.5,324.9394,312.4935,51.7894,39.343500000000006
2017-04-10 09:00:00,22.25,89.75,327.07233,312.61426,53.922330000000045,39.464260000000024
2017-04-10 09:00:00,22.25,90.0,329.76883,312.5545,56.61883,39.40450000000004
2017-04-10 09:00:00,22.0,85.5,331.65054,313.77817,58.50054,40.62817000000001
2017-04-10 09:00:00,22.0,85.75,331.38885,313.7517,58.23885000000001,40.60170000000005
2017-04-10 09:00:00,22.0,86.0,331.38885,313.7517,58.23885000000001,40.60170000000005
2017-04-10 09:00:00,22.0,86.25,329.58783,312.7517,56.43783000000002,39.60170000000005
2017-04-10 09:00:00,22.0,86.5,328.23325,311.20526,55.08325000000002,38.05526000000003
2017-04-10 09:00:00,22.0,86.75,332.58633,315.19843,59.43633,42.048429999999996
2017-04-10 09:00:00,22.0,87.0,333.07474,315.9989,59.92474000000004,42.848900000000015
2017-04-10 09:00:00,22.0,87.25,332.93875,316.2736,59.78875000000005,43.12360000000001
2017-04-10 09:00:00,22.0,87.5,331.35,315.09082,58.200000000000045,41.94082000000003
2017-04-10 09:00:00,22.0,87.75,328.4025,312.7898,55.2525,39.63980000000004
2017-04-10 09:00:00,22.0,88.0,326.93753,312.7841,53.787530000000004,39.634100000000046
2017-04-10 09:00:00,22.0,88.25,326.93753,312.7841,53.787530000000004,39.634100000000046
2017-04-10 09:00:00,22.0,88.5,325.5953,312.32587,52.44530000000003,39.17587000000003
2017-04-10 09:00:00,22.0,88.75,323.92853,311.13113,50.778530000000046,37.98113000000001
2017-04-10 09:00:00,22.0,89.0,323.052,311.12985,49.902000000000044,37.97985
2017-04-10 09:00:00,22.0,89.25,322.79367,311.207,49.64367000000004,38.057000000000016
2017-04-10 09:00:00,22.0,89.5,322.98553,310.6496,49.835530000000006,37.499600000000044
2017-04-10 09:00:00,22.0,89.75,324.8447,310.73907,51.69470000000001,37.58907000000005
2017-04-10 09:00:00,22.0,90.0,327.8924,311.14224,54.74240000000003,37.99224000000004
2017-04-10 09:00:00,21.75,85.5,331.00058,313.4848,57.850580000000036,40.33480000000003
2017-04-10 09:00:00,21.75,85.75,330.48303,313.25012,57.33303000000001,40.100120000000004
2017-04-10 09:00:00,21.75,86.0,330.48303,313.25012,57.33303000000001,40.100120000000004
2017-04-10 09:00:00,21.75,86.25,324.35574,309.5521,51.20574000000005,36.40210000000002
2017-04-10 09:00:00,21.75,86.5,323.6147,308.83926,50.46470000000005,35.68926000000005
2017-04-10 09:00:00,21.75,86.75,330.42245,313.1715,57.27245000000005,40.0215
2017-04-10 09:00:00,21.75,87.0,332.01953,313.7152,58.86953,40.565200000000004
2017-04-10 09:00:00,21.75,87.25,332.2242,314.42047,59.07420000000002,41.270470000000046
2017-04-10 09:00:00,21.75,87.5,330.1686,312.6862,57.01860000000005,39.53620000000001
2017-04-10 09:00:00,21.75,87.75,323.66266,307.76108,50.51266000000004,34.611080000000015
2017-04-10 09:00:00,21.75,88.0,324.56702,308.70013,51.417020000000036,35.550130000000024
2017-04-10 09:00:00,21.75,88.25,324.56702,308.70013,51.417020000000036,35.550130000000024
2017-04-10 09:00:00,21.75,88.5,323.3871,308.54865,50.2371,35.39865000000003
2017-04-10 09:00:00,21.75,88.75,322.47842,307.95694,49.32842000000005,34.80694
2017-04-10 09:00:00,21.75,89.0,326.03958,310.2371,52.889580000000024,37.08710000000002
2017-04-10 09:00:00,21.75,89.25,324.64877,309.17374,51.498770000000036,36.02374000000003
2017-04-10 09:00:00,21.75,89.5,320.14478,305.11606,46.99478000000005,31.966060000000027
2017-04-10 09:00:00,21.75,89.75,321.02853,304.62555,47.87853000000001,31.47555
2017-04-10 09:00:00,21.75,90.0,321.85852,305.29117,48.70852000000002,32.141170000000045
2017-04-10 09:00:00,21.5,85.5,326.96097,311.40082,53.81097,38.25082000000003
2017-04-10 09:00:00,21.5,85.75,325.04755,310.5427,51.897550000000024,37.39270000000005
2017-04-10 09:00:00,21.5,86.0,325.04755,310.5427,51.897550000000024,37.39270000000005
2017-04-10 09:00:00,21.5,86.25,323.6926,310.0263,50.54260000000005,36.876300000000015
2017-04-10 09:00:00,21.5,86.5,325.34753,311.85004,52.19753000000003,38.70004
2017-04-10 09:00:00,21.5,86.75,330.4779,314.94455,57.3279,41.794550000000015
2017-04-10 09:00:00,21.5,87.0,323.465,306.9194,50.315,33.76940000000002
2017-04-10 09:00:00,21.5,87.25,321.82413,304.41287,48.67413000000005,31.26287000000002
2017-04-10 09:00:00,21.5,87.5,321.91028,304.68213,48.76028000000002,31.532129999999995
2017-04-10 09:00:00,21.5,87.75,321.9548,304.3217,48.8048,31.171700000000044
2017-04-10 09:00:00,21.5,88.0,322.12524,305.42435,48.97524000000004,32.27435000000003
2017-04-10 09:00:00,21.5,88.25,322.12524,305.42435,48.97524000000004,32.27435000000003
2017-04-10 09:00:00,21.5,88.5,322.15726,305.5374,49.00726000000003,32.387400000000014
2017-04-10 09:00:00,21.5,88.75,321.91122,304.85995,48.76122000000004,31.70995000000005
2017-04-10 09:00:00,21.5,89.0,321.54202,304.65436,48.39202,31.50436000000002
2017-04-10 09:00:00,21.5,89.25,321.34454,304.42203,48.19454000000002,31.27203000000003
2017-04-10 09:00:00,21.5,89.5,321.54355,304.646,48.393550000000005,31.496000000000038
2017-04-10 09:00:00,21.5,89.75,322.02466,305.58398,48.874660000000006,32.43398000000002
2017-04-10 09:00:00,21.5,90.0,322.50107,306.77203,49.35107000000005,33.622029999999995
2017-04-10 09:00:00,21.25,85.5,328.99014,313.6427,55.84014000000002,40.49270000000001
2017-04-10 09:00:00,21.25,85.75,328.55252,314.15625,55.40252000000004,41.00625000000002
2017-04-10 09:00:00,21.25,86.0,328.55252,314.15625,55.40252000000004,41.00625000000002
2017-04-10 09:00:00,21.25,86.25,328.3638,314.46686,55.21380000000005,41.31686000000002
2017-04-10 09:00:00,21.25,86.5,329.93143,315.75757,56.78143,42.60757000000001
2017-04-10 09:00:00,21.25,86.75,327.8988,314.07834,54.74880000000002,40.92834000000005
2017-04-10 09:00:00,21.25,87.0,322.84644,305.94913,49.696439999999996,32.79913000000005
2017-04-10 09:00:00,21.25,87.25,322.04318,304.25998,48.89318000000003,31.109980000000007
2017-04-10 09:00:00,21.25,87.5,322.32056,305.36884,49.17056000000002,32.21884
2017-04-10 09:00:00,21.25,87.75,322.54883,305.9508,49.39883000000003,32.80080000000004
2017-04-10 09:00:00,21.25,88.0,322.7895,306.2938,49.6395,33.1438
2017-04-10 09:00:00,21.25,88.25,322.7895,306.2938,49.6395,33.1438
2017-04-10 09:00:00,21.25,88.5,322.86874,306.32648,49.718740000000025,33.176480000000026
2017-04-10 09:00:00,21.25,88.75,322.58865,306.3157,49.438649999999996,33.165700000000015
2017-04-10 09:00:00,21.25,89.0,322.06494,305.92508,48.91494,32.77508
2017-04-10 09:00:00,21.25,89.25,321.77313,305.55634,48.62313,32.40634
2017-04-10 09:00:00,21.25,89.5,322.0064,306.10065,48.85640000000001,32.950649999999996
2017-04-10 09:00:00,21.25,89.75,322.4703,306.583,49.32030000000003,33.43300000000005
2017-04-10 09:00:00,21.25,90.0,322.78378,306.93927,49.63378,33.789270000000045
2017-04-10 09:00:00,21.0,85.5,332.4071,316.02502,59.25710000000004,42.875020000000006
2017-04-10 09:00:00,21.0,85.75,331.92822,316.41586,58.77822000000003,43.26586000000003
2017-04-10 09:00:00,21.0,86.0,331.92822,316.41586,58.77822000000003,43.26586000000003
2017-04-10 09:00:00,21.0,86.25,332.80502,316.7062,59.655020000000036,43.55620000000005
2017-04-10 09:00:00,21.0,86.5,332.65753,316.98508,59.50753000000003,43.835080000000005
2017-04-10 09:00:00,21.0,86.75,336.04297,316.06836,62.89297000000005,42.91836000000001
2017-04-10 09:00:00,21.0,87.0,324.89774,307.21545,51.74774000000002,34.06545
2017-04-10 09:00:00,21.0,87.25,322.18042,304.44702,49.03042000000005,31.297020000000032
2017-04-10 09:00:00,21.0,87.5,322.34705,305.04312,49.19705000000005,31.89312000000001
2017-04-10 09:00:00,21.0,87.75,322.55283,305.67172,49.402829999999994,32.521720000000016
2017-04-10 09:00:00,21.0,88.0,322.75607,306.1307,49.606070000000045,32.98070000000001
2017-04-10 09:00:00,21.0,88.25,322.75607,306.1307,49.606070000000045,32.98070000000001
2017-04-10 09:00:00,21.0,88.5,322.78494,306.3851,49.63494000000003,33.235100000000045
2017-04-10 09:00:00,21.0,88.75,322.3185,306.35913,49.168499999999995,33.209130000000016
2017-04-10 09:00:00,21.0,89.0,321.57117,306.39908,48.42117000000002,33.24908000000005
2017-04-10 09:00:00,21.0,89.25,321.24753,306.45563,48.097530000000006,33.30563000000001
2017-04-10 09:00:00,21.0,89.5,321.64465,306.34213,48.494650000000036,33.19213000000002
2017-04-10 09:00:00,21.0,89.75,322.36362,306.43954,49.21362000000005,33.289540000000045
2017-04-10 09:00:00,21.0,90.0,322.82324,306.74268,49.67324000000002,33.59268000000003
2017-04-10 10:00:00,27.5,85.5,320.86212,301.0038,47.71212000000003,27.853800000000035
2017-04-10 10:00:00,27.5,85.75,319.9517,301.95236,46.80170000000004,28.80236000000002
2017-04-10 10:00:00,27.5,86.0,319.9517,301.95236,46.80170000000004,28.80236000000002
2017-04-10 10:00:00,27.5,86.25,319.30173,299.3678,46.15173000000004,26.21780000000001
2017-04-10 10:00:00,27.5,86.5,316.051,296.2689,42.90100000000001,23.118899999999996
2017-04-10 10:00:00,27.5,86.75,312.36612,293.7247,39.216120000000046,20.574700000000007
2017-04-10 10:00:00,27.5,87.0,309.42795,293.6084,36.27795000000003,20.45840000000004
2017-04-10 10:00:00,27.5,87.25,308.95163,296.10236,35.801630000000046,22.95236
2017-04-10 10:00:00,27.5,87.5,307.9233,295.91486,34.773300000000006,22.76486
2017-04-10 10:00:00,27.5,87.75,305.2652,291.2352,32.115200000000016,18.085200000000043
2017-04-10 10:00:00,27.5,88.0,303.83014,288.56345,30.680139999999994,15.413450000000012
2017-04-10 10:00:00,27.5,88.25,303.83014,288.56345,30.680139999999994,15.413450000000012
2017-04-10 10:00:00,27.5,88.5,304.26913,290.50012,31.11913000000004,17.350120000000004
2017-04-10 10:00:00,27.5,88.75,305.25665,290.42212,32.10665,17.27212000000003
2017-04-10 10:00:00,27.5,89.0,306.91312,285.79773,33.763120000000015,12.647730000000024
2017-04-10 10:00:00,27.5,89.25,307.27917,282.74258,34.129170000000045,9.592579999999998
2017-04-10 10:00:00,27.5,89.5,308.33173,285.01495,35.181730000000016,11.864950000000022
2017-04-10 10:00:00,27.5,89.75,304.7998,287.69528,31.649800000000027,14.545280000000048
2017-04-10 10:00:00,27.5,90.0,302.82504,290.6077,29.675040000000024,17.457700000000045
2017-04-10 10:00:00,27.25,85.5,328.15427,309.01312,55.00427000000002,35.86312000000004
2017-04-10 10:00:00,27.25,85.75,326.1896,307.32495,53.03960000000001,34.174950000000024
2017-04-10 10:00:00,27.25,86.0,326.1896,307.32495,53.03960000000001,34.174950000000024
2017-04-10 10:00:00,27.25,86.25,324.88232,304.8287,51.732320000000016,31.67870000000005
2017-04-10 10:00:00,27.25,86.5,321.7639,302.86365,48.6139,29.71365000000003
2017-04-10 10:00:00,27.25,86.75,320.3565,301.40286,47.206500000000005,28.25286
2017-04-10 10:00:00,27.25,87.0,318.58594,299.6853,45.435940000000016,26.535300000000007
2017-04-10 10:00:00,27.25,87.25,317.97342,300.46555,44.82342,27.31555000000003
2017-04-10 10:00:00,27.25,87.5,317.92615,300.28543,44.77615000000003,27.135430000000042
2017-04-10 10:00:00,27.25,87.75,315.68478,296.7817,42.53478000000001,23.631700000000023
2017-04-10 10:00:00,27.25,88.0,313.29697,295.136,40.14697000000001,21.986000000000047
2017-04-10 10:00:00,27.25,88.25,313.29697,295.136,40.14697000000001,21.986000000000047
2017-04-10 10:00:00,27.25,88.5,313.4661,298.0439,40.316100000000006,24.89390000000003
2017-04-10 10:00:00,27.25,88.75,314.12134,299.75113,40.97134,26.601130000000012
2017-04-10 10:00:00,27.25,89.0,313.61017,297.16165,40.460170000000005,24.01165000000003
2017-04-10 10:00:00,27.25,89.25,312.21375,294.11075,39.06375000000003,20.96075000000002
2017-04-10 10:00:00,27.25,89.5,309.027,289.74042,35.87700000000001,16.590419999999995
2017-04-10 10:00:00,27.25,89.75,302.69138,287.2126,29.541380000000004,14.062600000000032
2017-04-10 10:00:00,27.25,90.0,299.80557,288.5752,26.65557000000001,15.425200000000018
2017-04-10 10:00:00,27.0,85.5,328.15427,309.01312,55.00427000000002,35.86312000000004
2017-04-10 10:00:00,27.0,85.75,326.1896,307.32495,53.03960000000001,34.174950000000024
2017-04-10 10:00:00,27.0,86.0,326.1896,307.32495,53.03960000000001,34.174950000000024
2017-04-10 10:00:00,27.0,86.25,324.88232,304.8287,51.732320000000016,31.67870000000005
2017-04-10 10:00:00,27.0,86.5,321.7639,302.86365,48.6139,29.71365000000003
2017-04-10 10:00:00,27.0,86.75,320.3565,301.40286,47.206500000000005,28.25286
2017-04-10 10:00:00,27.0,87.0,318.58594,299.6853,45.435940000000016,26.535300000000007
2017-04-10 10:00:00,27.0,87.25,317.97342,300.46555,44.82342,27.31555000000003
2017-04-10 10:00:00,27.0,87.5,317.92615,300.28543,44.77615000000003,27.135430000000042
2017-04-10 10:00:00,27.0,87.75,315.68478,296.7817,42.53478000000001,23.631700000000023
2017-04-10 10:00:00,27.0,88.0,313.29697,295.136,40.14697000000001,21.986000000000047
2017-04-10 10:00:00,27.0,88.25,313.29697,295.136,40.14697000000001,21.986000000000047
2017-04-10 10:00:00,27.0,88.5,313.4661,298.0439,40.316100000000006,24.89390000000003
2017-04-10 10:00:00,27.0,88.75,314.12134,299.75113,40.97134,26.601130000000012
2017-04-10 10:00:00,27.0,89.0,313.61017,297.16165,40.460170000000005,24.01165000000003
2017-04-10 10:00:00,27.0,89.25,312.21375,294.11075,39.06375000000003,20.96075000000002
2017-04-10 10:00:00,27.0,89.5,309.027,289.74042,35.87700000000001,16.590419999999995
2017-04-10 10:00:00,27.0,89.75,302.69138,287.2126,29.541380000000004,14.062600000000032
2017-04-10 10:00:00,27.0,90.0,299.80557,288.5752,26.65557000000001,15.425200000000018
2017-04-10 10:00:00,26.75,85.5,330.20163,311.04163,57.051630000000046,37.89163000000002
2017-04-10 10:00:00,26.75,85.75,331.22638,311.41898,58.07638000000003,38.26898
2017-04-10 10:00:00,26.75,86.0,331.22638,311.41898,58.07638000000003,38.26898
2017-04-10 10:00:00,26.75,86.25,330.65524,310.68738,57.505240000000015,37.53738000000004
2017-04-10 10:00:00,26.75,86.5,329.4447,309.55524,56.294700000000034,36.40524000000005
2017-04-10 10:00:00,26.75,86.75,327.192,307.7823,54.04200000000003,34.63230000000004
2017-04-10 10:00:00,26.75,87.0,324.9162,305.73505,51.766200000000026,32.585050000000024
2017-04-10 10:00:00,26.75,87.25,323.5243,303.88086,50.374300000000005,30.730860000000007
2017-04-10 10:00:00,26.75,87.5,322.7611,302.62054,49.61110000000002,29.470540000000028
2017-04-10 10:00:00,26.75,87.75,321.4072,301.66068,48.25720000000001,28.510680000000036
2017-04-10 10:00:00,26.75,88.0,320.03958,301.63022,46.889580000000024,28.48022000000003
2017-04-10 10:00:00,26.75,88.25,320.03958,301.63022,46.889580000000024,28.48022000000003
2017-04-10 10:00:00,26.75,88.5,320.1857,303.9464,47.03570000000002,30.796400000000006
2017-04-10 10:00:00,26.75,88.75,321.9191,307.16742,48.76910000000004,34.017420000000016
2017-04-10 10:00:00,26.75,89.0,323.56,307.7077,50.410000000000025,34.55770000000001
2017-04-10 10:00:00,26.75,89.25,322.2858,305.82947,49.13580000000002,32.67947000000004
2017-04-10 10:00:00,26.75,89.5,318.6104,301.6632,45.46040000000005,28.51320000000004
2017-04-10 10:00:00,26.75,89.75,310.87457,297.04218,37.72457000000003,23.892179999999996
2017-04-10 10:00:00,26.75,90.0,308.10657,299.098,34.95657,25.948000000000036
2017-04-10 10:00:00,26.5,85.5,331.0672,311.49228,57.91720000000004,38.34228000000002
2017-04-10 10:00:00,26.5,85.75,330.7345,311.38834,57.58450000000005,38.23834000000005
2017-04-10 10:00:00,26.5,86.0,330.7345,311.38834,57.58450000000005,38.23834000000005
2017-04-10 10:00:00,26.5,86.25,330.352,311.31082,57.202,38.16082
2017-04-10 10:00:00,26.5,86.5,330.62042,310.8778,57.47042000000005,37.7278
2017-04-10 10:00:00,26.5,86.75,330.04877,310.42566,56.89877000000001,37.275660000000016
2017-04-10 10:00:00,26.5,87.0,328.25308,309.89655,55.103080000000034,36.74655000000001
2017-04-10 10:00:00,26.5,87.25,328.99167,309.99335,55.84167000000002,36.843350000000044
2017-04-10 10:00:00,26.5,87.5,329.57153,309.80783,56.42153000000002,36.65783000000005
2017-04-10 10:00:00,26.5,87.75,328.3339,309.32498,55.18390000000005,36.174980000000005
2017-04-10 10:00:00,26.5,88.0,327.0553,308.74243,53.90530000000001,35.592430000000036
2017-04-10 10:00:00,26.5,88.25,327.0553,308.74243,53.90530000000001,35.592430000000036
2017-04-10 10:00:00,26.5,88.5,326.89685,308.62238,53.746849999999995,35.472380000000044
2017-04-10 10:00:00,26.5,88.75,327.31815,309.30826,54.168150000000026,36.15826000000004
2017-04-10 10:00:00,26.5,89.0,327.1691,309.5408,54.01910000000004,36.39080000000001
2017-04-10 10:00:00,26.5,89.25,326.13837,309.74106,52.98837000000003,36.59106000000003
2017-04-10 10:00:00,26.5,89.5,326.1582,309.39972,53.008200000000045,36.249720000000025
2017-04-10 10:00:00,26.5,89.75,322.48987,306.1383,49.33987000000002,32.98830000000004
2017-04-10 10:00:00,26.5,90.0,321.30954,305.64432,48.15954000000005,32.494320000000016
2017-04-10 10:00:00,26.25,85.5,329.85883,311.07034,56.708830000000034,37.92034000000001
2017-04-10 10:00:00,26.25,85.75,329.80084,310.82196,56.65084000000002,37.67196000000001
2017-04-10 10:00:00,26.25,86.0,329.80084,310.82196,56.65084000000002,37.67196000000001
2017-04-10 10:00:00,26.25,86.25,329.82645,310.7761,56.676450000000045,37.62610000000001
2017-04-10 10:00:00,26.25,86.5,329.33365,310.24405,56.18365,37.09405000000004
2017-04-10 10:00:00,26.25,86.75,328.9095,310.09076,55.7595,36.94076000000001
2017-04-10 10:00:00,26.25,87.0,328.4201,309.65732,55.27010000000001,36.50732000000005
2017-04-10 10:00:00,26.25,87.25,328.57816,309.51562,55.42816000000005,36.365620000000035
2017-04-10 10:00:00,26.25,87.5,328.97717,309.4721,55.827170000000024,36.322100000000034
2017-04-10 10:00:00,26.25,87.75,328.85416,309.24286,55.70416,36.09286000000003
2017-04-10 10:00:00,26.25,88.0,328.45227,308.8831,55.30227000000002,35.733100000000036
2017-04-10 10:00:00,26.25,88.25,328.45227,308.8831,55.30227000000002,35.733100000000036
2017-04-10 10:00:00,26.25,88.5,328.04556,308.5513,54.895560000000046,35.40130000000005
2017-04-10 10:00:00,26.25,88.75,327.39352,308.14987,54.243520000000046,34.999870000000044
2017-04-10 10:00:00,26.25,89.0,326.70773,307.50568,53.55773000000005,34.35568000000001
2017-04-10 10:00:00,26.25,89.25,326.13916,307.34476,52.98916000000003,34.19476000000003
2017-04-10 10:00:00,26.25,89.5,325.69092,307.7515,52.54092000000003,34.601500000000044
2017-04-10 10:00:00,26.25,89.75,325.50772,307.07257,52.35772000000003,33.92257000000001
2017-04-10 10:00:00,26.25,90.0,325.66376,305.867,52.51376000000005,32.71700000000004
2017-04-10 10:00:00,26.0,85.5,329.38635,310.68457,56.236350000000016,37.53457000000003
2017-04-10 10:00:00,26.0,85.75,329.86807,310.9441,56.71807000000001,37.794100000000014
2017-04-10 10:00:00,26.0,86.0,329.86807,310.9441,56.71807000000001,37.794100000000014
2017-04-10 10:00:00,26.0,86.25,329.6604,310.63007,56.510400000000004,37.48007000000001
2017-04-10 10:00:00,26.0,86.5,328.4819,309.8978,55.33190000000002,36.74780000000004
2017-04-10 10:00:00,26.0,86.75,328.81592,309.92212,55.66592000000003,36.77212000000003
2017-04-10 10:00:00,26.0,87.0,328.15756,309.36102,55.00756000000001,36.21102000000002
2017-04-10 10:00:00,26.0,87.25,328.20712,309.3064,55.05712,36.15640000000002
2017-04-10 10:00:00,26.0,87.5,328.92706,309.55026,55.777060000000006,36.40026
2017-04-10 10:00:00,26.0,87.75,329.18127,309.47092,56.031270000000006,36.32092
2017-04-10 10:00:00,26.0,88.0,328.95926,309.11874,55.809259999999995,35.968740000000025
2017-04-10 10:00:00,26.0,88.25,328.95926,309.11874,55.809259999999995,35.968740000000025
2017-04-10 10:00:00,26.0,88.5,328.47125,308.59824,55.32125000000002,35.44824
2017-04-10 10:00:00,26.0,88.75,327.84036,308.12708,54.69036,34.97708
2017-04-10 10:00:00,26.0,89.0,327.40082,308.0243,54.25082000000003,34.874300000000005
2017-04-10 10:00:00,26.0,89.25,326.50342,307.73544,53.35342000000003,34.585440000000006
2017-04-10 10:00:00,26.0,89.5,326.03894,307.44363,52.88894000000005,34.29363000000001
2017-04-10 10:00:00,26.0,89.75,325.50415,306.70126,52.354150000000004,33.55126000000001
2017-04-10 10:00:00,26.0,90.0,325.12708,305.70032,51.97708,32.55032
2017-04-10 10:00:00,25.75,85.5,328.19672,310.0535,55.04672000000005,36.90350000000001
2017-04-10 10:00:00,25.75,85.75,328.91937,310.3117,55.76937000000004,37.161699999999996
2017-04-10 10:00:00,25.75,86.0,328.91937,310.3117,55.76937000000004,37.161699999999996
2017-04-10 10:00:00,25.75,86.25,329.20776,310.62766,56.05776000000003,37.477660000000014
2017-04-10 10:00:00,25.75,86.5,328.94785,310.39676,55.79785000000004,37.246759999999995
2017-04-10 10:00:00,25.75,86.75,329.0703,310.40985,55.9203,37.25985000000003
2017-04-10 10:00:00,25.75,87.0,328.5527,309.84662,55.40270000000004,36.696619999999996
2017-04-10 10:00:00,25.75,87.25,328.29303,309.49152,55.14303000000001,36.34152
2017-04-10 10:00:00,25.75,87.5,328.04407,309.17297,54.89407,36.02297000000004
2017-04-10 10:00:00,25.75,87.75,328.03006,308.96246,54.880060000000014,35.812460000000044
2017-04-10 10:00:00,25.75,88.0,328.16223,308.9369,55.012230000000045,35.7869
2017-04-10 10:00:00,25.75,88.25,328.16223,308.9369,55.012230000000045,35.7869
2017-04-10 10:00:00,25.75,88.5,327.89374,308.73688,54.74374,35.58688000000001
2017-04-10 10:00:00,25.75,88.75,327.17593,308.36594,54.02593000000002,35.215940000000046
2017-04-10 10:00:00,25.75,89.0,326.22214,308.18707,53.07214000000005,35.03707000000003
2017-04-10 10:00:00,25.75,89.25,325.7548,308.11835,52.60480000000001,34.968350000000044
2017-04-10 10:00:00,25.75,89.5,325.27682,307.69022,52.12682000000001,34.54022000000003
2017-04-10 10:00:00,25.75,89.75,324.70105,307.32233,51.55105000000003,34.172330000000045
2017-04-10 10:00:00,25.75,90.0,325.03262,305.55545,51.88262000000003,32.40545000000003
2017-04-10 10:00:00,25.5,85.5,328.61368,310.20132,55.46368000000001,37.05132000000003
2017-04-10 10:00:00,25.5,85.75,327.88025,309.9764,54.73025000000001,36.826400000000035
2017-04-10 10:00:00,25.5,86.0,327.88025,309.9764,54.73025000000001,36.826400000000035
2017-04-10 10:00:00,25.5,86.25,328.5414,310.14587,55.39140000000003,36.995870000000025
2017-04-10 10:00:00,25.5,86.5,328.54623,310.1813,55.39623,37.031300000000044
2017-04-10 10:00:00,25.5,86.75,328.59747,310.27527,55.44747000000001,37.12527
2017-04-10 10:00:00,25.5,87.0,328.26782,310.02,55.117819999999995,36.870000000000005
2017-04-10 10:00:00,25.5,87.25,327.6643,309.53003,54.51430000000005,36.38003000000003
2017-04-10 10:00:00,25.5,87.5,327.46503,309.3348,54.315030000000036,36.184799999999996
2017-04-10 10:00:00,25.5,87.75,328.069,309.51474,54.91900000000004,36.36474000000004
2017-04-10 10:00:00,25.5,88.0,328.36105,309.33536,55.21105,36.18536
2017-04-10 10:00:00,25.5,88.25,328.36105,309.33536,55.21105,36.18536
2017-04-10 10:00:00,25.5,88.5,328.08,308.7498,54.93000000000001,35.599800000000016
2017-04-10 10:00:00,25.5,88.75,328.02386,308.44772,54.873860000000036,35.29772000000003
2017-04-10 10:00:00,25.5,89.0,327.395,308.3818,54.245000000000005,35.23180000000002
2017-04-10 10:00:00,25.5,89.25,326.3208,308.5699,53.17080000000004,35.41990000000004
2017-04-10 10:00:00,25.5,89.5,325.56384,308.47623,52.41384000000005,35.32623000000001
2017-04-10 10:00:00,25.5,89.75,324.84537,308.3475,51.695370000000025,35.19750000000005
2017-04-10 10:00:00,25.5,90.0,325.86975,307.1239,52.71975000000003,33.973900000000015
2017-04-10 10:00:00,25.25,85.5,329.27457,310.21686,56.124570000000006,37.06686000000002
2017-04-10 10:00:00,25.25,85.75,329.09332,310.21912,55.94332000000003,37.06912
2017-04-10 10:00:00,25.25,86.0,329.09332,310.21912,55.94332000000003,37.06912
2017-04-10 10:00:00,25.25,86.25,328.96762,309.7812,55.81762000000003,36.631200000000035
2017-04-10 10:00:00,25.25,86.5,328.4753,309.50638,55.32530000000003,36.35638
2017-04-10 10:00:00,25.25,86.75,328.57986,309.5229,55.42986000000002,36.372900000000016
2017-04-10 10:00:00,25.25,87.0,328.66943,309.89322,55.51943,36.74322000000001
2017-04-10 10:00:00,25.25,87.25,329.021,310.01886,55.87100000000004,36.86886000000004
2017-04-10 10:00:00,25.25,87.5,328.19708,309.42316,55.04708000000005,36.27316000000002
2017-04-10 10:00:00,25.25,87.75,327.16013,309.21277,54.010130000000004,36.06277
2017-04-10 10:00:00,25.25,88.0,327.5263,309.42538,54.376300000000015,36.27538000000004
2017-04-10 10:00:00,25.25,88.25,327.5263,309.42538,54.376300000000015,36.27538000000004
2017-04-10 10:00:00,25.25,88.5,328.1926,309.25314,55.04260000000005,36.103139999999996
2017-04-10 10:00:00,25.25,88.75,327.91937,308.9518,54.76937000000004,35.801800000000014
2017-04-10 10:00:00,25.25,89.0,327.43472,308.89584,54.28472000000005,35.745840000000044
2017-04-10 10:00:00,25.25,89.25,326.50613,309.23843,53.35613000000001,36.08843000000002
2017-04-10 10:00:00,25.25,89.5,326.01196,309.44736,52.86196000000001,36.297360000000026
2017-04-10 10:00:00,25.25,89.75,325.34995,309.03308,52.19995,35.88308000000001
2017-04-10 10:00:00,25.25,90.0,325.79996,309.11343,52.64996000000002,35.96343000000002
2017-04-10 10:00:00,25.0,85.5,330.10803,310.33524,56.95803000000001,37.18524000000002
2017-04-10 10:00:00,25.0,85.75,328.91226,309.5765,55.762260000000026,36.42650000000003
2017-04-10 10:00:00,25.0,86.0,328.91226,309.5765,55.762260000000026,36.42650000000003
2017-04-10 10:00:00,25.0,86.25,328.6324,309.06302,55.48240000000004,35.91302000000002
2017-04-10 10:00:00,25.0,86.5,329.337,309.37094,56.18700000000001,36.22094000000004
2017-04-10 10:00:00,25.0,86.75,328.9036,309.43817,55.753600000000006,36.28817000000004
2017-04-10 10:00:00,25.0,87.0,329.0174,309.61484,55.86740000000003,36.46484000000004
2017-04-10 10:00:00,25.0,87.25,328.8743,309.58533,55.72430000000003,36.43533000000002
2017-04-10 10:00:00,25.0,87.5,328.2714,309.462,55.12140000000005,36.31200000000001
2017-04-10 10:00:00,25.0,87.75,327.6399,309.74744,54.489900000000034,36.597440000000006
2017-04-10 10:00:00,25.0,88.0,327.7562,310.1266,54.6062,36.97660000000002
2017-04-10 10:00:00,25.0,88.25,327.7562,310.1266,54.6062,36.97660000000002
2017-04-10 10:00:00,25.0,88.5,328.577,309.96063,55.42700000000002,36.81063
2017-04-10 10:00:00,25.0,88.75,328.8109,309.73047,55.66090000000003,36.58047000000005
2017-04-10 10:00:00,25.0,89.0,328.0679,310.02927,54.91790000000003,36.87927000000002
2017-04-10 10:00:00,25.0,89.25,327.32227,309.9123,54.172270000000026,36.76230000000004
2017-04-10 10:00:00,25.0,89.5,326.49466,309.83035,53.34466000000003,36.68035000000003
2017-04-10 10:00:00,25.0,89.75,325.85428,309.10886,52.70428000000004,35.958860000000016
2017-04-10 10:00:00,25.0,90.0,326.4384,309.30615,53.288400000000024,36.156150000000025
2017-04-10 10:00:00,24.75,85.5,330.10803,310.33524,56.95803000000001,37.18524000000002
2017-04-10 10:00:00,24.75,85.75,328.91226,309.5765,55.762260000000026,36.42650000000003
2017-04-10 10:00:00,24.75,86.0,328.91226,309.5765,55.762260000000026,36.42650000000003
2017-04-10 10:00:00,24.75,86.25,328.6324,309.06302,55.48240000000004,35.91302000000002
2017-04-10 10:00:00,24.75,86.5,329.337,309.37094,56.18700000000001,36.22094000000004
2017-04-10 10:00:00,24.75,86.75,328.9036,309.43817,55.753600000000006,36.28817000000004
2017-04-10 10:00:00,24.75,87.0,329.0174,309.61484,55.86740000000003,36.46484000000004
2017-04-10 10:00:00,24.75,87.25,328.8743,309.58533,55.72430000000003,36.43533000000002
2017-04-10 10:00:00,24.75,87.5,328.2714,309.462,55.12140000000005,36.31200000000001
2017-04-10 10:00:00,24.75,87.75,327.6399,309.74744,54.489900000000034,36.597440000000006
2017-04-10 10:00:00,24.75,88.0,327.7562,310.1266,54.6062,36.97660000000002
2017-04-10 10:00:00,24.75,88.25,327.7562,310.1266,54.6062,36.97660000000002
2017-04-10 10:00:00,24.75,88.5,328.577,309.96063,55.42700000000002,36.81063
2017-04-10 10:00:00,24.75,88.75,328.8109,309.73047,55.66090000000003,36.58047000000005
2017-04-10 10:00:00,24.75,89.0,328.0679,310.02927,54.91790000000003,36.87927000000002
2017-04-10 10:00:00,24.75,89.25,327.32227,309.9123,54.172270000000026,36.76230000000004
2017-04-10 10:00:00,24.75,89.5,326.49466,309.83035,53.34466000000003,36.68035000000003
2017-04-10 10:00:00,24.75,89.75,325.85428,309.10886,52.70428000000004,35.958860000000016
2017-04-10 10:00:00,24.75,90.0,326.4384,309.30615,53.288400000000024,36.156150000000025
2017-04-10 10:00:00,24.5,85.5,327.7909,308.55228,54.640900000000045,35.40228000000002
2017-04-10 10:00:00,24.5,85.75,328.85907,308.9222,55.70907,35.7722
2017-04-10 10:00:00,24.5,86.0,328.85907,308.9222,55.70907,35.7722
2017-04-10 10:00:00,24.5,86.25,328.58618,308.48117,55.436180000000036,35.33117000000004
2017-04-10 10:00:00,24.5,86.5,329.08017,308.85992,55.93017000000003,35.70992000000001
2017-04-10 10:00:00,24.5,86.75,329.0671,309.14978,55.917100000000005,35.999780000000044
2017-04-10 10:00:00,24.5,87.0,329.05396,309.31815,55.90396000000004,36.168150000000026
2017-04-10 10:00:00,24.5,87.25,328.6654,309.215,55.5154,36.065
2017-04-10 10:00:00,24.5,87.5,328.08105,309.32275,54.93105000000003,36.17275000000001
2017-04-10 10:00:00,24.5,87.75,328.10556,310.03613,54.95556000000005,36.88613000000004
2017-04-10 10:00:00,24.5,88.0,328.34198,310.58746,55.19198,37.437460000000044
2017-04-10 10:00:00,24.5,88.25,328.34198,310.58746,55.19198,37.437460000000044
2017-04-10 10:00:00,24.5,88.5,328.58975,310.47708,55.439750000000004,37.327080000000024
2017-04-10 10:00:00,24.5,88.75,328.5924,310.29688,55.44240000000002,37.14688000000001
2017-04-10 10:00:00,24.5,89.0,327.2831,310.29898,54.13310000000001,37.148979999999995
2017-04-10 10:00:00,24.5,89.25,326.8278,310.38214,53.67780000000005,37.232140000000015
2017-04-10 10:00:00,24.5,89.5,326.71863,310.2626,53.56863000000004,37.11260000000004
2017-04-10 10:00:00,24.5,89.75,326.09937,309.5962,52.949370000000044,36.44620000000003
2017-04-10 10:00:00,24.5,90.0,326.9082,309.18143,53.758200000000045,36.03143
2017-04-10 10:00:00,24.25,85.5,327.7945,307.5181,54.64450000000005,34.36810000000003
2017-04-10 10:00:00,24.25,85.75,328.69086,307.99194,55.54086000000001,34.84194000000002
2017-04-10 10:00:00,24.25,86.0,328.69086,307.99194,55.54086000000001,34.84194000000002
2017-04-10 10:00:00,24.25,86.25,329.61493,308.65924,56.46493000000004,35.509240000000034
2017-04-10 10:00:00,24.25,86.5,329.70874,309.04755,56.55874,35.897550000000024
2017-04-10 10:00:00,24.25,86.75,329.36713,309.3622,56.21713,36.212199999999996
2017-04-10 10:00:00,24.25,87.0,329.5607,309.87903,56.41070000000002,36.72903000000002
2017-04-10 10:00:00,24.25,87.25,329.20392,310.0659,56.053920000000005,36.91590000000002
2017-04-10 10:00:00,24.25,87.5,328.8521,310.43582,55.70210000000003,37.28582
2017-04-10 10:00:00,24.25,87.75,329.3157,310.93604,56.165700000000015,37.786040000000014
2017-04-10 10:00:00,24.25,88.0,329.69943,311.28305,56.54943000000003,38.133050000000026
2017-04-10 10:00:00,24.25,88.25,329.69943,311.28305,56.54943000000003,38.133050000000026
2017-04-10 10:00:00,24.25,88.5,329.25128,311.32153,56.10128000000003,38.17153000000002
2017-04-10 10:00:00,24.25,88.75,328.21588,310.87817,55.06588000000005,37.728170000000034
2017-04-10 10:00:00,24.25,89.0,327.0295,310.4976,53.87950000000001,37.3476
2017-04-10 10:00:00,24.25,89.25,327.08612,310.73593,53.93612000000002,37.58593000000002
2017-04-10 10:00:00,24.25,89.5,326.9193,310.6826,53.769300000000044,37.5326
2017-04-10 10:00:00,24.25,89.75,326.36542,310.1452,53.215419999999995,36.99520000000001
2017-04-10 10:00:00,24.25,90.0,327.40082,310.05338,54.25082000000003,36.90338000000003
2017-04-10 10:00:00,24.0,85.5,327.15317,306.5619,54.00317000000001,33.4119
2017-04-10 10:00:00,24.0,85.75,327.63144,307.89624,54.48144000000002,34.74624
2017-04-10 10:00:00,24.0,86.0,327.63144,307.89624,54.48144000000002,34.74624
2017-04-10 10:00:00,24.0,86.25,328.3223,308.77673,55.17230000000001,35.62673000000001
2017-04-10 10:00:00,24.0,86.5,328.59607,309.20035,55.44607000000002,36.05035000000004
2017-04-10 10:00:00,24.0,86.75,328.6894,309.5648,55.5394,36.414800000000014
2017-04-10 10:00:00,24.0,87.0,329.52267,310.3963,56.37267000000003,37.24630000000002
2017-04-10 10:00:00,24.0,87.25,329.13223,310.579,55.982230000000015,37.42900000000003
2017-04-10 10:00:00,24.0,87.5,329.5116,311.17603,56.36160000000001,38.02603000000005
2017-04-10 10:00:00,24.0,87.75,330.40872,312.21198,57.25872000000004,39.061980000000005
2017-04-10 10:00:00,24.0,88.0,329.99646,312.34274,56.846460000000036,39.192740000000015
2017-04-10 10:00:00,24.0,88.25,329.99646,312.34274,56.846460000000036,39.192740000000015
2017-04-10 10:00:00,24.0,88.5,329.20685,311.90268,56.05685,38.75268
2017-04-10 10:00:00,24.0,88.75,329.15726,311.8713,56.00726000000003,38.72130000000004
2017-04-10 10:00:00,24.0,89.0,328.44266,311.52127,55.29266000000001,38.37127000000004
2017-04-10 10:00:00,24.0,89.25,327.3236,311.0522,54.17360000000002,37.90220000000005
2017-04-10 10:00:00,24.0,89.5,327.47214,310.8881,54.32214000000005,37.73810000000003
2017-04-10 10:00:00,24.0,89.75,326.68027,310.4754,53.53027000000003,37.3254
2017-04-10 10:00:00,24.0,90.0,327.61212,310.50305,54.46212000000003,37.353049999999996
2017-04-10 10:00:00,23.75,85.5,328.00198,308.232,54.851980000000026,35.08200000000005
2017-04-10 10:00:00,23.75,85.75,326.84344,308.39618,53.69344000000001,35.24618000000004
2017-04-10 10:00:00,23.75,86.0,326.84344,308.39618,53.69344000000001,35.24618000000004
2017-04-10 10:00:00,23.75,86.25,328.63586,310.08896,55.48586,36.93896000000001
2017-04-10 10:00:00,23.75,86.5,329.78363,311.09,56.63363000000004,37.94
2017-04-10 10:00:00,23.75,86.75,328.33133,310.71118,55.18133,37.561180000000036
2017-04-10 10:00:00,23.75,87.0,328.57294,310.74765,55.42294000000004,37.597650000000044
2017-04-10 10:00:00,23.75,87.25,328.9869,310.94128,55.836900000000014,37.79128000000003
2017-04-10 10:00:00,23.75,87.5,330.02664,311.7259,56.87664000000001,38.57590000000005
2017-04-10 10:00:00,23.75,87.75,330.81033,312.20572,57.660330000000044,39.05572000000001
2017-04-10 10:00:00,23.75,88.0,330.16803,312.13947,57.01803000000001,38.98947000000004
2017-04-10 10:00:00,23.75,88.25,330.16803,312.13947,57.01803000000001,38.98947000000004
2017-04-10 10:00:00,23.75,88.5,329.20557,312.13367,56.055570000000046,38.98367000000002
2017-04-10 10:00:00,23.75,88.75,328.96265,311.9859,55.81265000000002,38.83590000000004
2017-04-10 10:00:00,23.75,89.0,328.83835,311.65973,55.688350000000014,38.50973000000005
2017-04-10 10:00:00,23.75,89.25,328.53387,311.30338,55.38387,38.15338000000003
2017-04-10 10:00:00,23.75,89.5,328.2839,311.25424,55.13390000000004,38.104240000000004
2017-04-10 10:00:00,23.75,89.75,327.40298,310.75766,54.252980000000036,37.60766000000001
2017-04-10 10:00:00,23.75,90.0,326.79462,310.41364,53.64462000000003,37.26364000000001
2017-04-10 10:00:00,23.5,85.5,327.34106,307.84848,54.19106000000005,34.69848000000002
2017-04-10 10:00:00,23.5,85.75,328.65158,309.63425,55.50158000000005,36.48425000000003
2017-04-10 10:00:00,23.5,86.0,328.65158,309.63425,55.50158000000005,36.48425000000003
2017-04-10 10:00:00,23.5,86.25,330.32202,310.95724,57.17202000000003,37.807240000000036
2017-04-10 10:00:00,23.5,86.5,330.59222,311.43616,57.44222000000002,38.286159999999995
2017-04-10 10:00:00,23.5,86.75,329.7091,311.31744,56.5591,38.16744
2017-04-10 10:00:00,23.5,87.0,329.54092,311.50665,56.39092000000005,38.35665
2017-04-10 10:00:00,23.5,87.25,329.27734,311.66595,56.127340000000004,38.51595000000003
2017-04-10 10:00:00,23.5,87.5,329.71368,311.92978,56.56368000000003,38.77978000000002
2017-04-10 10:00:00,23.5,87.75,330.204,312.10095,57.05400000000003,38.950950000000034
2017-04-10 10:00:00,23.5,88.0,329.78778,312.19797,56.63778000000002,39.04797000000002
2017-04-10 10:00:00,23.5,88.25,329.78778,312.19797,56.63778000000002,39.04797000000002
2017-04-10 10:00:00,23.5,88.5,329.1381,312.30087,55.98810000000003,39.15087
2017-04-10 10:00:00,23.5,88.75,328.86923,312.13547,55.71923000000004,38.98547000000002
2017-04-10 10:00:00,23.5,89.0,328.7173,311.82904,55.567300000000046,38.67904000000004
2017-04-10 10:00:00,23.5,89.25,328.6601,311.5379,55.51010000000002,38.3879
2017-04-10 10:00:00,23.5,89.5,328.1167,311.39078,54.9667,38.24078000000003
2017-04-10 10:00:00,23.5,89.75,327.96445,311.4597,54.81445000000002,38.30970000000002
2017-04-10 10:00:00,23.5,90.0,327.5193,311.56577,54.36930000000001,38.41577000000001
2017-04-10 10:00:00,23.25,85.5,329.62943,310.23044,56.479430000000036,37.08044000000001
2017-04-10 10:00:00,23.25,85.75,331.168,311.97284,58.01800000000003,38.82284000000004
2017-04-10 10:00:00,23.25,86.0,331.168,311.97284,58.01800000000003,38.82284000000004
2017-04-10 10:00:00,23.25,86.25,330.68604,311.84668,57.536040000000014,38.696680000000015
2017-04-10 10:00:00,23.25,86.5,330.86655,312.0091,57.71655000000004,38.85910000000001
2017-04-10 10:00:00,23.25,86.75,331.3371,312.69327,58.187100000000044,39.54327000000001
2017-04-10 10:00:00,23.25,87.0,331.23422,313.00793,58.084220000000016,39.85793000000001
2017-04-10 10:00:00,23.25,87.25,331.36658,313.2737,58.21658000000002,40.12370000000004
2017-04-10 10:00:00,23.25,87.5,331.35648,313.2886,58.20648,40.1386
2017-04-10 10:00:00,23.25,87.75,331.00137,313.17432,57.85137000000003,40.024320000000046
2017-04-10 10:00:00,23.25,88.0,330.74774,313.23947,57.597740000000044,40.089470000000006
2017-04-10 10:00:00,23.25,88.25,330.74774,313.23947,57.597740000000044,40.089470000000006
2017-04-10 10:00:00,23.25,88.5,330.34796,313.24658,57.19796000000002,40.09658000000002
2017-04-10 10:00:00,23.25,88.75,329.68387,312.9684,56.533870000000036,39.8184
2017-04-10 10:00:00,23.25,89.0,329.63824,312.75134,56.48824000000002,39.60134000000005
2017-04-10 10:00:00,23.25,89.25,329.64758,312.7215,56.49758000000003,39.571500000000015
2017-04-10 10:00:00,23.25,89.5,329.08527,312.55737,55.93527,39.407370000000014
2017-04-10 10:00:00,23.25,89.75,328.42578,312.6181,55.27578,39.46810000000005
2017-04-10 10:00:00,23.25,90.0,328.77676,312.67502,55.62676000000005,39.52502000000004
2017-04-10 10:00:00,23.0,85.5,330.21387,311.80215,57.06387000000001,38.652150000000006
2017-04-10 10:00:00,23.0,85.75,331.25955,313.3,58.10955000000001,40.150000000000034
2017-04-10 10:00:00,23.0,86.0,331.25955,313.3,58.10955000000001,40.150000000000034
2017-04-10 10:00:00,23.0,86.25,331.08087,313.4869,57.93087000000003,40.336900000000014
2017-04-10 10:00:00,23.0,86.5,330.61874,313.1009,57.468740000000025,39.95090000000005
2017-04-10 10:00:00,23.0,86.75,329.53467,312.9631,56.38467000000003,39.81310000000002
2017-04-10 10:00:00,23.0,87.0,330.16452,313.27203,57.014520000000005,40.122029999999995
2017-04-10 10:00:00,23.0,87.25,331.3194,313.7376,58.169399999999996,40.58760000000001
2017-04-10 10:00:00,23.0,87.5,332.0228,314.0499,58.87280000000004,40.8999
2017-04-10 10:00:00,23.0,87.75,332.26413,314.36423,59.114130000000046,41.21423000000004
2017-04-10 10:00:00,23.0,88.0,332.035,314.5447,58.88500000000005,41.3947
2017-04-10 10:00:00,23.0,88.25,332.035,314.5447,58.88500000000005,41.3947
2017-04-10 10:00:00,23.0,88.5,331.20123,314.32227,58.05123000000003,41.172270000000026
2017-04-10 10:00:00,23.0,88.75,330.20752,313.83246,57.05752000000001,40.68246000000005
2017-04-10 10:00:00,23.0,89.0,329.83972,313.3615,56.68972000000002,40.2115
2017-04-10 10:00:00,23.0,89.25,329.53867,313.19968,56.38867000000005,40.04968000000002
2017-04-10 10:00:00,23.0,89.5,328.55484,312.85406,55.404840000000036,39.70406000000003
2017-04-10 10:00:00,23.0,89.75,329.13068,313.21143,55.98068000000001,40.06143000000003
2017-04-10 10:00:00,23.0,90.0,328.43317,312.8154,55.28317000000004,39.665400000000034
2017-04-10 10:00:00,22.75,85.5,331.69632,313.75293,58.54632000000004,40.602930000000015
2017-04-10 10:00:00,22.75,85.75,333.45065,315.24615,60.30065000000002,42.09615000000002
2017-04-10 10:00:00,22.75,86.0,333.45065,315.24615,60.30065000000002,42.09615000000002
2017-04-10 10:00:00,22.75,86.25,332.7565,314.9754,59.60650000000004,41.8254
2017-04-10 10:00:00,22.75,86.5,330.01822,313.59982,56.86822000000001,40.449820000000045
2017-04-10 10:00:00,22.75,86.75,329.51965,313.01047,56.369650000000036,39.86047000000002
2017-04-10 10:00:00,22.75,87.0,329.72452,313.436,56.57452000000001,40.286
2017-04-10 10:00:00,22.75,87.25,330.68686,314.0367,57.53686000000005,40.88670000000002
2017-04-10 10:00:00,22.75,87.5,330.56177,314.4443,57.41177000000005,41.29430000000002
2017-04-10 10:00:00,22.75,87.75,330.72656,314.61258,57.57656000000003,41.46258
2017-04-10 10:00:00,22.75,88.0,330.08533,314.24918,56.93533000000002,41.09918000000005
2017-04-10 10:00:00,22.75,88.25,330.08533,314.24918,56.93533000000002,41.09918000000005
2017-04-10 10:00:00,22.75,88.5,329.21237,313.74658,56.062370000000044,40.59658000000002
2017-04-10 10:00:00,22.75,88.75,328.19922,313.25073,55.04922000000005,40.10073
2017-04-10 10:00:00,22.75,89.0,326.7154,312.73596,53.56540000000001,39.58596
2017-04-10 10:00:00,22.75,89.25,325.70776,312.2093,52.55776000000003,39.05930000000001
2017-04-10 10:00:00,22.75,89.5,326.62827,312.2353,53.47827000000001,39.08530000000002
2017-04-10 10:00:00,22.75,89.75,328.46323,312.76913,55.31323000000003,39.61913000000004
2017-04-10 10:00:00,22.75,90.0,327.94635,312.0859,54.79635000000002,38.935900000000004
2017-04-10 10:00:00,22.5,85.5,331.69632,313.75293,58.54632000000004,40.602930000000015
2017-04-10 10:00:00,22.5,85.75,333.45065,315.24615,60.30065000000002,42.09615000000002
2017-04-10 10:00:00,22.5,86.0,333.45065,315.24615,60.30065000000002,42.09615000000002
2017-04-10 10:00:00,22.5,86.25,332.7565,314.9754,59.60650000000004,41.8254
2017-04-10 10:00:00,22.5,86.5,330.01822,313.59982,56.86822000000001,40.449820000000045
2017-04-10 10:00:00,22.5,86.75,329.51965,313.01047,56.369650000000036,39.86047000000002
2017-04-10 10:00:00,22.5,87.0,329.72452,313.436,56.57452000000001,40.286
2017-04-10 10:00:00,22.5,87.25,330.68686,314.0367,57.53686000000005,40.88670000000002
2017-04-10 10:00:00,22.5,87.5,330.56177,314.4443,57.41177000000005,41.29430000000002
2017-04-10 10:00:00,22.5,87.75,330.72656,314.61258,57.57656000000003,41.46258
2017-04-10 10:00:00,22.5,88.0,330.08533,314.24918,56.93533000000002,41.09918000000005
2017-04-10 10:00:00,22.5,88.25,330.08533,314.24918,56.93533000000002,41.09918000000005
2017-04-10 10:00:00,22.5,88.5,329.21237,313.74658,56.062370000000044,40.59658000000002
2017-04-10 10:00:00,22.5,88.75,328.19922,313.25073,55.04922000000005,40.10073
2017-04-10 10:00:00,22.5,89.0,326.7154,312.73596,53.56540000000001,39.58596
2017-04-10 10:00:00,22.5,89.25,325.70776,312.2093,52.55776000000003,39.05930000000001
2017-04-10 10:00:00,22.5,89.5,326.62827,312.2353,53.47827000000001,39.08530000000002
2017-04-10 10:00:00,22.5,89.75,328.46323,312.76913,55.31323000000003,39.61913000000004
2017-04-10 10:00:00,22.5,90.0,327.94635,312.0859,54.79635000000002,38.935900000000004
2017-04-10 10:00:00,22.25,85.5,332.59555,314.2354,59.445550000000026,41.08540000000005
2017-04-10 10:00:00,22.25,85.75,332.6148,314.70554,59.464800000000025,41.55554000000001
2017-04-10 10:00:00,22.25,86.0,332.6148,314.70554,59.464800000000025,41.55554000000001
2017-04-10 10:00:00,22.25,86.25,331.60562,314.51227,58.45562000000001,41.362270000000024
2017-04-10 10:00:00,22.25,86.5,328.02057,312.92233,54.87057000000004,39.77233000000001
2017-04-10 10:00:00,22.25,86.75,328.35083,313.55096,55.200829999999996,40.40096
2017-04-10 10:00:00,22.25,87.0,327.33218,313.39374,54.18218000000002,40.24374
2017-04-10 10:00:00,22.25,87.25,328.45593,314.0629,55.305930000000046,40.912900000000036
2017-04-10 10:00:00,22.25,87.5,328.76062,314.32074,55.61062000000004,41.17074000000002
2017-04-10 10:00:00,22.25,87.75,327.5767,313.26114,54.42670000000004,40.111140000000034
2017-04-10 10:00:00,22.25,88.0,328.28748,313.47446,55.13748000000004,40.324460000000045
2017-04-10 10:00:00,22.25,88.25,328.28748,313.47446,55.13748000000004,40.324460000000045
2017-04-10 10:00:00,22.25,88.5,329.2529,313.74133,56.102900000000034,40.59133000000003
2017-04-10 10:00:00,22.25,88.75,327.9422,312.79453,54.79220000000004,39.64453000000003
2017-04-10 10:00:00,22.25,89.0,325.3606,311.69315,52.2106,38.543150000000026
2017-04-10 10:00:00,22.25,89.25,323.69565,310.9507,50.54565000000002,37.800700000000006
2017-04-10 10:00:00,22.25,89.5,324.05948,310.96463,50.90948000000003,37.81463000000002
2017-04-10 10:00:00,22.25,89.75,326.18292,311.83353,53.03292000000005,38.68353000000002
2017-04-10 10:00:00,22.25,90.0,327.90933,311.75797,54.759330000000034,38.60797000000002
2017-04-10 10:00:00,22.0,85.5,330.74197,313.2037,57.59197,40.05370000000005
2017-04-10 10:00:00,22.0,85.75,330.2639,313.28192,57.1139,40.13192000000004
2017-04-10 10:00:00,22.0,86.0,330.2639,313.28192,57.1139,40.13192000000004
2017-04-10 10:00:00,22.0,86.25,328.2309,312.02206,55.08090000000004,38.87206000000003
2017-04-10 10:00:00,22.0,86.5,325.42612,309.9809,52.27612000000005,36.83090000000004
2017-04-10 10:00:00,22.0,86.75,327.45792,313.2022,54.307920000000024,40.05220000000003
2017-04-10 10:00:00,22.0,87.0,326.44244,313.44662,53.29244,40.29662000000002
2017-04-10 10:00:00,22.0,87.25,326.56693,313.33792,53.416930000000036,40.18792000000002
2017-04-10 10:00:00,22.0,87.5,325.76514,311.43463,52.61514,38.28463000000005
2017-04-10 10:00:00,22.0,87.75,325.1703,309.7993,52.02030000000002,36.64930000000004
2017-04-10 10:00:00,22.0,88.0,326.71182,311.57382,53.56182000000001,38.423820000000035
2017-04-10 10:00:00,22.0,88.25,326.71182,311.57382,53.56182000000001,38.423820000000035
2017-04-10 10:00:00,22.0,88.5,327.25235,312.24084,54.10235,39.090840000000014
2017-04-10 10:00:00,22.0,88.75,325.47614,311.14233,52.32614000000001,37.99233000000004
2017-04-10 10:00:00,22.0,89.0,323.50073,311.09103,50.35073,37.94103000000001
2017-04-10 10:00:00,22.0,89.25,322.49188,310.87695,49.34188,37.726950000000045
2017-04-10 10:00:00,22.0,89.5,322.4995,309.5149,49.349500000000035,36.364900000000034
2017-04-10 10:00:00,22.0,89.75,324.2045,309.18256,51.05450000000002,36.032560000000046
2017-04-10 10:00:00,22.0,90.0,326.44138,309.70166,53.291380000000004,36.55166000000003
2017-04-10 10:00:00,21.75,85.5,331.28595,313.59604,58.13595000000004,40.44604000000004
2017-04-10 10:00:00,21.75,85.75,331.42914,313.86346,58.27914000000004,40.71346
2017-04-10 10:00:00,21.75,86.0,331.42914,313.86346,58.27914000000004,40.71346
2017-04-10 10:00:00,21.75,86.25,325.9507,309.9557,52.800700000000006,36.8057
2017-04-10 10:00:00,21.75,86.5,324.04346,309.78284,50.893460000000005,36.632840000000044
2017-04-10 10:00:00,21.75,86.75,326.62262,312.6339,53.472620000000006,39.483900000000006
2017-04-10 10:00:00,21.75,87.0,325.0161,310.92584,51.86610000000002,37.77584000000002
2017-04-10 10:00:00,21.75,87.25,325.72195,311.4112,52.571950000000015,38.26120000000003
2017-04-10 10:00:00,21.75,87.5,325.9938,311.076,52.843800000000044,37.926000000000045
2017-04-10 10:00:00,21.75,87.75,322.62372,307.62454,49.473720000000014,34.47454000000005
2017-04-10 10:00:00,21.75,88.0,324.6127,308.2167,51.46270000000004,35.066700000000026
2017-04-10 10:00:00,21.75,88.25,324.6127,308.2167,51.46270000000004,35.066700000000026
2017-04-10 10:00:00,21.75,88.5,324.27667,307.838,51.12667000000005,34.688000000000045
2017-04-10 10:00:00,21.75,88.75,323.5491,307.6626,50.39910000000003,34.51260000000002
2017-04-10 10:00:00,21.75,89.0,325.85202,309.76797,52.702020000000005,36.617970000000014
2017-04-10 10:00:00,21.75,89.25,324.1619,308.64194,51.011900000000026,35.49194
2017-04-10 10:00:00,21.75,89.5,320.46997,305.06772,47.31997000000001,31.91772000000003
2017-04-10 10:00:00,21.75,89.75,321.2834,304.4187,48.133399999999995,31.268700000000024
2017-04-10 10:00:00,21.75,90.0,321.82538,304.85095,48.67538000000002,31.700950000000034
2017-04-10 10:00:00,21.5,85.5,328.5005,311.49573,55.35050000000001,38.34573
2017-04-10 10:00:00,21.5,85.75,328.80792,310.60947,55.65792000000005,37.45947000000001
2017-04-10 10:00:00,21.5,86.0,328.80792,310.60947,55.65792000000005,37.45947000000001
2017-04-10 10:00:00,21.5,86.25,327.0612,310.89386,53.91120000000001,37.74386000000004
2017-04-10 10:00:00,21.5,86.5,327.9301,313.10553,54.780100000000004,39.95553000000001
2017-04-10 10:00:00,21.5,86.75,328.46542,314.08975,55.31542000000002,40.939750000000004
2017-04-10 10:00:00,21.5,87.0,319.46173,305.9076,46.31173000000001,32.757600000000025
2017-04-10 10:00:00,21.5,87.25,318.3079,303.52225,45.15790000000004,30.372250000000008
2017-04-10 10:00:00,21.5,87.5,320.10648,304.02118,46.95648,30.871180000000038
2017-04-10 10:00:00,21.5,87.75,321.6287,304.01163,48.4787,30.861630000000048
2017-04-10 10:00:00,21.5,88.0,322.413,304.95737,49.263000000000034,31.80737000000005
2017-04-10 10:00:00,21.5,88.25,322.413,304.95737,49.263000000000034,31.80737000000005
2017-04-10 10:00:00,21.5,88.5,322.5682,305.11993,49.41820000000001,31.969930000000033
2017-04-10 10:00:00,21.5,88.75,322.3637,304.88263,49.21370000000002,31.73263000000003
2017-04-10 10:00:00,21.5,89.0,321.99802,304.85193,48.84802000000002,31.701930000000004
2017-04-10 10:00:00,21.5,89.25,321.75183,304.51752,48.60183000000001,31.367520000000013
2017-04-10 10:00:00,21.5,89.5,321.87872,304.688,48.72872000000001,31.53800000000001
2017-04-10 10:00:00,21.5,89.75,322.22278,305.49646,49.07278000000002,32.346460000000036
2017-04-10 10:00:00,21.5,90.0,322.45782,306.44278,49.30782000000005,33.29278000000005
2017-04-10 10:00:00,21.25,85.5,330.36636,313.54297,57.21636000000001,40.39297000000005
2017-04-10 10:00:00,21.25,85.75,330.52646,312.7452,57.37646000000001,39.595200000000034
2017-04-10 10:00:00,21.25,86.0,330.52646,312.7452,57.37646000000001,39.595200000000034
2017-04-10 10:00:00,21.25,86.25,330.9764,313.43655,57.826400000000035,40.286550000000034
2017-04-10 10:00:00,21.25,86.5,331.64682,315.3441,58.496820000000014,42.19410000000005
2017-04-10 10:00:00,21.25,86.75,326.83716,312.47052,53.687160000000006,39.320520000000045
2017-04-10 10:00:00,21.25,87.0,320.10138,304.9096,46.95138000000003,31.759600000000034
2017-04-10 10:00:00,21.25,87.25,319.47174,303.4565,46.321740000000034,30.306500000000028
2017-04-10 10:00:00,21.25,87.5,320.97763,304.68204,47.82763,31.532039999999995
2017-04-10 10:00:00,21.25,87.75,322.24295,305.29984,49.09295000000003,32.14984000000004
2017-04-10 10:00:00,21.25,88.0,322.80463,305.8588,49.65463,32.7088
2017-04-10 10:00:00,21.25,88.25,322.80463,305.8588,49.65463,32.7088
2017-04-10 10:00:00,21.25,88.5,322.8356,306.16064,49.68560000000002,33.01064000000002
2017-04-10 10:00:00,21.25,88.75,322.65192,306.23438,49.50192000000004,33.08438000000001
2017-04-10 10:00:00,21.25,89.0,322.364,306.04202,49.214,32.89202
2017-04-10 10:00:00,21.25,89.25,322.1371,305.87384,48.9871,32.723839999999996
2017-04-10 10:00:00,21.25,89.5,322.17572,306.1807,49.025720000000035,33.030700000000024
2017-04-10 10:00:00,21.25,89.75,322.33572,306.3168,49.18572,33.16680000000002
2017-04-10 10:00:00,21.25,90.0,322.43805,306.5073,49.28805,33.35730000000001
2017-04-10 10:00:00,21.0,85.5,332.39404,315.9778,59.24404000000004,42.827800000000025
2017-04-10 10:00:00,21.0,85.75,332.41418,316.39505,59.26418000000001,43.24505000000005
2017-04-10 10:00:00,21.0,86.0,332.41418,316.39505,59.26418000000001,43.24505000000005
2017-04-10 10:00:00,21.0,86.25,333.43756,316.559,60.28756000000004,43.40900000000005
2017-04-10 10:00:00,21.0,86.5,332.64923,316.45312,59.49923000000001,43.303120000000035
2017-04-10 10:00:00,21.0,86.75,333.8476,314.23447,60.69760000000002,41.08447000000001
2017-04-10 10:00:00,21.0,87.0,323.25082,306.20267,50.10082,33.052670000000035
2017-04-10 10:00:00,21.0,87.25,320.92957,303.9028,47.779570000000035,30.752800000000036
2017-04-10 10:00:00,21.0,87.5,321.62665,304.65204,48.47665000000001,31.502040000000022
2017-04-10 10:00:00,21.0,87.75,322.30313,305.2281,49.15313000000003,32.078100000000006
2017-04-10 10:00:00,21.0,88.0,322.6763,305.8183,49.52630000000005,32.668300000000045
2017-04-10 10:00:00,21.0,88.25,322.6763,305.8183,49.52630000000005,32.668300000000045
2017-04-10 10:00:00,21.0,88.5,322.72287,306.33948,49.57287000000002,33.18948
2017-04-10 10:00:00,21.0,88.75,322.4171,306.43298,49.26710000000003,33.28298000000001
2017-04-10 10:00:00,21.0,89.0,321.92813,306.47928,48.77813000000003,33.32928000000004
2017-04-10 10:00:00,21.0,89.25,321.59137,306.5302,48.441370000000006,33.3802
2017-04-10 10:00:00,21.0,89.5,321.56668,306.36072,48.41668000000004,33.21072000000004
2017-04-10 10:00:00,21.0,89.75,321.7582,306.31635,48.60820000000001,33.16635000000002
2017-04-10 10:00:00,21.0,90.0,321.9991,306.4255,48.84910000000002,33.27550000000002
2017-04-10 11:00:00,27.5,85.5,317.25354,300.20386,44.10354000000001,27.053860000000043
2017-04-10 11:00:00,27.5,85.75,317.09457,301.7622,43.94457,28.61220000000003
2017-04-10 11:00:00,27.5,86.0,317.09457,301.7622,43.94457,28.61220000000003
2017-04-10 11:00:00,27.5,86.25,316.95328,299.0428,43.80328000000003,25.892800000000022
2017-04-10 11:00:00,27.5,86.5,314.08044,296.60187,40.93044000000003,23.451870000000042
2017-04-10 11:00:00,27.5,86.75,310.24423,294.07388,37.09423000000004,20.923879999999997
2017-04-10 11:00:00,27.5,87.0,307.02057,293.61264,33.87057000000004,20.46264000000002
2017-04-10 11:00:00,27.5,87.25,306.98056,295.37982,33.83056000000005,22.229820000000018
2017-04-10 11:00:00,27.5,87.5,307.20078,295.38684,34.05078000000003,22.23684000000003
2017-04-10 11:00:00,27.5,87.75,304.78973,291.2209,31.639730000000043,18.070899999999995
2017-04-10 11:00:00,27.5,88.0,301.38516,288.41946,28.235160000000008,15.269460000000038
2017-04-10 11:00:00,27.5,88.25,301.38516,288.41946,28.235160000000008,15.269460000000038
2017-04-10 11:00:00,27.5,88.5,298.9821,289.38864,25.832100000000025,16.238640000000032
2017-04-10 11:00:00,27.5,88.75,297.41483,287.47507,24.264830000000018,14.32507000000004
2017-04-10 11:00:00,27.5,89.0,296.70786,281.72324,23.557860000000005,8.573239999999998
2017-04-10 11:00:00,27.5,89.25,297.01978,280.008,23.86978000000005,6.858000000000004
2017-04-10 11:00:00,27.5,89.5,299.76382,283.23297,26.613820000000032,10.082970000000046
2017-04-10 11:00:00,27.5,89.75,298.7626,286.62387,25.612600000000043,13.473870000000034
2017-04-10 11:00:00,27.5,90.0,298.2314,288.0907,25.08140000000003,14.94070000000005
2017-04-10 11:00:00,27.25,85.5,323.30554,306.91986,50.15554000000003,33.76986000000005
2017-04-10 11:00:00,27.25,85.75,321.99307,305.54163,48.84307000000001,32.39163000000002
2017-04-10 11:00:00,27.25,86.0,321.99307,305.54163,48.84307000000001,32.39163000000002
2017-04-10 11:00:00,27.25,86.25,321.3944,303.2844,48.24440000000004,30.134400000000028
2017-04-10 11:00:00,27.25,86.5,318.85223,302.69522,45.70223000000004,29.54522000000003
2017-04-10 11:00:00,27.25,86.75,317.2951,301.69385,44.14510000000001,28.54385000000002
2017-04-10 11:00:00,27.25,87.0,315.3924,299.83676,42.24240000000003,26.68676000000005
2017-04-10 11:00:00,27.25,87.25,315.1744,300.19705,42.024400000000014,27.047050000000013
2017-04-10 11:00:00,27.25,87.5,315.437,300.00946,42.287000000000035,26.859460000000013
2017-04-10 11:00:00,27.25,87.75,313.59787,296.8775,40.44787000000002,23.72750000000002
2017-04-10 11:00:00,27.25,88.0,311.34192,295.4392,38.19192000000004,22.28920000000005
2017-04-10 11:00:00,27.25,88.25,311.34192,295.4392,38.19192000000004,22.28920000000005
2017-04-10 11:00:00,27.25,88.5,310.8115,298.11957,37.661500000000046,24.969570000000033
2017-04-10 11:00:00,27.25,88.75,309.7115,298.69675,36.561500000000024,25.54675000000003
2017-04-10 11:00:00,27.25,89.0,306.11887,294.21176,32.96887000000004,21.06176000000005
2017-04-10 11:00:00,27.25,89.25,302.81183,290.77145,29.66183000000001,17.62145000000004
2017-04-10 11:00:00,27.25,89.5,301.56442,287.23096,28.414420000000007,14.080960000000005
2017-04-10 11:00:00,27.25,89.75,300.30484,286.36197,27.154840000000036,13.211970000000008
2017-04-10 11:00:00,27.25,90.0,302.03845,289.1813,28.888450000000034,16.031300000000044
2017-04-10 11:00:00,27.0,85.5,323.30554,306.91986,50.15554000000003,33.76986000000005
2017-04-10 11:00:00,27.0,85.75,321.99307,305.54163,48.84307000000001,32.39163000000002
2017-04-10 11:00:00,27.0,86.0,321.99307,305.54163,48.84307000000001,32.39163000000002
2017-04-10 11:00:00,27.0,86.25,321.3944,303.2844,48.24440000000004,30.134400000000028
2017-04-10 11:00:00,27.0,86.5,318.85223,302.69522,45.70223000000004,29.54522000000003
2017-04-10 11:00:00,27.0,86.75,317.2951,301.69385,44.14510000000001,28.54385000000002
2017-04-10 11:00:00,27.0,87.0,315.3924,299.83676,42.24240000000003,26.68676000000005
2017-04-10 11:00:00,27.0,87.25,315.1744,300.19705,42.024400000000014,27.047050000000013
2017-04-10 11:00:00,27.0,87.5,315.437,300.00946,42.287000000000035,26.859460000000013
2017-04-10 11:00:00,27.0,87.75,313.59787,296.8775,40.44787000000002,23.72750000000002
2017-04-10 11:00:00,27.0,88.0,311.34192,295.4392,38.19192000000004,22.28920000000005
2017-04-10 11:00:00,27.0,88.25,311.34192,295.4392,38.19192000000004,22.28920000000005
2017-04-10 11:00:00,27.0,88.5,310.8115,298.11957,37.661500000000046,24.969570000000033
2017-04-10 11:00:00,27.0,88.75,309.7115,298.69675,36.561500000000024,25.54675000000003
2017-04-10 11:00:00,27.0,89.0,306.11887,294.21176,32.96887000000004,21.06176000000005
2017-04-10 11:00:00,27.0,89.25,302.81183,290.77145,29.66183000000001,17.62145000000004
2017-04-10 11:00:00,27.0,89.5,301.56442,287.23096,28.414420000000007,14.080960000000005
2017-04-10 11:00:00,27.0,89.75,300.30484,286.36197,27.154840000000036,13.211970000000008
2017-04-10 11:00:00,27.0,90.0,302.03845,289.1813,28.888450000000034,16.031300000000044
2017-04-10 11:00:00,26.75,85.5,325.12854,308.97806,51.97854000000001,35.82806000000005
2017-04-10 11:00:00,26.75,85.75,326.15555,309.2715,53.00555000000003,36.121500000000026
2017-04-10 11:00:00,26.75,86.0,326.15555,309.2715,53.00555000000003,36.121500000000026
2017-04-10 11:00:00,26.75,86.25,326.1122,308.68896,52.962199999999996,35.53896000000003
2017-04-10 11:00:00,26.75,86.5,325.42737,307.74347,52.27737000000002,34.593470000000025
2017-04-10 11:00:00,26.75,86.75,323.53854,306.3566,50.388540000000035,33.20660000000004
2017-04-10 11:00:00,26.75,87.0,321.3907,305.12762,48.240700000000004,31.97762
2017-04-10 11:00:00,26.75,87.25,320.1767,303.8237,47.026700000000005,30.673699999999997
2017-04-10 11:00:00,26.75,87.5,319.57745,302.61008,46.42745000000002,29.460080000000005
2017-04-10 11:00:00,26.75,87.75,318.6413,301.71622,45.491300000000024,28.566220000000044
2017-04-10 11:00:00,26.75,88.0,317.83167,301.68558,44.68167,28.53558000000004
2017-04-10 11:00:00,26.75,88.25,317.83167,301.68558,44.68167,28.53558000000004
2017-04-10 11:00:00,26.75,88.5,317.9914,303.71426,44.84140000000002,30.564260000000047
2017-04-10 11:00:00,26.75,88.75,318.29623,306.31125,45.14623,33.161249999999995
2017-04-10 11:00:00,26.75,89.0,317.00684,305.68826,43.856840000000034,32.53826000000004
2017-04-10 11:00:00,26.75,89.25,313.98627,303.40353,40.83627000000001,30.253530000000012
2017-04-10 11:00:00,26.75,89.5,311.8859,300.26996,38.735900000000015,27.11996000000005
2017-04-10 11:00:00,26.75,89.75,309.31317,297.4785,36.16317000000004,24.32850000000002
2017-04-10 11:00:00,26.75,90.0,310.89688,300.1866,37.74688000000003,27.03660000000002
2017-04-10 11:00:00,26.5,85.5,326.508,309.46475,53.358000000000004,36.314750000000004
2017-04-10 11:00:00,26.5,85.75,326.3059,309.38855,53.15590000000003,36.23855000000003
2017-04-10 11:00:00,26.5,86.0,326.3059,309.38855,53.15590000000003,36.23855000000003
2017-04-10 11:00:00,26.5,86.25,326.07574,309.3717,52.92574000000002,36.2217
2017-04-10 11:00:00,26.5,86.5,326.40466,309.0087,53.25466,35.8587
2017-04-10 11:00:00,26.5,86.75,325.9116,308.64792,52.761600000000044,35.49792000000002
2017-04-10 11:00:00,26.5,87.0,324.31995,308.81226,51.16995000000003,35.66226
2017-04-10 11:00:00,26.5,87.25,325.02142,308.80307,51.87142,35.653070000000014
2017-04-10 11:00:00,26.5,87.5,325.50626,308.34845,52.35626000000002,35.19845000000004
2017-04-10 11:00:00,26.5,87.75,324.40128,308.5076,51.25128000000001,35.35760000000005
2017-04-10 11:00:00,26.5,88.0,323.39496,308.41058,50.24496000000005,35.260580000000004
2017-04-10 11:00:00,26.5,88.25,323.39496,308.41058,50.24496000000005,35.260580000000004
2017-04-10 11:00:00,26.5,88.5,323.34494,307.8138,50.19494000000003,34.66380000000004
2017-04-10 11:00:00,26.5,88.75,323.1623,307.8758,50.01230000000004,34.72580000000005
2017-04-10 11:00:00,26.5,89.0,321.65057,307.69592,48.50057000000004,34.545920000000024
2017-04-10 11:00:00,26.5,89.25,320.0528,308.08167,46.90280000000001,34.93167
2017-04-10 11:00:00,26.5,89.5,320.63797,308.23572,47.48797000000002,35.08572000000004
2017-04-10 11:00:00,26.5,89.75,319.25693,306.07825,46.106930000000034,32.92825000000005
2017-04-10 11:00:00,26.5,90.0,319.87796,305.852,46.727959999999996,32.702
2017-04-10 11:00:00,26.25,85.5,326.13644,309.2121,52.986440000000016,36.062100000000044
2017-04-10 11:00:00,26.25,85.75,325.95322,308.95572,52.80322000000001,35.80572000000001
2017-04-10 11:00:00,26.25,86.0,325.95322,308.95572,52.80322000000001,35.80572000000001
2017-04-10 11:00:00,26.25,86.25,325.8663,308.83838,52.71630000000005,35.688379999999995
2017-04-10 11:00:00,26.25,86.5,325.341,308.44388,52.19100000000003,35.29388
2017-04-10 11:00:00,26.25,86.75,325.05722,308.36118,51.907219999999995,35.21118000000001
2017-04-10 11:00:00,26.25,87.0,324.6004,308.0526,51.4504,34.90260000000001
2017-04-10 11:00:00,26.25,87.25,324.58173,308.10025,51.431730000000016,34.95025000000004
2017-04-10 11:00:00,26.25,87.5,324.7692,308.21097,51.619200000000035,35.06097
2017-04-10 11:00:00,26.25,87.75,324.5143,308.24887,51.364300000000014,35.09887000000003
2017-04-10 11:00:00,26.25,88.0,324.10928,307.98987,50.959280000000035,34.83987000000002
2017-04-10 11:00:00,26.25,88.25,324.10928,307.98987,50.959280000000035,34.83987000000002
2017-04-10 11:00:00,26.25,88.5,323.77292,307.57474,50.62292000000002,34.42474000000004
2017-04-10 11:00:00,26.25,88.75,323.1196,307.1904,49.969600000000014,34.040400000000034
2017-04-10 11:00:00,26.25,89.0,322.3575,306.3424,49.20750000000004,33.19240000000002
2017-04-10 11:00:00,26.25,89.25,321.76947,306.1094,48.619470000000035,32.95940000000002
2017-04-10 11:00:00,26.25,89.5,321.4954,306.5846,48.34540000000004,33.434600000000046
2017-04-10 11:00:00,26.25,89.75,321.29907,306.39688,48.149069999999995,33.24688000000003
2017-04-10 11:00:00,26.25,90.0,321.26788,305.62308,48.117880000000014,32.47308000000004
2017-04-10 11:00:00,26.0,85.5,325.83438,308.82803,52.68438000000003,35.678030000000035
2017-04-10 11:00:00,26.0,85.75,326.08176,309.07065,52.93176,35.92065000000002
2017-04-10 11:00:00,26.0,86.0,326.08176,309.07065,52.93176,35.92065000000002
2017-04-10 11:00:00,26.0,86.25,325.7081,308.6515,52.558100000000024,35.50150000000002
2017-04-10 11:00:00,26.0,86.5,324.6614,308.00165,51.51140000000004,34.85165000000001
2017-04-10 11:00:00,26.0,86.75,324.81335,308.04855,51.66335000000004,34.89855
2017-04-10 11:00:00,26.0,87.0,324.1825,307.668,51.03250000000003,34.51800000000003
2017-04-10 11:00:00,26.0,87.25,324.15863,307.86572,51.00863000000004,34.71572000000003
2017-04-10 11:00:00,26.0,87.5,324.7007,308.17737,51.550700000000006,35.02737000000002
2017-04-10 11:00:00,26.0,87.75,324.84143,308.063,51.691430000000025,34.91300000000001
2017-04-10 11:00:00,26.0,88.0,324.57205,307.74142,51.42205000000001,34.59142000000003
2017-04-10 11:00:00,26.0,88.25,324.57205,307.74142,51.42205000000001,34.59142000000003
2017-04-10 11:00:00,26.0,88.5,324.06763,307.36905,50.91763000000003,34.21905000000004
2017-04-10 11:00:00,26.0,88.75,323.4569,307.11176,50.30690000000004,33.96176000000003
2017-04-10 11:00:00,26.0,89.0,323.1079,307.1444,49.957899999999995,33.99440000000004
2017-04-10 11:00:00,26.0,89.25,322.39633,306.9469,49.24633,33.79690000000005
2017-04-10 11:00:00,26.0,89.5,321.8872,306.75604,48.73720000000003,33.60604000000001
2017-04-10 11:00:00,26.0,89.75,321.2821,306.22073,48.13210000000004,33.070730000000026
2017-04-10 11:00:00,26.0,90.0,320.607,305.0826,47.45700000000005,31.932600000000036
2017-04-10 11:00:00,25.75,85.5,324.8617,308.31848,51.71170000000001,35.168480000000045
2017-04-10 11:00:00,25.75,85.75,325.24353,308.44742,52.093530000000044,35.297420000000045
2017-04-10 11:00:00,25.75,86.0,325.24353,308.44742,52.093530000000044,35.297420000000045
2017-04-10 11:00:00,25.75,86.25,325.37613,308.63715,52.22613000000001,35.48715000000004
2017-04-10 11:00:00,25.75,86.5,325.04034,308.33786,51.89034000000004,35.18786
2017-04-10 11:00:00,25.75,86.75,325.05582,308.33844,51.905820000000006,35.188440000000014
2017-04-10 11:00:00,25.75,87.0,324.55276,307.87048,51.40276,34.72048000000001
2017-04-10 11:00:00,25.75,87.25,324.21085,307.61127,51.060850000000016,34.46127000000001
2017-04-10 11:00:00,25.75,87.5,323.85928,307.51535,50.709280000000035,34.365350000000035
2017-04-10 11:00:00,25.75,87.75,323.7549,307.6354,50.60490000000004,34.48540000000003
2017-04-10 11:00:00,25.75,88.0,323.80063,307.8984,50.650630000000035,34.748400000000004
2017-04-10 11:00:00,25.75,88.25,323.80063,307.8984,50.650630000000035,34.748400000000004
2017-04-10 11:00:00,25.75,88.5,323.49066,307.84723,50.340660000000014,34.69723000000005
2017-04-10 11:00:00,25.75,88.75,322.80978,307.54193,49.65978000000001,34.39193
2017-04-10 11:00:00,25.75,89.0,322.0003,307.51456,48.850300000000004,34.36456000000004
2017-04-10 11:00:00,25.75,89.25,321.66498,307.6487,48.51498000000004,34.49870000000004
2017-04-10 11:00:00,25.75,89.5,321.22977,307.4646,48.079769999999996,34.31460000000004
2017-04-10 11:00:00,25.75,89.75,320.74948,307.18707,47.59948000000003,34.03707000000003
2017-04-10 11:00:00,25.75,90.0,320.64496,305.51965,47.49496000000005,32.369650000000036
2017-04-10 11:00:00,25.5,85.5,325.03937,308.36667,51.88937000000004,35.21667000000002
2017-04-10 11:00:00,25.5,85.75,324.36957,308.08252,51.21957000000003,34.93252000000001
2017-04-10 11:00:00,25.5,86.0,324.36957,308.08252,51.21957000000003,34.93252000000001
2017-04-10 11:00:00,25.5,86.25,324.7915,308.1554,51.64150000000001,35.00540000000001
2017-04-10 11:00:00,25.5,86.5,324.70706,308.20663,51.557060000000035,35.05663000000004
2017-04-10 11:00:00,25.5,86.75,324.66678,308.25635,51.51678000000004,35.10635000000002
2017-04-10 11:00:00,25.5,87.0,324.31183,308.06155,51.16183000000001,34.911550000000034
2017-04-10 11:00:00,25.5,87.25,323.72876,307.70154,50.578760000000045,34.551540000000045
2017-04-10 11:00:00,25.5,87.5,323.51074,307.69916,50.36074000000002,34.54916000000003
2017-04-10 11:00:00,25.5,87.75,323.9223,308.03183,50.77230000000003,34.881830000000036
2017-04-10 11:00:00,25.5,88.0,324.00336,308.06317,50.85336000000001,34.91317000000004
2017-04-10 11:00:00,25.5,88.25,324.00336,308.06317,50.85336000000001,34.91317000000004
2017-04-10 11:00:00,25.5,88.5,323.6643,307.80927,50.51430000000005,34.65927000000005
2017-04-10 11:00:00,25.5,88.75,323.5823,307.6844,50.4323,34.534400000000005
2017-04-10 11:00:00,25.5,89.0,322.93042,307.55542,49.78042000000005,34.40542000000005
2017-04-10 11:00:00,25.5,89.25,321.959,307.81528,48.809000000000026,34.665279999999996
2017-04-10 11:00:00,25.5,89.5,321.39554,308.11157,48.245540000000005,34.961569999999995
2017-04-10 11:00:00,25.5,89.75,320.8874,307.729,47.73740000000004,34.57900000000001
2017-04-10 11:00:00,25.5,90.0,321.41437,306.86777,48.26437000000004,33.71777000000003
2017-04-10 11:00:00,25.25,85.5,325.49313,308.32492,52.34313000000003,35.17492000000004
2017-04-10 11:00:00,25.25,85.75,325.2529,308.36758,52.102900000000034,35.21758
2017-04-10 11:00:00,25.25,86.0,325.2529,308.36758,52.102900000000034,35.21758
2017-04-10 11:00:00,25.25,86.25,325.06372,307.9804,51.91372000000001,34.8304
2017-04-10 11:00:00,25.25,86.5,324.68793,307.70486,51.53793000000002,34.55486000000002
2017-04-10 11:00:00,25.25,86.75,324.63348,307.82565,51.48348000000004,34.67565000000002
2017-04-10 11:00:00,25.25,87.0,324.58298,308.27734,51.43298000000004,35.127340000000004
2017-04-10 11:00:00,25.25,87.25,324.80978,308.31873,51.65978000000001,35.16873000000004
2017-04-10 11:00:00,25.25,87.5,324.10226,307.85654,50.952260000000024,34.70654000000002
2017-04-10 11:00:00,25.25,87.75,323.17194,307.89526,50.02194000000003,34.74526000000003
2017-04-10 11:00:00,25.25,88.0,323.2639,308.1892,50.1139,35.03920000000005
2017-04-10 11:00:00,25.25,88.25,323.2639,308.1892,50.1139,35.03920000000005
2017-04-10 11:00:00,25.25,88.5,323.62866,308.01532,50.47866000000005,34.86532
2017-04-10 11:00:00,25.25,88.75,323.39563,307.79587,50.245630000000006,34.64587
2017-04-10 11:00:00,25.25,89.0,322.95895,307.85184,49.80895000000004,34.701840000000004
2017-04-10 11:00:00,25.25,89.25,322.1441,308.21103,48.9941,35.06103000000002
2017-04-10 11:00:00,25.25,89.5,321.82925,308.56274,48.679250000000025,35.41274000000004
2017-04-10 11:00:00,25.25,89.75,321.29388,308.24222,48.143880000000024,35.09222
2017-04-10 11:00:00,25.25,90.0,321.48663,308.605,48.336630000000014,35.45500000000004
2017-04-10 11:00:00,25.0,85.5,326.11523,308.4369,52.96523000000002,35.2869
2017-04-10 11:00:00,25.0,85.75,325.09824,307.81082,51.94824,34.66082
2017-04-10 11:00:00,25.0,86.0,325.09824,307.81082,51.94824,34.66082
2017-04-10 11:00:00,25.0,86.25,324.7609,307.41824,51.610900000000015,34.26824000000005
2017-04-10 11:00:00,25.0,86.5,325.19492,307.58887,52.04492000000005,34.43887000000001
2017-04-10 11:00:00,25.0,86.75,324.79828,307.78024,51.64828,34.630240000000015
2017-04-10 11:00:00,25.0,87.0,324.8683,308.127,51.7183,34.97700000000003
2017-04-10 11:00:00,25.0,87.25,324.7023,308.06888,51.5523,34.91888
2017-04-10 11:00:00,25.0,87.5,324.14355,307.9973,50.99355000000003,34.84730000000002
2017-04-10 11:00:00,25.0,87.75,323.5852,308.40753,50.43520000000001,35.25753000000003
2017-04-10 11:00:00,25.0,88.0,323.61502,308.80637,50.46502000000004,35.65637000000004
2017-04-10 11:00:00,25.0,88.25,323.61502,308.80637,50.46502000000004,35.65637000000004
2017-04-10 11:00:00,25.0,88.5,324.16043,308.62637,51.01043000000004,35.47637000000003
2017-04-10 11:00:00,25.0,88.75,324.2158,308.44913,51.065800000000024,35.29913000000005
2017-04-10 11:00:00,25.0,89.0,323.47614,308.8482,50.32614000000001,35.69820000000004
2017-04-10 11:00:00,25.0,89.25,322.78036,308.92975,49.630359999999996,35.779750000000035
2017-04-10 11:00:00,25.0,89.5,322.1432,308.92734,48.9932,35.77734000000004
2017-04-10 11:00:00,25.0,89.75,321.55087,308.03366,48.40087,34.88366000000002
2017-04-10 11:00:00,25.0,90.0,321.8703,308.40875,48.72030000000001,35.25875000000002
2017-04-10 11:00:00,24.75,85.5,326.11523,308.4369,52.96523000000002,35.2869
2017-04-10 11:00:00,24.75,85.75,325.09824,307.81082,51.94824,34.66082
2017-04-10 11:00:00,24.75,86.0,325.09824,307.81082,51.94824,34.66082
2017-04-10 11:00:00,24.75,86.25,324.7609,307.41824,51.610900000000015,34.26824000000005
2017-04-10 11:00:00,24.75,86.5,325.19492,307.58887,52.04492000000005,34.43887000000001
2017-04-10 11:00:00,24.75,86.75,324.79828,307.78024,51.64828,34.630240000000015
2017-04-10 11:00:00,24.75,87.0,324.8683,308.127,51.7183,34.97700000000003
2017-04-10 11:00:00,24.75,87.25,324.7023,308.06888,51.5523,34.91888
2017-04-10 11:00:00,24.75,87.5,324.14355,307.9973,50.99355000000003,34.84730000000002
2017-04-10 11:00:00,24.75,87.75,323.5852,308.40753,50.43520000000001,35.25753000000003
2017-04-10 11:00:00,24.75,88.0,323.61502,308.80637,50.46502000000004,35.65637000000004
2017-04-10 11:00:00,24.75,88.25,323.61502,308.80637,50.46502000000004,35.65637000000004
2017-04-10 11:00:00,24.75,88.5,324.16043,308.62637,51.01043000000004,35.47637000000003
2017-04-10 11:00:00,24.75,88.75,324.2158,308.44913,51.065800000000024,35.29913000000005
2017-04-10 11:00:00,24.75,89.0,323.47614,308.8482,50.32614000000001,35.69820000000004
2017-04-10 11:00:00,24.75,89.25,322.78036,308.92975,49.630359999999996,35.779750000000035
2017-04-10 11:00:00,24.75,89.5,322.1432,308.92734,48.9932,35.77734000000004
2017-04-10 11:00:00,24.75,89.75,321.55087,308.03366,48.40087,34.88366000000002
2017-04-10 11:00:00,24.75,90.0,321.8703,308.40875,48.72030000000001,35.25875000000002
2017-04-10 11:00:00,24.5,85.5,324.30264,306.91794,51.15264000000002,33.76794000000001
2017-04-10 11:00:00,24.5,85.75,325.01535,307.13953,51.865350000000035,33.98953
2017-04-10 11:00:00,24.5,86.0,325.01535,307.13953,51.865350000000035,33.98953
2017-04-10 11:00:00,24.5,86.25,324.62265,306.68503,51.472650000000044,33.535030000000006
2017-04-10 11:00:00,24.5,86.5,324.94562,307.03546,51.79562000000004,33.88546000000002
2017-04-10 11:00:00,24.5,86.75,324.8404,307.41388,51.69040000000001,34.26388000000003
2017-04-10 11:00:00,24.5,87.0,324.77325,307.6402,51.62325000000004,34.490200000000016
2017-04-10 11:00:00,24.5,87.25,324.3728,307.64084,51.22280000000001,34.49084000000005
2017-04-10 11:00:00,24.5,87.5,323.85736,307.9673,50.70736000000005,34.817300000000046
2017-04-10 11:00:00,24.5,87.75,323.89276,308.7524,50.74276000000003,35.602400000000046
2017-04-10 11:00:00,24.5,88.0,324.07913,309.27277,50.92913000000004,36.12277
2017-04-10 11:00:00,24.5,88.25,324.07913,309.27277,50.92913000000004,36.12277
2017-04-10 11:00:00,24.5,88.5,324.21524,309.21326,51.06524000000002,36.063260000000014
2017-04-10 11:00:00,24.5,88.75,324.07224,309.07007,50.922240000000045,35.92007000000001
2017-04-10 11:00:00,24.5,89.0,322.8515,309.1351,49.70150000000001,35.985100000000045
2017-04-10 11:00:00,24.5,89.25,322.52054,309.35794,49.370540000000005,36.20794000000001
2017-04-10 11:00:00,24.5,89.5,322.40005,309.179,49.250050000000044,36.028999999999996
2017-04-10 11:00:00,24.5,89.75,321.8371,308.61957,48.687100000000044,35.46957000000003
2017-04-10 11:00:00,24.5,90.0,322.20944,308.4978,49.059439999999995,35.34780000000001
2017-04-10 11:00:00,24.25,85.5,324.06525,305.94614,50.915250000000015,32.79614000000004
2017-04-10 11:00:00,24.25,85.75,324.64133,306.40167,51.491330000000005,33.25167000000005
2017-04-10 11:00:00,24.25,86.0,324.64133,306.40167,51.491330000000005,33.25167000000005
2017-04-10 11:00:00,24.25,86.25,325.37848,306.91605,52.22848000000005,33.76605000000001
2017-04-10 11:00:00,24.25,86.5,325.3905,307.26703,52.2405,34.11703
2017-04-10 11:00:00,24.25,86.75,325.05823,307.7136,51.90823,34.56360000000001
2017-04-10 11:00:00,24.25,87.0,325.1605,308.13956,52.010500000000036,34.98956000000004
2017-04-10 11:00:00,24.25,87.25,324.82678,308.34692,51.67678000000001,35.196920000000034
2017-04-10 11:00:00,24.25,87.5,324.56052,308.87286,51.41052000000002,35.722860000000026
2017-04-10 11:00:00,24.25,87.75,324.99747,309.46506,51.847470000000044,36.31506000000002
2017-04-10 11:00:00,24.25,88.0,325.28278,309.82028,52.132780000000025,36.67028000000005
2017-04-10 11:00:00,24.25,88.25,325.28278,309.82028,52.132780000000025,36.67028000000005
2017-04-10 11:00:00,24.25,88.5,324.79376,309.8952,51.64376000000004,36.74520000000001
2017-04-10 11:00:00,24.25,88.75,323.82193,309.62238,50.67193000000003,36.472380000000044
2017-04-10 11:00:00,24.25,89.0,322.75702,309.51736,49.607020000000034,36.36736000000002
2017-04-10 11:00:00,24.25,89.25,322.82043,309.7932,49.67043000000001,36.643200000000036
2017-04-10 11:00:00,24.25,89.5,322.6217,309.47125,49.4717,36.32125000000002
2017-04-10 11:00:00,24.25,89.75,322.15527,309.41705,49.005269999999996,36.26705000000004
2017-04-10 11:00:00,24.25,90.0,322.60324,309.4561,49.45324000000005,36.306100000000015
2017-04-10 11:00:00,24.0,85.5,323.387,305.27393,50.23700000000002,32.12393000000003
2017-04-10 11:00:00,24.0,85.75,323.75998,306.81866,50.60998000000001,33.668660000000045
2017-04-10 11:00:00,24.0,86.0,323.75998,306.81866,50.60998000000001,33.668660000000045
2017-04-10 11:00:00,24.0,86.25,324.3553,307.60342,51.20530000000002,34.45342000000005
2017-04-10 11:00:00,24.0,86.5,324.4011,308.0283,51.25110000000001,34.878300000000024
2017-04-10 11:00:00,24.0,86.75,324.39764,308.44046,51.24764000000005,35.290459999999996
2017-04-10 11:00:00,24.0,87.0,325.1379,308.8448,51.987900000000025,35.69480000000004
2017-04-10 11:00:00,24.0,87.25,324.82144,309.02554,51.67144000000002,35.87554
2017-04-10 11:00:00,24.0,87.5,325.19467,309.55212,52.044669999999996,36.402120000000025
2017-04-10 11:00:00,24.0,87.75,325.99283,310.3802,52.84283000000005,37.230200000000025
2017-04-10 11:00:00,24.0,88.0,325.54422,310.62357,52.39422000000002,37.473569999999995
2017-04-10 11:00:00,24.0,88.25,325.54422,310.62357,52.39422000000002,37.473569999999995
2017-04-10 11:00:00,24.0,88.5,324.71707,310.48514,51.56707,37.335140000000024
2017-04-10 11:00:00,24.0,88.75,324.57925,310.61285,51.429250000000025,37.46285
2017-04-10 11:00:00,24.0,89.0,323.91647,310.3603,50.76647000000003,37.21030000000002
2017-04-10 11:00:00,24.0,89.25,322.9748,310.0126,49.82480000000004,36.86260000000004
2017-04-10 11:00:00,24.0,89.5,322.94983,309.9174,49.79983000000004,36.76740000000001
2017-04-10 11:00:00,24.0,89.75,322.41284,309.7865,49.26284000000004,36.63650000000001
2017-04-10 11:00:00,24.0,90.0,322.8466,309.64316,49.696600000000046,36.493160000000046
2017-04-10 11:00:00,23.75,85.5,324.28815,306.73618,51.138149999999996,33.58618000000001
2017-04-10 11:00:00,23.75,85.75,323.3168,307.29047,50.16680000000002,34.14047000000005
2017-04-10 11:00:00,23.75,86.0,323.3168,307.29047,50.16680000000002,34.14047000000005
2017-04-10 11:00:00,23.75,86.25,324.84918,308.55618,51.69918000000001,35.406180000000006
2017-04-10 11:00:00,23.75,86.5,325.71942,309.41367,52.56942000000004,36.26367000000005
2017-04-10 11:00:00,23.75,86.75,324.46207,309.36694,51.312070000000006,36.21694000000002
2017-04-10 11:00:00,23.75,87.0,324.51135,309.5679,51.361350000000016,36.41790000000003
2017-04-10 11:00:00,23.75,87.25,324.73032,309.90005,51.58032000000003,36.750050000000044
2017-04-10 11:00:00,23.75,87.5,325.67227,310.34335,52.52227000000005,37.19335000000001
2017-04-10 11:00:00,23.75,87.75,326.30695,310.40457,53.156949999999995,37.25457
2017-04-10 11:00:00,23.75,88.0,325.60648,310.35617,52.45648,37.20617000000004
2017-04-10 11:00:00,23.75,88.25,325.60648,310.35617,52.45648,37.20617000000004
2017-04-10 11:00:00,23.75,88.5,324.68143,310.564,51.53143,37.414000000000044
2017-04-10 11:00:00,23.75,88.75,324.35806,310.54364,51.208060000000046,37.393640000000005
2017-04-10 11:00:00,23.75,89.0,324.1362,310.27884,50.9862,37.128840000000025
2017-04-10 11:00:00,23.75,89.25,323.8057,309.96652,50.655700000000024,36.816520000000025
2017-04-10 11:00:00,23.75,89.5,323.55508,309.97067,50.40508,36.82067000000001
2017-04-10 11:00:00,23.75,89.75,322.85852,309.93207,49.70852000000002,36.78207000000003
2017-04-10 11:00:00,23.75,90.0,322.47763,310.10666,49.32763,36.95666
2017-04-10 11:00:00,23.5,85.5,323.69913,306.70242,50.54913000000005,33.55242000000004
2017-04-10 11:00:00,23.5,85.75,324.8776,308.46375,51.727599999999995,35.31375000000003
2017-04-10 11:00:00,23.5,86.0,324.8776,308.46375,51.727599999999995,35.31375000000003
2017-04-10 11:00:00,23.5,86.25,326.18576,309.3762,53.03576000000004,36.226200000000006
2017-04-10 11:00:00,23.5,86.5,326.2603,309.79617,53.110299999999995,36.64617000000004
2017-04-10 11:00:00,23.5,86.75,325.39865,310.00525,52.24865,36.85525000000001
2017-04-10 11:00:00,23.5,87.0,325.29706,310.32486,52.14706000000001,37.174860000000024
2017-04-10 11:00:00,23.5,87.25,325.11707,310.5896,51.967070000000035,37.43960000000004
2017-04-10 11:00:00,23.5,87.5,325.42468,310.72958,52.274680000000046,37.57958000000002
2017-04-10 11:00:00,23.5,87.75,325.6871,310.58145,52.53710000000001,37.43145000000004
2017-04-10 11:00:00,23.5,88.0,325.19238,310.56357,52.04238000000004,37.41357000000005
2017-04-10 11:00:00,23.5,88.25,325.19238,310.56357,52.04238000000004,37.41357000000005
2017-04-10 11:00:00,23.5,88.5,324.55936,310.8003,51.40936000000005,37.650300000000016
2017-04-10 11:00:00,23.5,88.75,324.28058,310.80875,51.13058000000001,37.65875
2017-04-10 11:00:00,23.5,89.0,324.1204,310.74268,50.97040000000004,37.59268000000003
2017-04-10 11:00:00,23.5,89.25,324.02234,310.6602,50.87234000000001,37.5102
2017-04-10 11:00:00,23.5,89.5,323.58322,310.75412,50.433220000000006,37.60412000000002
2017-04-10 11:00:00,23.5,89.75,323.40366,310.7214,50.253660000000025,37.57140000000004
2017-04-10 11:00:00,23.5,90.0,323.02338,310.6089,49.87338,37.45890000000003
2017-04-10 11:00:00,23.25,85.5,325.8047,308.9004,52.65470000000005,35.75040000000001
2017-04-10 11:00:00,23.25,85.75,326.9906,310.49533,53.840599999999995,37.34533000000005
2017-04-10 11:00:00,23.25,86.0,326.9906,310.49533,53.840599999999995,37.34533000000005
2017-04-10 11:00:00,23.25,86.25,326.6216,310.3001,53.471600000000024,37.15010000000001
2017-04-10 11:00:00,23.25,86.5,326.49008,310.3758,53.34008,37.22580000000005
2017-04-10 11:00:00,23.25,86.75,326.81216,311.0316,53.66216000000003,37.88160000000005
2017-04-10 11:00:00,23.25,87.0,326.70993,311.48996,53.55993000000001,38.33996000000002
2017-04-10 11:00:00,23.25,87.25,326.77298,311.82126,53.62298000000004,38.67126000000002
2017-04-10 11:00:00,23.25,87.5,326.70212,311.86786,53.55212,38.71786000000003
2017-04-10 11:00:00,23.25,87.75,326.33954,311.687,53.18954000000002,38.537000000000035
2017-04-10 11:00:00,23.25,88.0,326.00467,311.64865,52.85467,38.49865
2017-04-10 11:00:00,23.25,88.25,326.00467,311.64865,52.85467,38.49865
2017-04-10 11:00:00,23.25,88.5,325.57242,311.72034,52.422420000000045,38.570340000000044
2017-04-10 11:00:00,23.25,88.75,325.06186,311.68097,51.91186000000005,38.530970000000025
2017-04-10 11:00:00,23.25,89.0,325.12894,311.61932,51.97894000000002,38.46932000000004
2017-04-10 11:00:00,23.25,89.25,325.30582,311.40933,52.155820000000006,38.259330000000034
2017-04-10 11:00:00,23.25,89.5,324.8277,311.47354,51.677700000000016,38.32354000000004
2017-04-10 11:00:00,23.25,89.75,324.10864,311.46948,50.95864,38.31948
2017-04-10 11:00:00,23.25,90.0,324.0235,311.47885,50.873500000000035,38.328850000000045
2017-04-10 11:00:00,23.0,85.5,326.5292,310.38354,53.379200000000026,37.233540000000005
2017-04-10 11:00:00,23.0,85.75,327.35764,311.77313,54.207640000000026,38.62313
2017-04-10 11:00:00,23.0,86.0,327.35764,311.77313,54.207640000000026,38.62313
2017-04-10 11:00:00,23.0,86.25,327.1286,311.92618,53.97860000000003,38.77618000000001
2017-04-10 11:00:00,23.0,86.5,326.53873,311.67203,53.38873000000001,38.52203000000003
2017-04-10 11:00:00,23.0,86.75,325.5512,311.88293,52.40120000000002,38.73293000000001
2017-04-10 11:00:00,23.0,87.0,325.87042,312.136,52.72042000000005,38.98600000000005
2017-04-10 11:00:00,23.0,87.25,326.66864,312.23602,53.518640000000005,39.08602000000002
2017-04-10 11:00:00,23.0,87.5,327.11557,312.36484,53.965570000000014,39.21484000000004
2017-04-10 11:00:00,23.0,87.75,327.29416,312.6053,54.14416,39.45530000000002
2017-04-10 11:00:00,23.0,88.0,327.06036,312.7908,53.910360000000026,39.64080000000001
2017-04-10 11:00:00,23.0,88.25,327.06036,312.7908,53.910360000000026,39.64080000000001
2017-04-10 11:00:00,23.0,88.5,326.26062,312.6745,53.11062000000004,39.524500000000046
2017-04-10 11:00:00,23.0,88.75,325.55777,312.30856,52.40777000000003,39.15856000000002
2017-04-10 11:00:00,23.0,89.0,325.5882,312.06213,52.438199999999995,38.91213000000005
2017-04-10 11:00:00,23.0,89.25,325.69058,311.89996,52.540580000000034,38.749960000000044
2017-04-10 11:00:00,23.0,89.5,324.82037,311.53497,51.67037000000005,38.38497000000001
2017-04-10 11:00:00,23.0,89.75,324.59683,311.7343,51.446830000000034,38.58430000000004
2017-04-10 11:00:00,23.0,90.0,323.32922,311.49863,50.17922000000004,38.348630000000014
2017-04-10 11:00:00,22.75,85.5,327.76938,312.27182,54.619380000000035,39.121820000000014
2017-04-10 11:00:00,22.75,85.75,329.39615,313.64743,56.24615,40.49743000000001
2017-04-10 11:00:00,22.75,86.0,329.39615,313.64743,56.24615,40.49743000000001
2017-04-10 11:00:00,22.75,86.25,329.1405,313.64172,55.9905,40.49172000000004
2017-04-10 11:00:00,22.75,86.5,327.26688,312.90698,54.11688000000004,39.75698
2017-04-10 11:00:00,22.75,86.75,326.06314,312.18082,52.91314,39.030820000000006
2017-04-10 11:00:00,22.75,87.0,325.60303,312.2871,52.45303000000001,39.13710000000003
2017-04-10 11:00:00,22.75,87.25,326.07193,312.60953,52.92193000000003,39.45953000000003
2017-04-10 11:00:00,22.75,87.5,325.93103,312.8969,52.781030000000044,39.74690000000004
2017-04-10 11:00:00,22.75,87.75,325.91122,312.9617,52.76122000000004,39.81170000000003
2017-04-10 11:00:00,22.75,88.0,325.18146,312.4892,52.03146000000004,39.339200000000005
2017-04-10 11:00:00,22.75,88.25,325.18146,312.4892,52.03146000000004,39.339200000000005
2017-04-10 11:00:00,22.75,88.5,324.39624,311.74515,51.24624,38.59515000000005
2017-04-10 11:00:00,22.75,88.75,324.1012,311.35635,50.95120000000003,38.20635000000004
2017-04-10 11:00:00,22.75,89.0,323.7909,311.22653,50.640900000000045,38.07653000000005
2017-04-10 11:00:00,22.75,89.25,322.92694,310.4266,49.776940000000025,37.27660000000003
2017-04-10 11:00:00,22.75,89.5,322.04343,309.51837,48.89343000000002,36.36837000000003
2017-04-10 11:00:00,22.75,89.75,321.38284,309.78574,48.23284000000001,36.63574
2017-04-10 11:00:00,22.75,90.0,319.79642,309.8139,46.646420000000035,36.66390000000001
2017-04-10 11:00:00,22.5,85.5,327.76938,312.27182,54.619380000000035,39.121820000000014
2017-04-10 11:00:00,22.5,85.75,329.39615,313.64743,56.24615,40.49743000000001
2017-04-10 11:00:00,22.5,86.0,329.39615,313.64743,56.24615,40.49743000000001
2017-04-10 11:00:00,22.5,86.25,329.1405,313.64172,55.9905,40.49172000000004
2017-04-10 11:00:00,22.5,86.5,327.26688,312.90698,54.11688000000004,39.75698
2017-04-10 11:00:00,22.5,86.75,326.06314,312.18082,52.91314,39.030820000000006
2017-04-10 11:00:00,22.5,87.0,325.60303,312.2871,52.45303000000001,39.13710000000003
2017-04-10 11:00:00,22.5,87.25,326.07193,312.60953,52.92193000000003,39.45953000000003
2017-04-10 11:00:00,22.5,87.5,325.93103,312.8969,52.781030000000044,39.74690000000004
2017-04-10 11:00:00,22.5,87.75,325.91122,312.9617,52.76122000000004,39.81170000000003
2017-04-10 11:00:00,22.5,88.0,325.18146,312.4892,52.03146000000004,39.339200000000005
2017-04-10 11:00:00,22.5,88.25,325.18146,312.4892,52.03146000000004,39.339200000000005
2017-04-10 11:00:00,22.5,88.5,324.39624,311.74515,51.24624,38.59515000000005
2017-04-10 11:00:00,22.5,88.75,324.1012,311.35635,50.95120000000003,38.20635000000004
2017-04-10 11:00:00,22.5,89.0,323.7909,311.22653,50.640900000000045,38.07653000000005
2017-04-10 11:00:00,22.5,89.25,322.92694,310.4266,49.776940000000025,37.27660000000003
2017-04-10 11:00:00,22.5,89.5,322.04343,309.51837,48.89343000000002,36.36837000000003
2017-04-10 11:00:00,22.5,89.75,321.38284,309.78574,48.23284000000001,36.63574
2017-04-10 11:00:00,22.5,90.0,319.79642,309.8139,46.646420000000035,36.66390000000001
2017-04-10 11:00:00,22.25,85.5,328.4437,312.4156,55.2937,39.265600000000006
2017-04-10 11:00:00,22.25,85.75,329.1349,313.13876,55.98490000000004,39.98876000000001
2017-04-10 11:00:00,22.25,86.0,329.1349,313.13876,55.98490000000004,39.98876000000001
2017-04-10 11:00:00,22.25,86.25,329.2597,313.40842,56.10970000000003,40.25842
2017-04-10 11:00:00,22.25,86.5,325.9345,311.42838,52.78450000000004,38.27838000000003
2017-04-10 11:00:00,22.25,86.75,325.71564,312.4645,52.56564000000003,39.31450000000001
2017-04-10 11:00:00,22.25,87.0,324.02203,312.26428,50.872029999999995,39.11428000000001
2017-04-10 11:00:00,22.25,87.25,324.39694,312.24976,51.246939999999995,39.09976
2017-04-10 11:00:00,22.25,87.5,324.13928,311.6606,50.98928000000001,38.51060000000001
2017-04-10 11:00:00,22.25,87.75,322.8126,310.43594,49.6626,37.28594000000004
2017-04-10 11:00:00,22.25,88.0,323.03586,310.60495,49.88586000000004,37.45495
2017-04-10 11:00:00,22.25,88.25,323.03586,310.60495,49.88586000000004,37.45495
2017-04-10 11:00:00,22.25,88.5,323.54504,310.81586,50.395039999999995,37.66586000000001
2017-04-10 11:00:00,22.25,88.75,323.10123,310.30377,49.95123000000001,37.15377000000001
2017-04-10 11:00:00,22.25,89.0,322.36804,310.1633,49.21804000000003,37.013300000000015
2017-04-10 11:00:00,22.25,89.25,320.4837,309.53836,47.33370000000002,36.388360000000034
2017-04-10 11:00:00,22.25,89.5,317.54883,307.97058,44.39883000000003,34.82058000000001
2017-04-10 11:00:00,22.25,89.75,316.08966,307.2839,42.93966,34.13390000000004
2017-04-10 11:00:00,22.25,90.0,315.7965,307.3656,42.6465,34.215599999999995
2017-04-10 11:00:00,22.0,85.5,326.3657,311.51462,53.21570000000003,38.36462
2017-04-10 11:00:00,22.0,85.75,326.91122,312.1445,53.76122000000004,38.994500000000016
2017-04-10 11:00:00,22.0,86.0,326.91122,312.1445,53.76122000000004,38.994500000000016
2017-04-10 11:00:00,22.0,86.25,326.27496,311.21362,53.124960000000044,38.063620000000014
2017-04-10 11:00:00,22.0,86.5,324.0606,309.12372,50.910600000000045,35.973720000000014
2017-04-10 11:00:00,22.0,86.75,325.3201,312.11792,52.17010000000005,38.96792000000005
2017-04-10 11:00:00,22.0,87.0,323.3557,311.38855,50.205700000000036,38.23855000000003
2017-04-10 11:00:00,22.0,87.25,321.8908,310.23663,48.740800000000036,37.086630000000014
2017-04-10 11:00:00,22.0,87.5,321.09485,309.0363,47.94485000000003,35.886300000000006
2017-04-10 11:00:00,22.0,87.75,319.98358,307.7543,46.83358000000004,34.60430000000002
2017-04-10 11:00:00,22.0,88.0,321.0041,308.9898,47.85410000000002,35.839800000000025
2017-04-10 11:00:00,22.0,88.25,321.0041,308.9898,47.85410000000002,35.839800000000025
2017-04-10 11:00:00,22.0,88.5,321.71838,309.33527,48.56838000000005,36.18527
2017-04-10 11:00:00,22.0,88.75,321.0804,308.63293,47.93040000000002,35.48293000000001
2017-04-10 11:00:00,22.0,89.0,320.56647,309.28082,47.416470000000004,36.13082000000003
2017-04-10 11:00:00,22.0,89.25,319.04453,309.37378,45.89453000000003,36.22378000000003
2017-04-10 11:00:00,22.0,89.5,315.50662,307.46292,42.35662000000002,34.31292000000002
2017-04-10 11:00:00,22.0,89.75,312.6961,305.80765,39.546100000000024,32.65765000000005
2017-04-10 11:00:00,22.0,90.0,312.83057,305.18457,39.680570000000046,32.03457000000003
2017-04-10 11:00:00,21.75,85.5,325.76248,311.8562,52.612480000000005,38.706200000000024
2017-04-10 11:00:00,21.75,85.75,326.33963,311.71494,53.18963000000002,38.564940000000036
2017-04-10 11:00:00,21.75,86.0,326.33963,311.71494,53.18963000000002,38.564940000000036
2017-04-10 11:00:00,21.75,86.25,322.693,308.82516,49.543000000000006,35.675160000000005
2017-04-10 11:00:00,21.75,86.5,321.6944,309.3936,48.544399999999996,36.243600000000015
2017-04-10 11:00:00,21.75,86.75,324.45258,312.11148,51.302580000000034,38.961479999999995
2017-04-10 11:00:00,21.75,87.0,322.89093,310.01822,49.74093000000005,36.86822000000001
2017-04-10 11:00:00,21.75,87.25,322.34058,309.79184,49.19058000000001,36.64184
2017-04-10 11:00:00,21.75,87.5,321.4158,309.03217,48.26580000000001,35.88217000000003
2017-04-10 11:00:00,21.75,87.75,318.47815,305.96017,45.32815000000005,32.81017000000003
2017-04-10 11:00:00,21.75,88.0,319.77216,306.2819,46.62216000000001,33.13190000000003
2017-04-10 11:00:00,21.75,88.25,319.77216,306.2819,46.62216000000001,33.13190000000003
2017-04-10 11:00:00,21.75,88.5,319.7901,305.90192,46.64010000000002,32.75192000000004
2017-04-10 11:00:00,21.75,88.75,319.59323,305.7986,46.44323000000003,32.648600000000044
2017-04-10 11:00:00,21.75,89.0,321.18176,307.3969,48.03176000000002,34.24690000000004
2017-04-10 11:00:00,21.75,89.25,319.21622,306.35583,46.066220000000044,33.20583000000005
2017-04-10 11:00:00,21.75,89.5,314.91348,303.549,41.763480000000015,30.399
2017-04-10 11:00:00,21.75,89.75,313.64645,303.0,40.49645000000004,29.850000000000023
2017-04-10 11:00:00,21.75,90.0,313.6359,303.3473,40.485900000000015,30.19730000000004
2017-04-10 11:00:00,21.5,85.5,322.27136,309.04953,49.12136000000004,35.89953000000003
2017-04-10 11:00:00,21.5,85.75,322.50504,308.2699,49.35504000000003,35.11990000000003
2017-04-10 11:00:00,21.5,86.0,322.50504,308.2699,49.35504000000003,35.11990000000003
2017-04-10 11:00:00,21.5,86.25,321.89096,308.41888,48.74096000000003,35.268880000000024
2017-04-10 11:00:00,21.5,86.5,323.20078,310.9811,50.05078000000003,37.83110000000005
2017-04-10 11:00:00,21.5,86.75,324.78717,311.95392,51.637170000000026,38.803920000000005
2017-04-10 11:00:00,21.5,87.0,318.96448,305.1472,45.81448,31.99720000000002
2017-04-10 11:00:00,21.5,87.25,317.4594,303.04172,44.30940000000004,29.89172000000002
2017-04-10 11:00:00,21.5,87.5,317.5384,303.4478,44.38840000000005,30.297799999999995
2017-04-10 11:00:00,21.5,87.75,317.9572,303.37445,44.80720000000002,30.224450000000047
2017-04-10 11:00:00,21.5,88.0,318.66373,304.13217,45.51373000000001,30.982169999999996
2017-04-10 11:00:00,21.5,88.25,318.66373,304.13217,45.51373000000001,30.982169999999996
2017-04-10 11:00:00,21.5,88.5,319.18045,304.1674,46.03045000000003,31.01740000000001
2017-04-10 11:00:00,21.5,88.75,318.8794,303.89246,45.7294,30.74246000000005
2017-04-10 11:00:00,21.5,89.0,317.90475,303.85132,44.75475,30.70132000000001
2017-04-10 11:00:00,21.5,89.25,317.06128,303.4856,43.91128000000003,30.3356
2017-04-10 11:00:00,21.5,89.5,316.82718,303.46448,43.67718000000002,30.314480000000003
2017-04-10 11:00:00,21.5,89.75,317.0813,303.95462,43.93130000000002,30.80462
2017-04-10 11:00:00,21.5,90.0,317.55753,304.6903,44.40753000000001,31.540300000000002
2017-04-10 11:00:00,21.25,85.5,322.9842,311.1455,49.83420000000001,37.99550000000005
2017-04-10 11:00:00,21.25,85.75,320.70758,309.66055,47.55758000000003,36.51055000000002
2017-04-10 11:00:00,21.25,86.0,320.70758,309.66055,47.55758000000003,36.51055000000002
2017-04-10 11:00:00,21.25,86.25,323.1462,311.28973,49.996200000000044,38.13973000000004
2017-04-10 11:00:00,21.25,86.5,323.86334,311.96814,50.71334000000002,38.81814000000003
2017-04-10 11:00:00,21.25,86.75,322.12064,310.09082,48.97064,36.94082000000003
2017-04-10 11:00:00,21.25,87.0,318.17462,304.16794,45.02462000000003,31.01794000000001
2017-04-10 11:00:00,21.25,87.25,317.54898,302.75082,44.398979999999995,29.60082
2017-04-10 11:00:00,21.25,87.5,318.08026,303.65836,44.93026000000003,30.50836000000004
2017-04-10 11:00:00,21.25,87.75,318.73392,304.01578,45.583920000000035,30.86578000000003
2017-04-10 11:00:00,21.25,88.0,319.32645,304.3522,46.176450000000045,31.202200000000005
2017-04-10 11:00:00,21.25,88.25,319.32645,304.3522,46.176450000000045,31.202200000000005
2017-04-10 11:00:00,21.25,88.5,319.61212,304.7494,46.46212000000003,31.599400000000003
2017-04-10 11:00:00,21.25,88.75,319.27206,304.97217,46.12206000000003,31.82217000000003
2017-04-10 11:00:00,21.25,89.0,318.46603,304.76968,45.31603000000001,31.619680000000017
2017-04-10 11:00:00,21.25,89.25,317.89926,304.68695,44.74926000000005,31.536950000000047
2017-04-10 11:00:00,21.25,89.5,317.98706,305.13275,44.83706000000001,31.98275000000001
2017-04-10 11:00:00,21.25,89.75,318.41602,305.26422,45.266020000000026,32.114220000000046
2017-04-10 11:00:00,21.25,90.0,318.7237,305.43512,45.57370000000003,32.285120000000006
2017-04-10 11:00:00,21.0,85.5,324.0756,313.4805,50.92560000000003,40.33050000000003
2017-04-10 11:00:00,21.0,85.75,324.098,313.26636,50.948000000000036,40.11636000000004
2017-04-10 11:00:00,21.0,86.0,324.098,313.26636,50.948000000000036,40.11636000000004
2017-04-10 11:00:00,21.0,86.25,325.27203,313.09784,52.122029999999995,39.94784000000004
2017-04-10 11:00:00,21.0,86.5,325.03864,312.61246,51.88864000000001,39.46246000000002
2017-04-10 11:00:00,21.0,86.75,325.90274,310.53137,52.75274000000002,37.381370000000004
2017-04-10 11:00:00,21.0,87.0,318.48483,304.4309,45.33483000000001,31.28090000000003
2017-04-10 11:00:00,21.0,87.25,317.30035,302.83127,44.15035,29.68127000000004
2017-04-10 11:00:00,21.0,87.5,318.39896,303.53238,45.24896000000001,30.382380000000012
2017-04-10 11:00:00,21.0,87.75,319.27322,304.0229,46.12322,30.872900000000016
2017-04-10 11:00:00,21.0,88.0,319.61182,304.55905,46.461820000000046,31.409050000000036
2017-04-10 11:00:00,21.0,88.25,319.61182,304.55905,46.461820000000046,31.409050000000036
2017-04-10 11:00:00,21.0,88.5,319.5641,305.1171,46.41410000000002,31.967100000000016
2017-04-10 11:00:00,21.0,88.75,319.33026,305.4097,46.18026000000003,32.25970000000001
2017-04-10 11:00:00,21.0,89.0,319.01694,305.64545,45.86694,32.495450000000005
2017-04-10 11:00:00,21.0,89.25,318.6723,305.74118,45.52230000000003,32.59118000000001
2017-04-10 11:00:00,21.0,89.5,318.34723,305.48105,45.19723000000005,32.331050000000005
2017-04-10 11:00:00,21.0,89.75,318.10468,305.2653,44.954679999999996,32.11530000000005
2017-04-10 11:00:00,21.0,90.0,317.96985,305.28195,44.81985000000003,32.13195000000002
2017-04-10 12:00:00,27.5,85.5,310.6464,298.63226,37.49640000000005,25.482259999999997
2017-04-10 12:00:00,27.5,85.75,309.66617,299.00137,36.516170000000045,25.85137000000003
2017-04-10 12:00:00,27.5,86.0,309.66617,299.00137,36.516170000000045,25.85137000000003
2017-04-10 12:00:00,27.5,86.25,307.52307,296.25616,34.37307000000004,23.106160000000045
2017-04-10 12:00:00,27.5,86.5,303.32822,292.9551,30.17822000000001,19.80510000000004
2017-04-10 12:00:00,27.5,86.75,298.29852,289.8749,25.14852000000002,16.724900000000048
2017-04-10 12:00:00,27.5,87.0,294.5542,289.06686,21.404200000000003,15.916860000000042
2017-04-10 12:00:00,27.5,87.25,294.63568,288.8427,21.485680000000002,15.692700000000002
2017-04-10 12:00:00,27.5,87.5,295.95206,289.50327,22.80206000000004,16.35327000000001
2017-04-10 12:00:00,27.5,87.75,295.04486,288.05252,21.89486000000005,14.902520000000038
2017-04-10 12:00:00,27.5,88.0,292.96692,286.29016,19.81692000000004,13.140160000000037
2017-04-10 12:00:00,27.5,88.25,292.96692,286.29016,19.81692000000004,13.140160000000037
2017-04-10 12:00:00,27.5,88.5,291.66852,287.00778,18.518520000000024,13.857780000000048
2017-04-10 12:00:00,27.5,88.75,290.33795,285.8704,17.18795,12.72040000000004
2017-04-10 12:00:00,27.5,89.0,288.69644,280.61728,15.546440000000018,7.467280000000017
2017-04-10 12:00:00,27.5,89.25,288.69333,276.8968,15.543330000000026,3.7468000000000075
2017-04-10 12:00:00,27.5,89.5,291.7585,281.62628,18.60850000000005,8.476280000000031
2017-04-10 12:00:00,27.5,89.75,291.85648,285.6444,18.70648,12.494400000000041
2017-04-10 12:00:00,27.5,90.0,291.77414,286.742,18.62414000000001,13.592000000000041
2017-04-10 12:00:00,27.25,85.5,316.2427,304.66818,43.092700000000036,31.51818000000003
2017-04-10 12:00:00,27.25,85.75,314.21207,302.95108,41.062070000000006,29.801080000000013
2017-04-10 12:00:00,27.25,86.0,314.21207,302.95108,41.062070000000006,29.801080000000013
2017-04-10 12:00:00,27.25,86.25,312.62195,300.8257,39.47195000000005,27.675700000000006
2017-04-10 12:00:00,27.25,86.5,309.66452,298.64752,36.514520000000005,25.49752000000001
2017-04-10 12:00:00,27.25,86.75,307.65277,297.3758,34.50277,24.22580000000005
2017-04-10 12:00:00,27.25,87.0,305.56494,295.7886,32.41494,22.638599999999997
2017-04-10 12:00:00,27.25,87.25,305.4817,296.75293,32.33170000000001,23.602930000000015
2017-04-10 12:00:00,27.25,87.5,305.55887,297.03748,32.408870000000036,23.88748000000004
2017-04-10 12:00:00,27.25,87.75,303.8497,294.3816,30.699700000000007,21.231600000000014
2017-04-10 12:00:00,27.25,88.0,302.33716,293.22833,29.187160000000006,20.07833000000005
2017-04-10 12:00:00,27.25,88.25,302.33716,293.22833,29.187160000000006,20.07833000000005
2017-04-10 12:00:00,27.25,88.5,302.57562,295.60138,29.425620000000038,22.45138000000003
2017-04-10 12:00:00,27.25,88.75,302.3222,296.2027,29.172200000000032,23.052700000000016
2017-04-10 12:00:00,27.25,89.0,299.92,292.83978,26.77000000000004,19.68978000000004
2017-04-10 12:00:00,27.25,89.25,297.4481,290.0198,24.298100000000034,16.869799999999998
2017-04-10 12:00:00,27.25,89.5,295.91635,286.5082,22.766350000000045,13.35820000000001
2017-04-10 12:00:00,27.25,89.75,293.3482,285.57135,20.198200000000043,12.421350000000018
2017-04-10 12:00:00,27.25,90.0,293.5029,287.50003,20.352900000000034,14.350030000000004
2017-04-10 12:00:00,27.0,85.5,316.2427,304.66818,43.092700000000036,31.51818000000003
2017-04-10 12:00:00,27.0,85.75,314.21207,302.95108,41.062070000000006,29.801080000000013
2017-04-10 12:00:00,27.0,86.0,314.21207,302.95108,41.062070000000006,29.801080000000013
2017-04-10 12:00:00,27.0,86.25,312.62195,300.8257,39.47195000000005,27.675700000000006
2017-04-10 12:00:00,27.0,86.5,309.66452,298.64752,36.514520000000005,25.49752000000001
2017-04-10 12:00:00,27.0,86.75,307.65277,297.3758,34.50277,24.22580000000005
2017-04-10 12:00:00,27.0,87.0,305.56494,295.7886,32.41494,22.638599999999997
2017-04-10 12:00:00,27.0,87.25,305.4817,296.75293,32.33170000000001,23.602930000000015
2017-04-10 12:00:00,27.0,87.5,305.55887,297.03748,32.408870000000036,23.88748000000004
2017-04-10 12:00:00,27.0,87.75,303.8497,294.3816,30.699700000000007,21.231600000000014
2017-04-10 12:00:00,27.0,88.0,302.33716,293.22833,29.187160000000006,20.07833000000005
2017-04-10 12:00:00,27.0,88.25,302.33716,293.22833,29.187160000000006,20.07833000000005
2017-04-10 12:00:00,27.0,88.5,302.57562,295.60138,29.425620000000038,22.45138000000003
2017-04-10 12:00:00,27.0,88.75,302.3222,296.2027,29.172200000000032,23.052700000000016
2017-04-10 12:00:00,27.0,89.0,299.92,292.83978,26.77000000000004,19.68978000000004
2017-04-10 12:00:00,27.0,89.25,297.4481,290.0198,24.298100000000034,16.869799999999998
2017-04-10 12:00:00,27.0,89.5,295.91635,286.5082,22.766350000000045,13.35820000000001
2017-04-10 12:00:00,27.0,89.75,293.3482,285.57135,20.198200000000043,12.421350000000018
2017-04-10 12:00:00,27.0,90.0,293.5029,287.50003,20.352900000000034,14.350030000000004
2017-04-10 12:00:00,26.75,85.5,317.29364,306.1664,44.143640000000005,33.01640000000003
2017-04-10 12:00:00,26.75,85.75,317.52515,306.1355,44.37515000000002,32.9855
2017-04-10 12:00:00,26.75,86.0,317.52515,306.1355,44.37515000000002,32.9855
2017-04-10 12:00:00,26.75,86.25,316.87357,305.32703,43.723569999999995,32.17703
2017-04-10 12:00:00,26.75,86.5,315.96115,304.41537,42.81115,31.26537000000002
2017-04-10 12:00:00,26.75,86.75,314.1127,302.91428,40.96270000000004,29.764280000000042
2017-04-10 12:00:00,26.75,87.0,312.0968,300.77264,38.946799999999996,27.622640000000047
2017-04-10 12:00:00,26.75,87.25,310.79144,299.31158,37.641440000000046,26.161580000000015
2017-04-10 12:00:00,26.75,87.5,310.03168,298.5292,36.88168000000002,25.379200000000026
2017-04-10 12:00:00,26.75,87.75,309.05167,297.7394,35.901670000000024,24.589400000000012
2017-04-10 12:00:00,26.75,88.0,308.37985,297.86917,35.22985,24.71917000000002
2017-04-10 12:00:00,26.75,88.25,308.37985,297.86917,35.22985,24.71917000000002
2017-04-10 12:00:00,26.75,88.5,308.85846,299.88162,35.70846,26.73162000000002
2017-04-10 12:00:00,26.75,88.75,309.7907,301.8946,36.64070000000004,28.744600000000048
2017-04-10 12:00:00,26.75,89.0,309.56607,301.4678,36.41607000000005,28.317800000000034
2017-04-10 12:00:00,26.75,89.25,307.39487,299.78348,34.24487000000005,26.63348000000002
2017-04-10 12:00:00,26.75,89.5,305.2355,298.03632,32.085500000000025,24.886320000000012
2017-04-10 12:00:00,26.75,89.75,301.64053,295.6484,28.490530000000035,22.498400000000004
2017-04-10 12:00:00,26.75,90.0,301.5333,297.52762,28.38330000000002,24.377620000000036
2017-04-10 12:00:00,26.5,85.5,317.7628,305.93942,44.61280000000005,32.78942000000001
2017-04-10 12:00:00,26.5,85.75,317.3566,305.80475,44.20660000000004,32.654750000000035
2017-04-10 12:00:00,26.5,86.0,317.3566,305.80475,44.20660000000004,32.654750000000035
2017-04-10 12:00:00,26.5,86.25,316.6823,305.61023,43.53230000000002,32.460230000000024
2017-04-10 12:00:00,26.5,86.5,316.67908,304.99246,43.52908000000002,31.842460000000017
2017-04-10 12:00:00,26.5,86.75,316.04242,304.66736,42.892420000000016,31.517359999999996
2017-04-10 12:00:00,26.5,87.0,314.40833,303.25067,41.25833,30.100670000000036
2017-04-10 12:00:00,26.5,87.25,314.99213,304.21796,41.84213,31.067960000000028
2017-04-10 12:00:00,26.5,87.5,315.22424,304.18253,42.07424000000003,31.03253000000001
2017-04-10 12:00:00,26.5,87.75,314.14694,304.7601,40.996939999999995,31.610100000000045
2017-04-10 12:00:00,26.5,88.0,313.19916,305.3434,40.04916000000003,32.1934
2017-04-10 12:00:00,26.5,88.25,313.19916,305.3434,40.04916000000003,32.1934
2017-04-10 12:00:00,26.5,88.5,313.0306,303.99768,39.880600000000015,30.847680000000025
2017-04-10 12:00:00,26.5,88.75,313.03134,303.23117,39.88134000000002,30.081170000000043
2017-04-10 12:00:00,26.5,89.0,312.0998,302.82382,38.94980000000004,29.673820000000035
2017-04-10 12:00:00,26.5,89.25,311.2749,303.2145,38.124900000000025,30.06450000000001
2017-04-10 12:00:00,26.5,89.5,311.4819,305.4402,38.33190000000002,32.29020000000003
2017-04-10 12:00:00,26.5,89.75,309.38956,302.75662,36.23956000000004,29.60662000000002
2017-04-10 12:00:00,26.5,90.0,308.96866,303.0975,35.81866000000002,29.947500000000048
2017-04-10 12:00:00,26.25,85.5,316.90332,305.33273,43.75332000000003,32.18273000000005
2017-04-10 12:00:00,26.25,85.75,316.54712,304.99854,43.39712000000003,31.848540000000014
2017-04-10 12:00:00,26.25,86.0,316.54712,304.99854,43.39712000000003,31.848540000000014
2017-04-10 12:00:00,26.25,86.25,316.23856,304.65353,43.08856000000003,31.503530000000012
2017-04-10 12:00:00,26.25,86.5,315.52014,304.28198,42.37014000000005,31.13198
2017-04-10 12:00:00,26.25,86.75,315.3326,304.05667,42.182600000000036,30.90667000000002
2017-04-10 12:00:00,26.25,87.0,314.6796,303.6467,41.529600000000016,30.496700000000033
2017-04-10 12:00:00,26.25,87.25,314.39124,303.69073,41.241240000000005,30.540729999999996
2017-04-10 12:00:00,26.25,87.5,314.3451,303.84912,41.195100000000025,30.69912000000005
2017-04-10 12:00:00,26.25,87.75,313.85364,303.18484,40.70364000000001,30.03484000000003
2017-04-10 12:00:00,26.25,88.0,313.37296,302.61896,40.22296,29.46896000000004
2017-04-10 12:00:00,26.25,88.25,313.37296,302.61896,40.22296,29.46896000000004
2017-04-10 12:00:00,26.25,88.5,313.08328,302.48923,39.933280000000025,29.339230000000043
2017-04-10 12:00:00,26.25,88.75,312.32645,301.78442,39.176450000000045,28.634420000000034
2017-04-10 12:00:00,26.25,89.0,311.37698,301.23956,38.226980000000026,28.089560000000006
2017-04-10 12:00:00,26.25,89.25,310.67487,301.1527,37.52487000000002,28.002700000000004
2017-04-10 12:00:00,26.25,89.5,310.48343,301.53998,37.33343000000002,28.389980000000037
2017-04-10 12:00:00,26.25,89.75,310.41663,301.6262,37.26663000000002,28.476200000000006
2017-04-10 12:00:00,26.25,90.0,310.5435,301.57776,37.39350000000002,28.427760000000035
2017-04-10 12:00:00,26.0,85.5,316.58,305.04648,43.43000000000001,31.896479999999997
2017-04-10 12:00:00,26.0,85.75,316.651,305.13635,43.50100000000003,31.986350000000016
2017-04-10 12:00:00,26.0,86.0,316.651,305.13635,43.50100000000003,31.986350000000016
2017-04-10 12:00:00,26.0,86.25,316.08762,304.59546,42.93762000000004,31.445460000000026
2017-04-10 12:00:00,26.0,86.5,315.02594,303.8018,41.875940000000014,30.651800000000037
2017-04-10 12:00:00,26.0,86.75,314.83545,303.66446,41.68545,30.514460000000042
2017-04-10 12:00:00,26.0,87.0,314.04434,303.0119,40.89434,29.86190000000005
2017-04-10 12:00:00,26.0,87.25,313.84375,303.1055,40.69375000000002,29.95550000000003
2017-04-10 12:00:00,26.0,87.5,314.2136,303.64783,41.06360000000001,30.49783000000002
2017-04-10 12:00:00,26.0,87.75,314.2702,303.86807,41.12020000000001,30.71807000000001
2017-04-10 12:00:00,26.0,88.0,313.90036,303.6569,40.75036,30.50690000000003
2017-04-10 12:00:00,26.0,88.25,313.90036,303.6569,40.75036,30.50690000000003
2017-04-10 12:00:00,26.0,88.5,313.23456,303.06705,40.08456000000001,29.917050000000017
2017-04-10 12:00:00,26.0,88.75,312.41034,302.40738,39.26034000000004,29.257380000000012
2017-04-10 12:00:00,26.0,89.0,311.81305,302.11545,38.66305,28.965450000000033
2017-04-10 12:00:00,26.0,89.25,311.09225,301.80817,37.94225,28.65817000000004
2017-04-10 12:00:00,26.0,89.5,310.65973,301.67514,37.50973000000005,28.52514000000002
2017-04-10 12:00:00,26.0,89.75,310.41675,301.8297,37.26675,28.679700000000025
2017-04-10 12:00:00,26.0,90.0,309.96622,301.28278,36.816220000000044,28.132780000000025
2017-04-10 12:00:00,25.75,85.5,315.945,304.6661,42.795000000000016,31.516099999999994
2017-04-10 12:00:00,25.75,85.75,315.93665,304.64572,42.78665000000001,31.495720000000006
2017-04-10 12:00:00,25.75,86.0,315.93665,304.64572,42.78665000000001,31.495720000000006
2017-04-10 12:00:00,25.75,86.25,315.8954,304.66443,42.74540000000002,31.514430000000004
2017-04-10 12:00:00,25.75,86.5,315.3592,304.1297,42.20920000000001,30.979700000000037
2017-04-10 12:00:00,25.75,86.75,315.17853,304.02185,42.028530000000046,30.871849999999995
2017-04-10 12:00:00,25.75,87.0,314.54388,303.47168,41.393880000000024,30.321680000000015
2017-04-10 12:00:00,25.75,87.25,313.97992,303.1221,40.829920000000016,29.97210000000001
2017-04-10 12:00:00,25.75,87.5,313.38504,302.88113,40.235040000000026,29.731130000000007
2017-04-10 12:00:00,25.75,87.75,313.078,302.91977,39.928,29.76977000000005
2017-04-10 12:00:00,25.75,88.0,312.96396,302.74957,39.81396000000001,29.59957000000003
2017-04-10 12:00:00,25.75,88.25,312.96396,302.74957,39.81396000000001,29.59957000000003
2017-04-10 12:00:00,25.75,88.5,312.56964,302.12177,39.419640000000015,28.97177000000005
2017-04-10 12:00:00,25.75,88.75,311.91583,301.68927,38.76583000000005,28.539270000000045
2017-04-10 12:00:00,25.75,89.0,311.20886,301.42142,38.05886000000004,28.271420000000035
2017-04-10 12:00:00,25.75,89.25,310.91718,301.50607,37.767179999999996,28.356070000000045
2017-04-10 12:00:00,25.75,89.5,310.5118,301.43423,37.36180000000002,28.284230000000036
2017-04-10 12:00:00,25.75,89.75,310.26996,301.66998,37.11996000000005,28.519980000000032
2017-04-10 12:00:00,25.75,90.0,309.9618,301.53943,36.811800000000005,28.389430000000004
2017-04-10 12:00:00,25.5,85.5,315.89865,304.66998,42.74865,31.519980000000032
2017-04-10 12:00:00,25.5,85.75,315.21802,304.2127,42.06802000000005,31.062700000000007
2017-04-10 12:00:00,25.5,86.0,315.21802,304.2127,42.06802000000005,31.062700000000007
2017-04-10 12:00:00,25.5,86.25,315.34384,304.1351,42.19384000000002,30.985100000000045
2017-04-10 12:00:00,25.5,86.5,315.13104,304.1363,41.98104000000001,30.98630000000003
2017-04-10 12:00:00,25.5,86.75,314.90723,304.13602,41.75723000000005,30.986019999999996
2017-04-10 12:00:00,25.5,87.0,314.34787,303.78552,41.19787000000002,30.635520000000042
2017-04-10 12:00:00,25.5,87.25,313.63617,303.32864,40.486170000000016,30.17864000000003
2017-04-10 12:00:00,25.5,87.5,313.2693,303.19843,40.11930000000001,30.048429999999996
2017-04-10 12:00:00,25.5,87.75,313.33704,303.39093,40.187040000000025,30.24093000000005
2017-04-10 12:00:00,25.5,88.0,313.14185,303.02707,39.99185,29.877070000000003
2017-04-10 12:00:00,25.5,88.25,313.14185,303.02707,39.99185,29.877070000000003
2017-04-10 12:00:00,25.5,88.5,312.8077,302.35345,39.657700000000034,29.203450000000032
2017-04-10 12:00:00,25.5,88.75,312.73282,302.19424,39.58282000000003,29.044240000000002
2017-04-10 12:00:00,25.5,89.0,311.9812,301.69403,38.831200000000024,28.54403000000002
2017-04-10 12:00:00,25.5,89.25,311.0595,301.3567,37.90950000000004,28.206700000000012
2017-04-10 12:00:00,25.5,89.5,310.76743,302.2281,37.61743000000001,29.078100000000006
2017-04-10 12:00:00,25.5,89.75,310.32324,302.6226,37.17324000000002,29.4726
2017-04-10 12:00:00,25.5,90.0,310.68228,302.21432,37.532280000000014,29.06432000000001
2017-04-10 12:00:00,25.25,85.5,316.09192,304.49817,42.94192000000004,31.34817000000004
2017-04-10 12:00:00,25.25,85.75,315.66962,304.488,42.51962000000003,31.338000000000022
2017-04-10 12:00:00,25.25,86.0,315.66962,304.488,42.51962000000003,31.338000000000022
2017-04-10 12:00:00,25.25,86.25,315.3733,304.33524,42.223299999999995,31.18524000000002
2017-04-10 12:00:00,25.25,86.5,315.13272,304.25815,41.98272000000003,31.108150000000023
2017-04-10 12:00:00,25.25,86.75,314.75983,304.17874,41.609830000000045,31.028740000000028
2017-04-10 12:00:00,25.25,87.0,314.41113,304.3027,41.26113000000004,31.15270000000004
2017-04-10 12:00:00,25.25,87.25,314.4631,304.35248,41.31310000000002,31.202480000000037
2017-04-10 12:00:00,25.25,87.5,313.82727,303.8605,40.67727000000002,30.710500000000025
2017-04-10 12:00:00,25.25,87.75,312.85992,303.32687,39.70992000000001,30.176870000000008
2017-04-10 12:00:00,25.25,88.0,312.49176,302.92902,39.34176000000002,29.779020000000003
2017-04-10 12:00:00,25.25,88.25,312.49176,302.92902,39.34176000000002,29.779020000000003
2017-04-10 12:00:00,25.25,88.5,312.4788,302.3577,39.3288,29.207700000000045
2017-04-10 12:00:00,25.25,88.75,312.32413,301.9573,39.17413000000005,28.807299999999998
2017-04-10 12:00:00,25.25,89.0,311.93414,301.87003,38.784140000000036,28.72003000000001
2017-04-10 12:00:00,25.25,89.25,311.19418,301.51233,38.04418000000004,28.362330000000043
2017-04-10 12:00:00,25.25,89.5,310.97836,302.26715,37.82836000000003,29.117150000000038
2017-04-10 12:00:00,25.25,89.75,310.4231,302.59174,37.2731,29.44174000000004
2017-04-10 12:00:00,25.25,90.0,310.61398,302.9964,37.46398000000005,29.846400000000017
2017-04-10 12:00:00,25.0,85.5,316.50082,304.84653,43.35082,31.696529999999996
2017-04-10 12:00:00,25.0,85.75,315.5484,304.31906,42.39840000000004,31.16906
2017-04-10 12:00:00,25.0,86.0,315.5484,304.31906,42.39840000000004,31.16906
2017-04-10 12:00:00,25.0,86.25,315.01764,303.85226,41.867639999999994,30.702260000000024
2017-04-10 12:00:00,25.0,86.5,315.10385,303.90656,41.953850000000045,30.756560000000036
2017-04-10 12:00:00,25.0,86.75,314.64148,303.98428,41.491480000000024,30.834280000000035
2017-04-10 12:00:00,25.0,87.0,314.59088,304.1047,41.44088000000005,30.954700000000003
2017-04-10 12:00:00,25.0,87.25,314.35986,304.15762,41.20986000000005,31.00762000000003
2017-04-10 12:00:00,25.0,87.5,313.7446,303.891,40.594600000000014,30.741000000000042
2017-04-10 12:00:00,25.0,87.75,313.14658,303.699,39.996579999999994,30.549000000000035
2017-04-10 12:00:00,25.0,88.0,312.98346,303.6959,39.83346,30.545900000000017
2017-04-10 12:00:00,25.0,88.25,312.98346,303.6959,39.83346,30.545900000000017
2017-04-10 12:00:00,25.0,88.5,313.22888,303.3602,40.07888000000003,30.210200000000043
2017-04-10 12:00:00,25.0,88.75,313.07053,302.70377,39.92053000000004,29.553770000000043
2017-04-10 12:00:00,25.0,89.0,312.0826,302.37943,38.932600000000036,29.229430000000036
2017-04-10 12:00:00,25.0,89.25,311.52676,302.42813,38.37676000000005,29.278130000000033
2017-04-10 12:00:00,25.0,89.5,311.0852,302.8286,37.93520000000001,29.678600000000017
2017-04-10 12:00:00,25.0,89.75,310.5073,303.17126,37.35730000000001,30.02126000000004
2017-04-10 12:00:00,25.0,90.0,310.60678,303.42386,37.45678000000004,30.273860000000013
2017-04-10 12:00:00,24.75,85.5,316.50082,304.84653,43.35082,31.696529999999996
2017-04-10 12:00:00,24.75,85.75,315.5484,304.31906,42.39840000000004,31.16906
2017-04-10 12:00:00,24.75,86.0,315.5484,304.31906,42.39840000000004,31.16906
2017-04-10 12:00:00,24.75,86.25,315.01764,303.85226,41.867639999999994,30.702260000000024
2017-04-10 12:00:00,24.75,86.5,315.10385,303.90656,41.953850000000045,30.756560000000036
2017-04-10 12:00:00,24.75,86.75,314.64148,303.98428,41.491480000000024,30.834280000000035
2017-04-10 12:00:00,24.75,87.0,314.59088,304.1047,41.44088000000005,30.954700000000003
2017-04-10 12:00:00,24.75,87.25,314.35986,304.15762,41.20986000000005,31.00762000000003
2017-04-10 12:00:00,24.75,87.5,313.7446,303.891,40.594600000000014,30.741000000000042
2017-04-10 12:00:00,24.75,87.75,313.14658,303.699,39.996579999999994,30.549000000000035
2017-04-10 12:00:00,24.75,88.0,312.98346,303.6959,39.83346,30.545900000000017
2017-04-10 12:00:00,24.75,88.25,312.98346,303.6959,39.83346,30.545900000000017
2017-04-10 12:00:00,24.75,88.5,313.22888,303.3602,40.07888000000003,30.210200000000043
2017-04-10 12:00:00,24.75,88.75,313.07053,302.70377,39.92053000000004,29.553770000000043
2017-04-10 12:00:00,24.75,89.0,312.0826,302.37943,38.932600000000036,29.229430000000036
2017-04-10 12:00:00,24.75,89.25,311.52676,302.42813,38.37676000000005,29.278130000000033
2017-04-10 12:00:00,24.75,89.5,311.0852,302.8286,37.93520000000001,29.678600000000017
2017-04-10 12:00:00,24.75,89.75,310.5073,303.17126,37.35730000000001,30.02126000000004
2017-04-10 12:00:00,24.75,90.0,310.60678,303.42386,37.45678000000004,30.273860000000013
2017-04-10 12:00:00,24.5,85.5,315.18042,303.8769,42.03042000000005,30.7269
2017-04-10 12:00:00,24.5,85.75,315.4836,303.93323,42.33360000000005,30.783230000000003
2017-04-10 12:00:00,24.5,86.0,315.4836,303.93323,42.33360000000005,30.783230000000003
2017-04-10 12:00:00,24.5,86.25,314.77673,303.37662,41.62673000000001,30.226620000000025
2017-04-10 12:00:00,24.5,86.5,314.8273,303.50983,41.6773,30.359830000000045
2017-04-10 12:00:00,24.5,86.75,314.48325,303.54047,41.33325000000002,30.39047000000005
2017-04-10 12:00:00,24.5,87.0,314.25702,303.66733,41.107020000000034,30.517330000000015
2017-04-10 12:00:00,24.5,87.25,313.77643,303.5353,40.62643000000003,30.38530000000003
2017-04-10 12:00:00,24.5,87.5,313.25153,303.37402,40.101530000000025,30.224019999999996
2017-04-10 12:00:00,24.5,87.75,313.21603,303.45377,40.06603000000001,30.303770000000043
2017-04-10 12:00:00,24.5,88.0,313.3178,303.65723,40.1678,30.50723000000005
2017-04-10 12:00:00,24.5,88.25,313.3178,303.65723,40.1678,30.50723000000005
2017-04-10 12:00:00,24.5,88.5,313.3535,303.70596,40.20350000000002,30.555960000000027
2017-04-10 12:00:00,24.5,88.75,313.01193,303.18143,39.86193000000003,30.03143
2017-04-10 12:00:00,24.5,89.0,311.76523,302.43497,38.61523,29.284970000000044
2017-04-10 12:00:00,24.5,89.25,311.5366,302.99292,38.386600000000044,29.84292000000005
2017-04-10 12:00:00,24.5,89.5,311.08572,303.2109,37.93572,30.060900000000004
2017-04-10 12:00:00,24.5,89.75,310.84338,303.42142,37.69338000000005,30.271420000000035
2017-04-10 12:00:00,24.5,90.0,310.95883,303.70093,37.80883,30.55093000000005
2017-04-10 12:00:00,24.25,85.5,314.4756,302.72684,41.32560000000001,29.576840000000004
2017-04-10 12:00:00,24.25,85.75,314.56638,303.0587,41.416380000000004,29.90870000000001
2017-04-10 12:00:00,24.25,86.0,314.56638,303.0587,41.416380000000004,29.90870000000001
2017-04-10 12:00:00,24.25,86.25,315.16376,303.64078,42.01376000000005,30.49078000000003
2017-04-10 12:00:00,24.25,86.5,315.02313,303.87418,41.87313,30.724180000000047
2017-04-10 12:00:00,24.25,86.75,314.5554,303.89526,41.40540000000004,30.74526000000003
2017-04-10 12:00:00,24.25,87.0,314.57263,304.32687,41.42263000000003,31.176870000000008
2017-04-10 12:00:00,24.25,87.25,314.19946,304.26132,41.04946000000001,31.111320000000035
2017-04-10 12:00:00,24.25,87.5,313.9276,304.2545,40.77760000000001,31.10450000000003
2017-04-10 12:00:00,24.25,87.75,314.3683,304.55453,41.2183,31.404530000000022
2017-04-10 12:00:00,24.25,88.0,314.52576,304.85925,41.375760000000014,31.709249999999997
2017-04-10 12:00:00,24.25,88.25,314.52576,304.85925,41.375760000000014,31.709249999999997
2017-04-10 12:00:00,24.25,88.5,313.82462,304.72202,40.674620000000004,31.57202000000001
2017-04-10 12:00:00,24.25,88.75,312.83246,303.76395,39.68246000000005,30.613950000000045
2017-04-10 12:00:00,24.25,89.0,311.95972,302.93878,38.80972000000003,29.78878000000003
2017-04-10 12:00:00,24.25,89.25,312.12222,303.56696,38.97222000000005,30.416960000000017
2017-04-10 12:00:00,24.25,89.5,311.55365,303.7246,38.40365000000003,30.574600000000032
2017-04-10 12:00:00,24.25,89.75,311.25253,304.1285,38.10253,30.978499999999997
2017-04-10 12:00:00,24.25,90.0,311.3738,304.23373,38.22380000000004,31.083730000000003
2017-04-10 12:00:00,24.0,85.5,313.6318,301.96823,40.48180000000002,28.818230000000028
2017-04-10 12:00:00,24.0,85.75,313.711,302.57816,40.561000000000035,29.428160000000048
2017-04-10 12:00:00,24.0,86.0,313.711,302.57816,40.561000000000035,29.428160000000048
2017-04-10 12:00:00,24.0,86.25,314.2485,303.6812,41.0985,30.531200000000013
2017-04-10 12:00:00,24.0,86.5,313.94403,303.3511,40.79403000000002,30.201099999999997
2017-04-10 12:00:00,24.0,86.75,313.71347,302.9218,40.563469999999995,29.77180000000004
2017-04-10 12:00:00,24.0,87.0,314.4347,304.21198,41.28470000000004,31.061980000000005
2017-04-10 12:00:00,24.0,87.25,314.19333,304.40494,41.043330000000026,31.254940000000033
2017-04-10 12:00:00,24.0,87.5,314.68515,305.1476,41.535150000000044,31.997600000000034
2017-04-10 12:00:00,24.0,87.75,315.528,306.64987,42.37800000000004,33.499870000000044
2017-04-10 12:00:00,24.0,88.0,314.8915,306.36002,41.74150000000003,33.21002000000004
2017-04-10 12:00:00,24.0,88.25,314.8915,306.36002,41.74150000000003,33.21002000000004
2017-04-10 12:00:00,24.0,88.5,313.73453,304.92636,40.58453000000003,31.77636000000001
2017-04-10 12:00:00,24.0,88.75,313.43225,304.52203,40.28225000000003,31.372029999999995
2017-04-10 12:00:00,24.0,89.0,312.9176,304.07236,39.767600000000016,30.922360000000026
2017-04-10 12:00:00,24.0,89.25,312.2047,303.9297,39.054700000000025,30.779700000000048
2017-04-10 12:00:00,24.0,89.5,311.95148,304.18378,38.801480000000026,31.033780000000036
2017-04-10 12:00:00,24.0,89.75,311.68527,304.53513,38.535270000000025,31.385130000000004
2017-04-10 12:00:00,24.0,90.0,311.63635,304.79987,38.486350000000016,31.64987000000002
2017-04-10 12:00:00,23.75,85.5,314.718,303.82166,41.56800000000004,30.67166000000003
2017-04-10 12:00:00,23.75,85.75,313.839,303.47913,40.68900000000002,30.32913000000002
2017-04-10 12:00:00,23.75,86.0,313.839,303.47913,40.68900000000002,30.32913000000002
2017-04-10 12:00:00,23.75,86.25,315.16544,305.28073,42.01544000000001,32.13073000000003
2017-04-10 12:00:00,23.75,86.5,315.7238,305.99268,42.573800000000006,32.84268000000003
2017-04-10 12:00:00,23.75,86.75,314.48575,304.90768,41.33575000000002,31.75768000000005
2017-04-10 12:00:00,23.75,87.0,314.21506,304.329,41.06506000000002,31.17900000000003
2017-04-10 12:00:00,23.75,87.25,314.1916,304.46072,41.04160000000002,31.310720000000003
2017-04-10 12:00:00,23.75,87.5,315.22076,306.1112,42.07076000000001,32.96120000000002
2017-04-10 12:00:00,23.75,87.75,315.8227,306.44382,42.67270000000002,33.29382000000004
2017-04-10 12:00:00,23.75,88.0,314.896,305.45697,41.74600000000004,32.306970000000035
2017-04-10 12:00:00,23.75,88.25,314.896,305.45697,41.74600000000004,32.306970000000035
2017-04-10 12:00:00,23.75,88.5,313.7925,305.1493,40.64250000000004,31.999300000000005
2017-04-10 12:00:00,23.75,88.75,313.3533,304.9435,40.20330000000001,31.793499999999995
2017-04-10 12:00:00,23.75,89.0,313.15732,304.9413,40.00732000000005,31.791300000000035
2017-04-10 12:00:00,23.75,89.25,312.9432,304.87903,39.79320000000001,31.729030000000023
2017-04-10 12:00:00,23.75,89.5,312.77744,305.2056,39.627440000000036,32.05560000000003
2017-04-10 12:00:00,23.75,89.75,312.23135,305.98706,39.08135000000004,32.83706000000001
2017-04-10 12:00:00,23.75,90.0,312.12466,305.56442,38.97466000000003,32.41442000000001
2017-04-10 12:00:00,23.5,85.5,314.0406,303.2095,40.890600000000006,30.059500000000014
2017-04-10 12:00:00,23.5,85.75,315.10425,304.6071,41.95425,31.457100000000025
2017-04-10 12:00:00,23.5,86.0,315.10425,304.6071,41.95425,31.457100000000025
2017-04-10 12:00:00,23.5,86.25,316.12973,306.00842,42.97973000000002,32.858420000000024
2017-04-10 12:00:00,23.5,86.5,315.92532,305.92615,42.77532000000002,32.77615000000003
2017-04-10 12:00:00,23.5,86.75,314.86325,304.55566,41.713250000000016,31.40566000000001
2017-04-10 12:00:00,23.5,87.0,314.7667,304.78198,41.61670000000004,31.63198
2017-04-10 12:00:00,23.5,87.25,314.7536,305.85815,41.60360000000003,32.708150000000046
2017-04-10 12:00:00,23.5,87.5,314.96063,306.43457,41.81063,33.28457000000003
2017-04-10 12:00:00,23.5,87.75,315.03375,305.89954,41.88375000000002,32.749540000000025
2017-04-10 12:00:00,23.5,88.0,314.44736,305.01498,41.297360000000026,31.864980000000003
2017-04-10 12:00:00,23.5,88.25,314.44736,305.01498,41.297360000000026,31.864980000000003
2017-04-10 12:00:00,23.5,88.5,313.7529,304.77518,40.602900000000034,31.62518
2017-04-10 12:00:00,23.5,88.75,313.50793,305.16635,40.35793000000001,32.016350000000045
2017-04-10 12:00:00,23.5,89.0,313.39072,305.66617,40.24072000000001,32.516170000000045
2017-04-10 12:00:00,23.5,89.25,313.25128,305.66898,40.10128000000003,32.51898
2017-04-10 12:00:00,23.5,89.5,313.0695,305.6944,39.91950000000003,32.544399999999996
2017-04-10 12:00:00,23.5,89.75,312.8687,305.75397,39.71870000000001,32.603970000000004
2017-04-10 12:00:00,23.5,90.0,312.86966,306.41983,39.71966000000003,33.26983000000001
2017-04-10 12:00:00,23.25,85.5,316.18823,305.72464,43.03823,32.574640000000045
2017-04-10 12:00:00,23.25,85.75,316.91626,306.8146,43.766260000000045,33.66460000000001
2017-04-10 12:00:00,23.25,86.0,316.91626,306.8146,43.766260000000045,33.66460000000001
2017-04-10 12:00:00,23.25,86.25,316.84808,306.89423,43.698080000000004,33.744230000000016
2017-04-10 12:00:00,23.25,86.5,316.23798,306.07687,43.087980000000016,32.92687000000001
2017-04-10 12:00:00,23.25,86.75,316.2693,306.53064,43.11930000000001,33.38064000000003
2017-04-10 12:00:00,23.25,87.0,316.02563,307.45416,42.87563,34.304160000000024
2017-04-10 12:00:00,23.25,87.25,315.93253,308.5311,42.78253000000001,35.3811
2017-04-10 12:00:00,23.25,87.5,315.82382,308.58237,42.673820000000035,35.43237000000005
2017-04-10 12:00:00,23.25,87.75,315.49704,307.31018,42.34704000000005,34.160180000000025
2017-04-10 12:00:00,23.25,88.0,315.18234,306.29105,42.03234000000003,33.14105000000001
2017-04-10 12:00:00,23.25,88.25,315.18234,306.29105,42.03234000000003,33.14105000000001
2017-04-10 12:00:00,23.25,88.5,314.9688,306.43335,41.81880000000001,33.28335000000004
2017-04-10 12:00:00,23.25,88.75,314.76315,306.83383,41.61315000000002,33.68383
2017-04-10 12:00:00,23.25,89.0,314.6165,306.8922,41.466499999999996,33.742200000000025
2017-04-10 12:00:00,23.25,89.25,314.44226,306.8579,41.29226,33.707899999999995
2017-04-10 12:00:00,23.25,89.5,314.19022,307.12527,41.04022000000003,33.97527000000002
2017-04-10 12:00:00,23.25,89.75,313.99265,308.03665,40.84265000000005,34.88665000000003
2017-04-10 12:00:00,23.25,90.0,313.73282,308.11526,40.58282000000003,34.96526
2017-04-10 12:00:00,23.0,85.5,317.31268,307.26477,44.16268000000002,34.11477000000002
2017-04-10 12:00:00,23.0,85.75,317.77145,307.8954,44.62145000000004,34.74540000000002
2017-04-10 12:00:00,23.0,86.0,317.77145,307.8954,44.62145000000004,34.74540000000002
2017-04-10 12:00:00,23.0,86.25,317.45496,308.2114,44.30496000000005,35.06140000000005
2017-04-10 12:00:00,23.0,86.5,316.6544,307.32352,43.50440000000003,34.173519999999996
2017-04-10 12:00:00,23.0,86.75,315.93854,308.3188,42.78854000000001,35.16880000000003
2017-04-10 12:00:00,23.0,87.0,316.11588,308.4061,42.96588000000003,35.2561
2017-04-10 12:00:00,23.0,87.25,316.1936,308.46542,43.043600000000026,35.31542000000002
2017-04-10 12:00:00,23.0,87.5,316.15448,308.78287,43.00448,35.632870000000025
2017-04-10 12:00:00,23.0,87.75,316.28714,308.85672,43.137140000000045,35.70672000000002
2017-04-10 12:00:00,23.0,88.0,316.343,309.20752,43.19300000000004,36.05752000000001
2017-04-10 12:00:00,23.0,88.25,316.343,309.20752,43.19300000000004,36.05752000000001
2017-04-10 12:00:00,23.0,88.5,316.10483,309.3819,42.954830000000015,36.231899999999996
2017-04-10 12:00:00,23.0,88.75,315.70477,308.4897,42.55477000000002,35.33970000000005
2017-04-10 12:00:00,23.0,89.0,315.3451,307.8875,42.195100000000025,34.73750000000001
2017-04-10 12:00:00,23.0,89.25,315.07672,307.7502,41.926720000000046,34.60020000000003
2017-04-10 12:00:00,23.0,89.5,314.34348,307.45193,41.19348000000002,34.30193000000003
2017-04-10 12:00:00,23.0,89.75,314.1927,307.4117,41.042700000000025,34.26170000000002
2017-04-10 12:00:00,23.0,90.0,313.81784,307.4063,40.66784000000001,34.25630000000001
2017-04-10 12:00:00,22.75,85.5,317.85706,308.17734,44.70706000000001,35.02734000000004
2017-04-10 12:00:00,22.75,85.75,319.0032,309.72998,45.853200000000015,36.579980000000035
2017-04-10 12:00:00,22.75,86.0,319.0032,309.72998,45.853200000000015,36.579980000000035
2017-04-10 12:00:00,22.75,86.25,318.90726,309.488,45.75726000000003,36.33800000000002
2017-04-10 12:00:00,22.75,86.5,317.1807,307.97766,44.030700000000024,34.82766000000004
2017-04-10 12:00:00,22.75,86.75,316.8582,307.4814,43.70820000000003,34.33140000000003
2017-04-10 12:00:00,22.75,87.0,316.82495,308.5213,43.674950000000024,35.37130000000002
2017-04-10 12:00:00,22.75,87.25,316.72308,309.65475,43.573080000000004,36.50475
2017-04-10 12:00:00,22.75,87.5,316.37262,309.76816,43.222620000000006,36.618160000000046
2017-04-10 12:00:00,22.75,87.75,316.05646,308.9934,42.90646000000004,35.84340000000003
2017-04-10 12:00:00,22.75,88.0,315.50195,308.35678,42.351950000000045,35.20678000000004
2017-04-10 12:00:00,22.75,88.25,315.50195,308.35678,42.351950000000045,35.20678000000004
2017-04-10 12:00:00,22.75,88.5,315.0303,307.75674,41.880300000000034,34.60674
2017-04-10 12:00:00,22.75,88.75,314.81256,307.48062,41.66256000000004,34.33062000000001
2017-04-10 12:00:00,22.75,89.0,314.6279,307.66223,41.477900000000034,34.512230000000045
2017-04-10 12:00:00,22.75,89.25,314.10394,307.3016,40.953940000000046,34.15160000000003
2017-04-10 12:00:00,22.75,89.5,313.37454,306.3637,40.22454000000005,33.21370000000002
2017-04-10 12:00:00,22.75,89.75,312.68878,306.06015,39.53878000000003,32.910150000000044
2017-04-10 12:00:00,22.75,90.0,311.7784,306.24167,38.6284,33.09167000000002
2017-04-10 12:00:00,22.5,85.5,317.85706,308.17734,44.70706000000001,35.02734000000004
2017-04-10 12:00:00,22.5,85.75,319.0032,309.72998,45.853200000000015,36.579980000000035
2017-04-10 12:00:00,22.5,86.0,319.0032,309.72998,45.853200000000015,36.579980000000035
2017-04-10 12:00:00,22.5,86.25,318.90726,309.488,45.75726000000003,36.33800000000002
2017-04-10 12:00:00,22.5,86.5,317.1807,307.97766,44.030700000000024,34.82766000000004
2017-04-10 12:00:00,22.5,86.75,316.8582,307.4814,43.70820000000003,34.33140000000003
2017-04-10 12:00:00,22.5,87.0,316.82495,308.5213,43.674950000000024,35.37130000000002
2017-04-10 12:00:00,22.5,87.25,316.72308,309.65475,43.573080000000004,36.50475
2017-04-10 12:00:00,22.5,87.5,316.37262,309.76816,43.222620000000006,36.618160000000046
2017-04-10 12:00:00,22.5,87.75,316.05646,308.9934,42.90646000000004,35.84340000000003
2017-04-10 12:00:00,22.5,88.0,315.50195,308.35678,42.351950000000045,35.20678000000004
2017-04-10 12:00:00,22.5,88.25,315.50195,308.35678,42.351950000000045,35.20678000000004
2017-04-10 12:00:00,22.5,88.5,315.0303,307.75674,41.880300000000034,34.60674
2017-04-10 12:00:00,22.5,88.75,314.81256,307.48062,41.66256000000004,34.33062000000001
2017-04-10 12:00:00,22.5,89.0,314.6279,307.66223,41.477900000000034,34.512230000000045
2017-04-10 12:00:00,22.5,89.25,314.10394,307.3016,40.953940000000046,34.15160000000003
2017-04-10 12:00:00,22.5,89.5,313.37454,306.3637,40.22454000000005,33.21370000000002
2017-04-10 12:00:00,22.5,89.75,312.68878,306.06015,39.53878000000003,32.910150000000044
2017-04-10 12:00:00,22.5,90.0,311.7784,306.24167,38.6284,33.09167000000002
2017-04-10 12:00:00,22.25,85.5,318.5777,309.03934,45.427700000000016,35.889340000000004
2017-04-10 12:00:00,22.25,85.75,319.00638,309.72125,45.85638,36.57125000000002
2017-04-10 12:00:00,22.25,86.0,319.00638,309.72125,45.85638,36.57125000000002
2017-04-10 12:00:00,22.25,86.25,319.1601,309.39673,46.01010000000002,36.246730000000014
2017-04-10 12:00:00,22.25,86.5,316.47092,307.2088,43.32092,34.05880000000002
2017-04-10 12:00:00,22.25,86.75,317.2518,308.431,44.101800000000026,35.281000000000006
2017-04-10 12:00:00,22.25,87.0,316.88297,308.5219,43.73297000000002,35.37190000000004
2017-04-10 12:00:00,22.25,87.25,316.93512,308.47858,43.785120000000006,35.328580000000045
2017-04-10 12:00:00,22.25,87.5,316.1063,307.72995,42.9563,34.57995
2017-04-10 12:00:00,22.25,87.75,314.58588,306.8762,41.43588,33.726200000000006
2017-04-10 12:00:00,22.25,88.0,314.1348,307.03888,40.98480000000001,33.88888000000003
2017-04-10 12:00:00,22.25,88.25,314.1348,307.03888,40.98480000000001,33.88888000000003
2017-04-10 12:00:00,22.25,88.5,313.98514,307.20068,40.835140000000024,34.05068
2017-04-10 12:00:00,22.25,88.75,313.86636,307.22726,40.71636000000001,34.077260000000024
2017-04-10 12:00:00,22.25,89.0,314.00223,307.59094,40.85223000000002,34.44094000000001
2017-04-10 12:00:00,22.25,89.25,313.0162,307.26355,39.86620000000005,34.11355000000003
2017-04-10 12:00:00,22.25,89.5,310.84232,306.08545,37.692319999999995,32.93545
2017-04-10 12:00:00,22.25,89.75,309.41916,305.28818,36.26916,32.138180000000034
2017-04-10 12:00:00,22.25,90.0,308.8513,304.7894,35.7013,31.639400000000023
2017-04-10 12:00:00,22.0,85.5,316.4646,307.13177,43.31460000000004,33.98177000000004
2017-04-10 12:00:00,22.0,85.75,316.84155,307.88232,43.69155000000001,34.732320000000016
2017-04-10 12:00:00,22.0,86.0,316.84155,307.88232,43.69155000000001,34.732320000000016
2017-04-10 12:00:00,22.0,86.25,316.69244,307.0396,43.54244,33.88960000000003
2017-04-10 12:00:00,22.0,86.5,315.3441,306.90872,42.19410000000005,33.75872000000004
2017-04-10 12:00:00,22.0,86.75,317.67374,308.97052,44.52374000000003,35.820520000000045
2017-04-10 12:00:00,22.0,87.0,317.0865,308.1157,43.936500000000024,34.96570000000003
2017-04-10 12:00:00,22.0,87.25,315.81195,307.04395,42.66195000000005,33.89395000000002
2017-04-10 12:00:00,22.0,87.5,314.59726,305.84653,41.44726000000003,32.696529999999996
2017-04-10 12:00:00,22.0,87.75,313.0091,304.73862,39.85910000000001,31.58862000000005
2017-04-10 12:00:00,22.0,88.0,312.70816,305.65384,39.55816000000004,32.503840000000025
2017-04-10 12:00:00,22.0,88.25,312.70816,305.65384,39.55816000000004,32.503840000000025
2017-04-10 12:00:00,22.0,88.5,312.58398,305.86227,39.43398000000002,32.712270000000046
2017-04-10 12:00:00,22.0,88.75,312.4134,305.60764,39.26340000000005,32.457640000000026
2017-04-10 12:00:00,22.0,89.0,312.76285,306.4204,39.61285000000004,33.270399999999995
2017-04-10 12:00:00,22.0,89.25,312.21573,306.66968,39.06573000000003,33.51968000000005
2017-04-10 12:00:00,22.0,89.5,309.8932,305.64578,36.7432,32.495780000000025
2017-04-10 12:00:00,22.0,89.75,307.56396,304.61972,34.41396000000003,31.469719999999995
2017-04-10 12:00:00,22.0,90.0,306.87167,303.79315,33.72167000000002,30.64315000000005
2017-04-10 12:00:00,21.75,85.5,316.9666,307.8375,43.81660000000005,34.6875
2017-04-10 12:00:00,21.75,85.75,317.301,307.757,44.15100000000001,34.60700000000003
2017-04-10 12:00:00,21.75,86.0,317.301,307.757,44.15100000000001,34.60700000000003
2017-04-10 12:00:00,21.75,86.25,314.72934,305.24063,41.57934,32.09063000000003
2017-04-10 12:00:00,21.75,86.5,313.74838,306.90042,40.59838000000002,33.75042000000002
2017-04-10 12:00:00,21.75,86.75,316.3326,308.70407,43.182600000000036,35.554070000000024
2017-04-10 12:00:00,21.75,87.0,315.44333,306.92532,42.293330000000026,33.77532000000002
2017-04-10 12:00:00,21.75,87.25,314.94513,306.2972,41.79513000000003,33.1472
2017-04-10 12:00:00,21.75,87.5,313.5055,305.26547,40.355500000000006,32.115470000000016
2017-04-10 12:00:00,21.75,87.75,311.42715,303.04813,38.277150000000006,29.898130000000037
2017-04-10 12:00:00,21.75,88.0,311.57642,303.33533,38.42642000000001,30.18533000000002
2017-04-10 12:00:00,21.75,88.25,311.57642,303.33533,38.42642000000001,30.18533000000002
2017-04-10 12:00:00,21.75,88.5,311.1338,303.23288,37.98380000000003,30.082880000000046
2017-04-10 12:00:00,21.75,88.75,311.20258,303.34854,38.052580000000034,30.198540000000037
2017-04-10 12:00:00,21.75,89.0,312.6539,304.48706,39.503900000000044,31.337060000000008
2017-04-10 12:00:00,21.75,89.25,311.99976,303.92245,38.84976,30.77245000000005
2017-04-10 12:00:00,21.75,89.5,309.48456,302.2517,36.33456000000001,29.10170000000005
2017-04-10 12:00:00,21.75,89.75,308.1229,301.8665,34.97290000000004,28.716499999999996
2017-04-10 12:00:00,21.75,90.0,307.40292,302.15134,34.25292000000002,29.001340000000027
2017-04-10 12:00:00,21.5,85.5,315.4856,306.7297,42.3356,33.5797
2017-04-10 12:00:00,21.5,85.75,315.31516,306.49933,42.165160000000014,33.34933000000001
2017-04-10 12:00:00,21.5,86.0,315.31516,306.49933,42.165160000000014,33.34933000000001
2017-04-10 12:00:00,21.5,86.25,314.08188,306.41495,40.931880000000035,33.26495
2017-04-10 12:00:00,21.5,86.5,314.21268,307.72244,41.06268,34.57244000000003
2017-04-10 12:00:00,21.5,86.75,315.27393,308.1309,42.12393000000003,34.98090000000002
2017-04-10 12:00:00,21.5,87.0,311.85706,303.2738,38.70706000000001,30.123800000000017
2017-04-10 12:00:00,21.5,87.25,311.0547,301.93198,37.90470000000005,28.781980000000033
2017-04-10 12:00:00,21.5,87.5,311.15146,302.5895,38.00146000000001,29.43950000000001
2017-04-10 12:00:00,21.5,87.75,311.12415,302.36404,37.97415000000001,29.21404000000001
2017-04-10 12:00:00,21.5,88.0,310.918,302.4717,37.76800000000003,29.32170000000002
2017-04-10 12:00:00,21.5,88.25,310.918,302.4717,37.76800000000003,29.32170000000002
2017-04-10 12:00:00,21.5,88.5,310.6733,302.26242,37.523300000000006,29.112420000000043
2017-04-10 12:00:00,21.5,88.75,310.63437,302.20047,37.48437000000001,29.05047000000002
2017-04-10 12:00:00,21.5,89.0,310.72327,302.43524,37.573270000000036,29.285240000000044
2017-04-10 12:00:00,21.5,89.25,310.62976,302.26224,37.47976,29.112240000000043
2017-04-10 12:00:00,21.5,89.5,310.2974,302.17844,37.147400000000005,29.028440000000046
2017-04-10 12:00:00,21.5,89.75,309.88083,302.48523,36.730830000000026,29.335230000000024
2017-04-10 12:00:00,21.5,90.0,309.5204,303.0686,36.37040000000002,29.918600000000026
2017-04-10 12:00:00,21.25,85.5,316.87897,309.39603,43.728970000000004,36.24603000000002
2017-04-10 12:00:00,21.25,85.75,314.32208,308.3908,41.17208000000005,35.240800000000036
2017-04-10 12:00:00,21.25,86.0,314.32208,308.3908,41.17208000000005,35.240800000000036
2017-04-10 12:00:00,21.25,86.25,314.13684,308.16724,40.98684000000003,35.017240000000015
2017-04-10 12:00:00,21.25,86.5,312.24902,307.7394,39.099019999999996,34.58940000000001
2017-04-10 12:00:00,21.25,86.75,312.7796,307.1447,39.62960000000004,33.99470000000002
2017-04-10 12:00:00,21.25,87.0,311.05188,302.66937,37.901880000000006,29.519370000000038
2017-04-10 12:00:00,21.25,87.25,310.83426,301.34036,37.684259999999995,28.19036
2017-04-10 12:00:00,21.25,87.5,311.0938,302.10107,37.94380000000001,28.951070000000016
2017-04-10 12:00:00,21.25,87.75,311.1389,302.31915,37.9889,29.169150000000002
2017-04-10 12:00:00,21.25,88.0,310.90997,302.43924,37.75997000000001,29.289240000000007
2017-04-10 12:00:00,21.25,88.25,310.90997,302.43924,37.75997000000001,29.289240000000007
2017-04-10 12:00:00,21.25,88.5,310.5909,302.64688,37.4409,29.496880000000033
2017-04-10 12:00:00,21.25,88.75,310.5008,302.79974,37.35080000000005,29.64974000000001
2017-04-10 12:00:00,21.25,89.0,310.62756,302.83044,37.47756000000004,29.680440000000033
2017-04-10 12:00:00,21.25,89.25,310.71857,303.06476,37.56857000000002,29.91476
2017-04-10 12:00:00,21.25,89.5,310.69852,303.51102,37.548519999999996,30.361019999999996
2017-04-10 12:00:00,21.25,89.75,310.57474,303.5134,37.42474000000004,30.363400000000013
2017-04-10 12:00:00,21.25,90.0,310.33932,303.55698,37.18932000000001,30.406980000000033
2017-04-10 12:00:00,21.0,85.5,317.7754,312.74905,44.62540000000001,39.599050000000034
2017-04-10 12:00:00,21.0,85.75,315.18085,310.25452,42.030850000000044,37.104520000000036
2017-04-10 12:00:00,21.0,86.0,315.18085,310.25452,42.030850000000044,37.104520000000036
2017-04-10 12:00:00,21.0,86.25,313.40344,308.30997,40.25344000000001,35.159970000000044
2017-04-10 12:00:00,21.0,86.5,311.56787,307.18283,38.41787000000005,34.03283000000005
2017-04-10 12:00:00,21.0,86.75,314.29996,306.58667,41.14996000000002,33.43667000000005
2017-04-10 12:00:00,21.0,87.0,311.54938,302.7447,38.39938000000001,29.594700000000046
2017-04-10 12:00:00,21.0,87.25,311.0488,301.46878,37.89880000000005,28.318780000000004
2017-04-10 12:00:00,21.0,87.5,311.21365,301.9071,38.063649999999996,28.757100000000037
2017-04-10 12:00:00,21.0,87.75,311.06213,302.22644,37.91213000000005,29.076440000000048
2017-04-10 12:00:00,21.0,88.0,310.6546,302.47018,37.50460000000004,29.32018000000005
2017-04-10 12:00:00,21.0,88.25,310.6546,302.47018,37.50460000000004,29.32018000000005
2017-04-10 12:00:00,21.0,88.5,310.25342,302.71005,37.10342000000003,29.560050000000047
2017-04-10 12:00:00,21.0,88.75,310.2516,302.91824,37.10160000000002,29.76824000000005
2017-04-10 12:00:00,21.0,89.0,310.60056,303.30954,37.450559999999996,30.15954000000005
2017-04-10 12:00:00,21.0,89.25,310.8214,303.61755,37.671400000000006,30.467550000000017
2017-04-10 12:00:00,21.0,89.5,310.68857,303.5479,37.53857000000005,30.39790000000005
2017-04-10 12:00:00,21.0,89.75,310.38498,303.46567,37.23498000000001,30.31567000000001
2017-04-10 12:00:00,21.0,90.0,310.16873,303.4475,37.018730000000005,30.297500000000014
2017-04-10 13:00:00,27.5,85.5,291.7356,292.2439,18.5856,19.09390000000002
2017-04-10 13:00:00,27.5,85.75,289.74197,292.97824,16.591970000000003,19.82824000000005
2017-04-10 13:00:00,27.5,86.0,289.74197,292.97824,16.591970000000003,19.82824000000005
2017-04-10 13:00:00,27.5,86.25,287.6211,289.98474,14.471100000000035,16.83474000000001
2017-04-10 13:00:00,27.5,86.5,284.36646,286.62457,11.21646000000004,13.474570000000028
2017-04-10 13:00:00,27.5,86.75,280.4944,284.0325,7.344400000000007,10.88250000000005
2017-04-10 13:00:00,27.5,87.0,277.98413,284.31247,4.834130000000016,11.162470000000042
2017-04-10 13:00:00,27.5,87.25,276.75955,281.72437,3.609550000000013,8.574370000000044
2017-04-10 13:00:00,27.5,87.5,275.8166,281.58237,2.6666000000000167,8.432370000000049
2017-04-10 13:00:00,27.5,87.75,274.9032,279.51395,1.7532000000000494,6.363950000000045
2017-04-10 13:00:00,27.5,88.0,275.7997,278.1599,2.6496999999999957,5.009900000000016
2017-04-10 13:00:00,27.5,88.25,275.7997,278.1599,2.6496999999999957,5.009900000000016
2017-04-10 13:00:00,27.5,88.5,278.3937,281.48917,5.243700000000047,8.339170000000024
2017-04-10 13:00:00,27.5,88.75,278.24863,280.83505,5.098630000000014,7.685050000000047
2017-04-10 13:00:00,27.5,89.0,273.30173,275.2395,0.15173000000004322,2.0895000000000437
2017-04-10 13:00:00,27.5,89.25,269.5871,271.69617,-3.5628999999999564,-1.4538299999999822
2017-04-10 13:00:00,27.5,89.5,272.4162,274.87115,-0.7337999999999738,1.7211500000000228
2017-04-10 13:00:00,27.5,89.75,274.247,276.5586,1.0970000000000368,3.4086000000000354
2017-04-10 13:00:00,27.5,90.0,276.25665,279.78577,3.106650000000002,6.635770000000036
2017-04-10 13:00:00,27.25,85.5,296.28473,296.45413,23.134730000000047,23.304130000000043
2017-04-10 13:00:00,27.25,85.75,294.11227,293.425,20.962270000000046,20.275000000000034
2017-04-10 13:00:00,27.25,86.0,294.11227,293.425,20.962270000000046,20.275000000000034
2017-04-10 13:00:00,27.25,86.25,292.29138,291.53067,19.141380000000026,18.38067000000001
2017-04-10 13:00:00,27.25,86.5,288.26102,292.31342,15.111019999999996,19.16342000000003
2017-04-10 13:00:00,27.25,86.75,286.18185,291.72528,13.03185000000002,18.57528000000002
2017-04-10 13:00:00,27.25,87.0,283.72214,289.786,10.572140000000047,16.636000000000024
2017-04-10 13:00:00,27.25,87.25,282.38736,289.26224,9.237360000000024,16.112240000000043
2017-04-10 13:00:00,27.25,87.5,282.0242,289.4067,8.87420000000003,16.256700000000023
2017-04-10 13:00:00,27.25,87.75,281.4586,285.7349,8.308600000000013,12.584900000000005
2017-04-10 13:00:00,27.25,88.0,282.03293,284.21982,8.882930000000044,11.06982000000005
2017-04-10 13:00:00,27.25,88.25,282.03293,284.21982,8.882930000000044,11.06982000000005
2017-04-10 13:00:00,27.25,88.5,284.48758,287.73376,11.337580000000003,14.58376000000004
2017-04-10 13:00:00,27.25,88.75,285.5288,288.14847,12.378800000000012,14.998469999999998
2017-04-10 13:00:00,27.25,89.0,282.54477,285.61844,9.394770000000051,12.468440000000044
2017-04-10 13:00:00,27.25,89.25,278.85712,282.99963,5.707120000000032,9.849630000000047
2017-04-10 13:00:00,27.25,89.5,278.24506,281.12784,5.095060000000046,7.977840000000015
2017-04-10 13:00:00,27.25,89.75,277.13193,279.9185,3.981930000000034,6.768500000000017
2017-04-10 13:00:00,27.25,90.0,278.12125,280.98975,4.971249999999998,7.839750000000038
2017-04-10 13:00:00,27.0,85.5,296.28473,296.45413,23.134730000000047,23.304130000000043
2017-04-10 13:00:00,27.0,85.75,294.11227,293.425,20.962270000000046,20.275000000000034
2017-04-10 13:00:00,27.0,86.0,294.11227,293.425,20.962270000000046,20.275000000000034
2017-04-10 13:00:00,27.0,86.25,292.29138,291.53067,19.141380000000026,18.38067000000001
2017-04-10 13:00:00,27.0,86.5,288.26102,292.31342,15.111019999999996,19.16342000000003
2017-04-10 13:00:00,27.0,86.75,286.18185,291.72528,13.03185000000002,18.57528000000002
2017-04-10 13:00:00,27.0,87.0,283.72214,289.786,10.572140000000047,16.636000000000024
2017-04-10 13:00:00,27.0,87.25,282.38736,289.26224,9.237360000000024,16.112240000000043
2017-04-10 13:00:00,27.0,87.5,282.0242,289.4067,8.87420000000003,16.256700000000023
2017-04-10 13:00:00,27.0,87.75,281.4586,285.7349,8.308600000000013,12.584900000000005
2017-04-10 13:00:00,27.0,88.0,282.03293,284.21982,8.882930000000044,11.06982000000005
2017-04-10 13:00:00,27.0,88.25,282.03293,284.21982,8.882930000000044,11.06982000000005
2017-04-10 13:00:00,27.0,88.5,284.48758,287.73376,11.337580000000003,14.58376000000004
2017-04-10 13:00:00,27.0,88.75,285.5288,288.14847,12.378800000000012,14.998469999999998
2017-04-10 13:00:00,27.0,89.0,282.54477,285.61844,9.394770000000051,12.468440000000044
2017-04-10 13:00:00,27.0,89.25,278.85712,282.99963,5.707120000000032,9.849630000000047
2017-04-10 13:00:00,27.0,89.5,278.24506,281.12784,5.095060000000046,7.977840000000015
2017-04-10 13:00:00,27.0,89.75,277.13193,279.9185,3.981930000000034,6.768500000000017
2017-04-10 13:00:00,27.0,90.0,278.12125,280.98975,4.971249999999998,7.839750000000038
2017-04-10 13:00:00,26.75,85.5,297.29523,297.9124,24.145230000000026,24.762400000000014
2017-04-10 13:00:00,26.75,85.75,296.54156,297.78516,23.391560000000027,24.63516000000004
2017-04-10 13:00:00,26.75,86.0,296.54156,297.78516,23.391560000000027,24.63516000000004
2017-04-10 13:00:00,26.75,86.25,295.5705,297.1887,22.420500000000004,24.038700000000006
2017-04-10 13:00:00,26.75,86.5,294.43396,296.3312,21.283960000000036,23.181200000000047
2017-04-10 13:00:00,26.75,86.75,292.04785,293.26108,18.897850000000005,20.111080000000015
2017-04-10 13:00:00,26.75,87.0,289.482,294.23355,16.33200000000005,21.083550000000002
2017-04-10 13:00:00,26.75,87.25,287.99466,294.56775,14.844660000000033,21.417750000000012
2017-04-10 13:00:00,26.75,87.5,287.48837,293.84933,14.338369999999998,20.69933000000003
2017-04-10 13:00:00,26.75,87.75,287.01996,292.7381,13.869960000000049,19.588099999999997
2017-04-10 13:00:00,26.75,88.0,287.18768,292.32968,14.037680000000023,19.17968000000002
2017-04-10 13:00:00,26.75,88.25,287.18768,292.32968,14.037680000000023,19.17968000000002
2017-04-10 13:00:00,26.75,88.5,288.70355,292.8079,15.55355000000003,19.65790000000004
2017-04-10 13:00:00,26.75,88.75,290.1683,293.0583,17.01830000000001,19.908299999999997
2017-04-10 13:00:00,26.75,89.0,290.0195,293.4928,16.869500000000016,20.34280000000001
2017-04-10 13:00:00,26.75,89.25,288.64163,292.5182,15.491630000000043,19.3682
2017-04-10 13:00:00,26.75,89.5,287.24982,291.0535,14.099820000000022,17.903500000000008
2017-04-10 13:00:00,26.75,89.75,284.77347,288.38754,11.623469999999998,15.237540000000024
2017-04-10 13:00:00,26.75,90.0,285.44705,290.35098,12.297050000000013,17.200980000000015
2017-04-10 13:00:00,26.5,85.5,297.67636,298.6929,24.52636000000001,25.54290000000003
2017-04-10 13:00:00,26.5,85.75,297.1237,298.51343,23.973700000000008,25.36343000000005
2017-04-10 13:00:00,26.5,86.0,297.1237,298.51343,23.973700000000008,25.36343000000005
2017-04-10 13:00:00,26.5,86.25,295.7216,297.56534,22.571600000000046,24.415340000000015
2017-04-10 13:00:00,26.5,86.5,295.45206,297.08527,22.30206000000004,23.935270000000003
2017-04-10 13:00:00,26.5,86.75,294.44122,296.6328,21.29122000000001,23.482799999999997
2017-04-10 13:00:00,26.5,87.0,291.7962,294.23477,18.64620000000002,21.08477000000005
2017-04-10 13:00:00,26.5,87.25,291.6175,295.81042,18.46750000000003,22.660420000000045
2017-04-10 13:00:00,26.5,87.5,291.80096,298.13535,18.650959999999998,24.98535000000004
2017-04-10 13:00:00,26.5,87.75,291.15576,296.60315,18.00576000000001,23.45315000000005
2017-04-10 13:00:00,26.5,88.0,290.94107,294.31903,17.791070000000047,21.16903000000002
2017-04-10 13:00:00,26.5,88.25,290.94107,294.31903,17.791070000000047,21.16903000000002
2017-04-10 13:00:00,26.5,88.5,291.47455,294.4359,18.324550000000045,21.285900000000026
2017-04-10 13:00:00,26.5,88.75,291.78156,294.8052,18.631560000000036,21.655200000000036
2017-04-10 13:00:00,26.5,89.0,290.90143,294.11703,17.751430000000028,20.967030000000022
2017-04-10 13:00:00,26.5,89.25,290.0757,294.43768,16.925700000000006,21.287680000000023
2017-04-10 13:00:00,26.5,89.5,291.28555,299.73364,18.135550000000023,26.583640000000003
2017-04-10 13:00:00,26.5,89.75,290.0907,298.65433,16.94070000000005,25.50433000000004
2017-04-10 13:00:00,26.5,90.0,289.63712,297.79254,16.487120000000004,24.642539999999997
2017-04-10 13:00:00,26.25,85.5,296.87827,297.8923,23.72827000000001,24.7423
2017-04-10 13:00:00,26.25,85.75,296.37527,297.59323,23.225270000000023,24.443230000000028
2017-04-10 13:00:00,26.25,86.0,296.37527,297.59323,23.225270000000023,24.443230000000028
2017-04-10 13:00:00,26.25,86.25,295.81067,297.17297,22.66067000000004,24.022970000000043
2017-04-10 13:00:00,26.25,86.5,294.90045,296.6693,21.75045,23.519300000000044
2017-04-10 13:00:00,26.25,86.75,294.70258,296.22745,21.552580000000034,23.07745
2017-04-10 13:00:00,26.25,87.0,293.88058,295.46002,20.73058000000003,22.31002000000001
2017-04-10 13:00:00,26.25,87.25,293.19272,295.18326,20.04272000000003,22.03326000000004
2017-04-10 13:00:00,26.25,87.5,292.99115,295.385,19.841150000000027,22.235000000000014
2017-04-10 13:00:00,26.25,87.75,292.28168,294.7175,19.131680000000017,21.567499999999995
2017-04-10 13:00:00,26.25,88.0,291.607,294.1209,18.45700000000005,20.97090000000003
2017-04-10 13:00:00,26.25,88.25,291.607,294.1209,18.45700000000005,20.97090000000003
2017-04-10 13:00:00,26.25,88.5,291.55783,294.28983,18.407830000000047,21.139830000000018
2017-04-10 13:00:00,26.25,88.75,291.05142,294.09155,17.90142000000003,20.941550000000007
2017-04-10 13:00:00,26.25,89.0,290.0527,293.571,16.90270000000004,20.42100000000005
2017-04-10 13:00:00,26.25,89.25,289.51074,292.12402,16.36074000000002,18.974019999999996
2017-04-10 13:00:00,26.25,89.5,289.62018,292.5409,16.470180000000028,19.390900000000045
2017-04-10 13:00:00,26.25,89.75,290.25485,294.4841,17.10485,21.334100000000035
2017-04-10 13:00:00,26.25,90.0,290.9422,294.8045,17.792200000000037,21.65450000000004
2017-04-10 13:00:00,26.0,85.5,296.6177,297.7788,23.467700000000036,24.628800000000012
2017-04-10 13:00:00,26.0,85.75,296.5572,297.84982,23.407200000000046,24.699820000000045
2017-04-10 13:00:00,26.0,86.0,296.5572,297.84982,23.407200000000046,24.699820000000045
2017-04-10 13:00:00,26.0,86.25,295.84445,297.349,22.694450000000018,24.199000000000012
2017-04-10 13:00:00,26.0,86.5,294.82065,296.42212,21.670650000000023,23.27212000000003
2017-04-10 13:00:00,26.0,86.75,294.1507,295.9984,21.000699999999995,22.848400000000026
2017-04-10 13:00:00,26.0,87.0,293.30115,295.2469,20.15115000000003,22.096900000000005
2017-04-10 13:00:00,26.0,87.25,292.8688,294.90924,19.718800000000044,21.759240000000034
2017-04-10 13:00:00,26.0,87.5,293.0236,295.10458,19.87360000000001,21.95458000000002
2017-04-10 13:00:00,26.0,87.75,293.03302,295.3622,19.883020000000045,22.212199999999996
2017-04-10 13:00:00,26.0,88.0,292.58105,295.33548,19.431050000000027,22.18548000000004
2017-04-10 13:00:00,26.0,88.25,292.58105,295.33548,19.431050000000027,22.18548000000004
2017-04-10 13:00:00,26.0,88.5,291.90805,294.94153,18.758050000000026,21.791530000000023
2017-04-10 13:00:00,26.0,88.75,291.17767,294.38092,18.02767,21.230920000000026
2017-04-10 13:00:00,26.0,89.0,290.55838,293.9981,17.408380000000022,20.848100000000045
2017-04-10 13:00:00,26.0,89.25,290.1327,293.8804,16.982700000000023,20.73040000000003
2017-04-10 13:00:00,26.0,89.5,289.94778,293.90875,16.797780000000046,20.75875000000002
2017-04-10 13:00:00,26.0,89.75,290.05917,294.34415,16.909170000000017,21.194150000000036
2017-04-10 13:00:00,26.0,90.0,289.95587,294.17017,16.805870000000027,21.020170000000007
2017-04-10 13:00:00,25.75,85.5,296.29865,297.4987,23.148650000000032,24.348700000000008
2017-04-10 13:00:00,25.75,85.75,295.89276,297.3285,22.742760000000033,24.178500000000042
2017-04-10 13:00:00,25.75,86.0,295.89276,297.3285,22.742760000000033,24.178500000000042
2017-04-10 13:00:00,25.75,86.25,295.6885,297.31717,22.5385,24.16717
2017-04-10 13:00:00,25.75,86.5,295.0501,296.8577,21.90010000000001,23.707700000000045
2017-04-10 13:00:00,25.75,86.75,294.67395,296.60126,21.523950000000013,23.451260000000048
2017-04-10 13:00:00,25.75,87.0,294.03455,296.08038,20.884550000000047,22.930380000000014
2017-04-10 13:00:00,25.75,87.25,293.28555,295.55487,20.135550000000023,22.404870000000017
2017-04-10 13:00:00,25.75,87.5,292.32108,294.95825,19.171080000000018,21.808250000000044
2017-04-10 13:00:00,25.75,87.75,291.70358,294.67163,18.55358000000001,21.521630000000016
2017-04-10 13:00:00,25.75,88.0,291.4706,294.1071,18.320600000000013,20.957100000000025
2017-04-10 13:00:00,25.75,88.25,291.4706,294.1071,18.320600000000013,20.957100000000025
2017-04-10 13:00:00,25.75,88.5,291.16318,292.94797,18.013180000000034,19.79797000000002
2017-04-10 13:00:00,25.75,88.75,290.65204,292.39706,17.502040000000022,19.247060000000033
2017-04-10 13:00:00,25.75,89.0,289.87158,292.62296,16.721580000000017,19.47296
2017-04-10 13:00:00,25.75,89.25,289.3947,292.63803,16.244700000000023,19.488030000000037
2017-04-10 13:00:00,25.75,89.5,289.29913,292.7565,16.149130000000014,19.60650000000004
2017-04-10 13:00:00,25.75,89.75,289.81912,293.2306,16.66912000000002,20.080600000000004
2017-04-10 13:00:00,25.75,90.0,290.18155,294.42917,17.03155000000004,21.279170000000022
2017-04-10 13:00:00,25.5,85.5,296.0273,297.39648,22.877300000000048,24.24648000000002
2017-04-10 13:00:00,25.5,85.75,295.31546,297.01886,22.165459999999996,23.86886000000004
2017-04-10 13:00:00,25.5,86.0,295.31546,297.01886,22.165459999999996,23.86886000000004
2017-04-10 13:00:00,25.5,86.25,295.2287,296.904,22.078700000000026,23.75400000000002
2017-04-10 13:00:00,25.5,86.5,294.93332,297.0509,21.783320000000003,23.900900000000036
2017-04-10 13:00:00,25.5,86.75,294.53915,296.95624,21.38915000000003,23.806240000000003
2017-04-10 13:00:00,25.5,87.0,293.74033,296.42596,20.590329999999994,23.275959999999998
2017-04-10 13:00:00,25.5,87.25,292.92398,295.79016,19.773979999999995,22.640160000000037
2017-04-10 13:00:00,25.5,87.5,292.43726,295.478,19.287260000000003,22.32800000000003
2017-04-10 13:00:00,25.5,87.75,292.0461,295.3612,18.896100000000047,22.21120000000002
2017-04-10 13:00:00,25.5,88.0,291.7467,294.78754,18.5967,21.63754
2017-04-10 13:00:00,25.5,88.25,291.7467,294.78754,18.5967,21.63754
2017-04-10 13:00:00,25.5,88.5,291.90073,293.81564,18.750730000000033,20.665639999999996
2017-04-10 13:00:00,25.5,88.75,292.08145,293.09018,18.93145000000004,19.940179999999998
2017-04-10 13:00:00,25.5,89.0,291.26157,292.53836,18.11157000000003,19.388360000000034
2017-04-10 13:00:00,25.5,89.25,289.8978,292.43958,16.74780000000004,19.28958
2017-04-10 13:00:00,25.5,89.5,289.41718,293.92688,16.267179999999996,20.776880000000006
2017-04-10 13:00:00,25.5,89.75,290.46344,295.19376,17.313440000000014,22.04376000000002
2017-04-10 13:00:00,25.5,90.0,291.3735,295.4107,18.2235,22.260700000000043
2017-04-10 13:00:00,25.25,85.5,296.0571,297.23346,22.907100000000014,24.083460000000002
2017-04-10 13:00:00,25.25,85.75,295.238,296.93002,22.088000000000022,23.780020000000036
2017-04-10 13:00:00,25.25,86.0,295.238,296.93002,22.088000000000022,23.780020000000036
2017-04-10 13:00:00,25.25,86.25,295.01273,296.91495,21.86273,23.76495
2017-04-10 13:00:00,25.25,86.5,295.11932,297.33228,21.96932000000004,24.18228000000005
2017-04-10 13:00:00,25.25,86.75,294.40836,296.74173,21.25836000000004,23.59173000000004
2017-04-10 13:00:00,25.25,87.0,293.55325,296.135,20.403250000000014,22.985000000000014
2017-04-10 13:00:00,25.25,87.25,293.39212,296.31644,20.24212,23.166440000000023
2017-04-10 13:00:00,25.25,87.5,293.03336,296.2583,19.88336000000004,23.108300000000042
2017-04-10 13:00:00,25.25,87.75,291.87366,294.9167,18.723659999999995,21.766700000000014
2017-04-10 13:00:00,25.25,88.0,291.0413,293.92584,17.8913,20.775840000000017
2017-04-10 13:00:00,25.25,88.25,291.0413,293.92584,17.8913,20.775840000000017
2017-04-10 13:00:00,25.25,88.5,291.15466,293.661,18.00466,20.511000000000024
2017-04-10 13:00:00,25.25,88.75,291.36502,293.02585,18.215020000000038,19.875850000000014
2017-04-10 13:00:00,25.25,89.0,291.0588,293.03656,17.908800000000042,19.88656000000003
2017-04-10 13:00:00,25.25,89.25,289.93988,292.6168,16.78988000000004,19.466800000000035
2017-04-10 13:00:00,25.25,89.5,289.4439,293.75464,16.293900000000008,20.604640000000018
2017-04-10 13:00:00,25.25,89.75,290.14032,293.9308,16.990319999999997,20.7808
2017-04-10 13:00:00,25.25,90.0,290.27982,295.338,17.129819999999995,22.188000000000045
2017-04-10 13:00:00,25.0,85.5,296.12766,297.59955,22.977660000000014,24.449550000000045
2017-04-10 13:00:00,25.0,85.75,295.32935,297.0616,22.17935,23.91160000000002
2017-04-10 13:00:00,25.0,86.0,295.32935,297.0616,22.17935,23.91160000000002
2017-04-10 13:00:00,25.0,86.25,294.59518,296.34088,21.44518000000005,23.19088000000005
2017-04-10 13:00:00,25.0,86.5,294.21378,296.26233,21.06378000000001,23.112330000000043
2017-04-10 13:00:00,25.0,86.75,293.54767,295.83328,20.397670000000005,22.683280000000025
2017-04-10 13:00:00,25.0,87.0,293.53586,295.4501,20.385860000000037,22.300100000000043
2017-04-10 13:00:00,25.0,87.25,293.3583,295.6533,20.20830000000001,22.503300000000024
2017-04-10 13:00:00,25.0,87.5,292.62683,295.32898,19.476830000000007,22.178980000000024
2017-04-10 13:00:00,25.0,87.75,291.92722,294.68433,18.77722,21.53433000000001
2017-04-10 13:00:00,25.0,88.0,291.65103,294.61218,18.501030000000014,21.462180000000046
2017-04-10 13:00:00,25.0,88.25,291.65103,294.61218,18.501030000000014,21.462180000000046
2017-04-10 13:00:00,25.0,88.5,292.04715,294.67343,18.89715000000001,21.52343000000002
2017-04-10 13:00:00,25.0,88.75,292.06116,293.9633,18.911159999999995,20.813300000000027
2017-04-10 13:00:00,25.0,89.0,290.39047,292.97543,17.240470000000016,19.82543000000004
2017-04-10 13:00:00,25.0,89.25,289.90732,293.05777,16.75732000000005,19.907770000000028
2017-04-10 13:00:00,25.0,89.5,289.76913,293.99454,16.61913000000004,20.844539999999995
2017-04-10 13:00:00,25.0,89.75,290.56165,295.80893,17.41165000000001,22.658929999999998
2017-04-10 13:00:00,25.0,90.0,290.90283,296.309,17.752830000000017,23.15900000000005
2017-04-10 13:00:00,24.75,85.5,296.12766,297.59955,22.977660000000014,24.449550000000045
2017-04-10 13:00:00,24.75,85.75,295.32935,297.0616,22.17935,23.91160000000002
2017-04-10 13:00:00,24.75,86.0,295.32935,297.0616,22.17935,23.91160000000002
2017-04-10 13:00:00,24.75,86.25,294.59518,296.34088,21.44518000000005,23.19088000000005
2017-04-10 13:00:00,24.75,86.5,294.21378,296.26233,21.06378000000001,23.112330000000043
2017-04-10 13:00:00,24.75,86.75,293.54767,295.83328,20.397670000000005,22.683280000000025
2017-04-10 13:00:00,24.75,87.0,293.53586,295.4501,20.385860000000037,22.300100000000043
2017-04-10 13:00:00,24.75,87.25,293.3583,295.6533,20.20830000000001,22.503300000000024
2017-04-10 13:00:00,24.75,87.5,292.62683,295.32898,19.476830000000007,22.178980000000024
2017-04-10 13:00:00,24.75,87.75,291.92722,294.68433,18.77722,21.53433000000001
2017-04-10 13:00:00,24.75,88.0,291.65103,294.61218,18.501030000000014,21.462180000000046
2017-04-10 13:00:00,24.75,88.25,291.65103,294.61218,18.501030000000014,21.462180000000046
2017-04-10 13:00:00,24.75,88.5,292.04715,294.67343,18.89715000000001,21.52343000000002
2017-04-10 13:00:00,24.75,88.75,292.06116,293.9633,18.911159999999995,20.813300000000027
2017-04-10 13:00:00,24.75,89.0,290.39047,292.97543,17.240470000000016,19.82543000000004
2017-04-10 13:00:00,24.75,89.25,289.90732,293.05777,16.75732000000005,19.907770000000028
2017-04-10 13:00:00,24.75,89.5,289.76913,293.99454,16.61913000000004,20.844539999999995
2017-04-10 13:00:00,24.75,89.75,290.56165,295.80893,17.41165000000001,22.658929999999998
2017-04-10 13:00:00,24.75,90.0,290.90283,296.309,17.752830000000017,23.15900000000005
2017-04-10 13:00:00,24.5,85.5,295.35373,296.8401,22.203730000000007,23.69010000000003
2017-04-10 13:00:00,24.5,85.75,295.14618,296.8391,21.996180000000038,23.689099999999996
2017-04-10 13:00:00,24.5,86.0,295.14618,296.8391,21.996180000000038,23.689099999999996
2017-04-10 13:00:00,24.5,86.25,294.024,295.7554,20.874000000000024,22.60540000000003
2017-04-10 13:00:00,24.5,86.5,293.67813,295.52673,20.528130000000033,22.37673000000001
2017-04-10 13:00:00,24.5,86.75,293.04422,295.2664,19.89422000000002,22.1164
2017-04-10 13:00:00,24.5,87.0,292.59583,295.17,19.44583,22.02000000000004
2017-04-10 13:00:00,24.5,87.25,292.1959,295.08038,19.045900000000017,21.930380000000014
2017-04-10 13:00:00,24.5,87.5,291.84772,294.6853,18.697720000000004,21.535300000000007
2017-04-10 13:00:00,24.5,87.75,291.78036,294.0013,18.630359999999996,20.851300000000037
2017-04-10 13:00:00,24.5,88.0,291.8961,293.813,18.746100000000013,20.66300000000001
2017-04-10 13:00:00,24.5,88.25,291.8961,293.813,18.746100000000013,20.66300000000001
2017-04-10 13:00:00,24.5,88.5,292.33057,294.43372,19.180570000000046,21.283720000000017
2017-04-10 13:00:00,24.5,88.75,292.17874,294.39566,19.028740000000028,21.245660000000044
2017-04-10 13:00:00,24.5,89.0,290.36386,293.27115,17.21386000000001,20.12115
2017-04-10 13:00:00,24.5,89.25,290.0961,293.99573,16.9461,20.845730000000003
2017-04-10 13:00:00,24.5,89.5,290.38608,295.19183,17.236080000000015,22.041830000000004
2017-04-10 13:00:00,24.5,89.75,291.22348,296.64136,18.073480000000018,23.491360000000043
2017-04-10 13:00:00,24.5,90.0,291.6538,296.88425,18.503800000000012,23.73425000000003
2017-04-10 13:00:00,24.25,85.5,293.54343,294.81506,20.393430000000023,21.66506000000004
2017-04-10 13:00:00,24.25,85.75,292.95505,294.41324,19.80505000000005,21.263239999999996
2017-04-10 13:00:00,24.25,86.0,292.95505,294.41324,19.80505000000005,21.263239999999996
2017-04-10 13:00:00,24.25,86.25,293.60074,295.29086,20.450739999999996,22.140860000000032
2017-04-10 13:00:00,24.25,86.5,293.32755,295.36075,20.177549999999997,22.21075000000002
2017-04-10 13:00:00,24.25,86.75,292.66653,294.48517,19.516530000000046,21.335170000000005
2017-04-10 13:00:00,24.25,87.0,292.70807,295.13037,19.558070000000043,21.98037000000005
2017-04-10 13:00:00,24.25,87.25,292.49667,295.52005,19.346670000000017,22.37005000000005
2017-04-10 13:00:00,24.25,87.5,292.5005,295.43045,19.35050000000001,22.28045000000003
2017-04-10 13:00:00,24.25,87.75,293.5138,295.84622,20.363800000000026,22.69622000000004
2017-04-10 13:00:00,24.25,88.0,293.85696,296.3939,20.706960000000038,23.243899999999996
2017-04-10 13:00:00,24.25,88.25,293.85696,296.3939,20.706960000000038,23.243899999999996
2017-04-10 13:00:00,24.25,88.5,292.94992,296.34006,19.799920000000043,23.190060000000017
2017-04-10 13:00:00,24.25,88.75,292.07034,295.35327,18.92034000000001,22.203270000000032
2017-04-10 13:00:00,24.25,89.0,291.0077,293.9625,17.857700000000023,20.8125
2017-04-10 13:00:00,24.25,89.25,291.02042,294.8837,17.870420000000024,21.7337
2017-04-10 13:00:00,24.25,89.5,291.2545,296.25595,18.10450000000003,23.105950000000007
2017-04-10 13:00:00,24.25,89.75,291.9444,297.44562,18.794399999999996,24.295620000000042
2017-04-10 13:00:00,24.25,90.0,292.47437,297.47095,19.324370000000044,24.32095000000004
2017-04-10 13:00:00,24.0,85.5,292.6444,293.7072,19.49440000000004,20.557200000000023
2017-04-10 13:00:00,24.0,85.75,292.13275,292.45734,18.98275000000001,19.30734000000001
2017-04-10 13:00:00,24.0,86.0,292.13275,292.45734,18.98275000000001,19.30734000000001
2017-04-10 13:00:00,24.0,86.25,292.78995,293.83304,19.63995,20.683040000000005
2017-04-10 13:00:00,24.0,86.5,292.1115,293.1151,18.9615,19.965100000000007
2017-04-10 13:00:00,24.0,86.75,291.72336,292.68292,18.573360000000037,19.532920000000047
2017-04-10 13:00:00,24.0,87.0,292.39307,294.1281,19.243070000000046,20.97810000000004
2017-04-10 13:00:00,24.0,87.25,292.57172,294.83276,19.42172000000005,21.68276000000003
2017-04-10 13:00:00,24.0,87.5,293.70453,295.8402,20.55453,22.690200000000004
2017-04-10 13:00:00,24.0,87.75,295.15768,298.1898,22.00768000000005,25.039800000000014
2017-04-10 13:00:00,24.0,88.0,294.5717,298.46277,21.421700000000044,25.31277
2017-04-10 13:00:00,24.0,88.25,294.5717,298.46277,21.421700000000044,25.31277
2017-04-10 13:00:00,24.0,88.5,292.98438,296.78696,19.83438000000001,23.636960000000045
2017-04-10 13:00:00,24.0,88.75,292.66806,296.55386,19.518060000000048,23.40386000000001
2017-04-10 13:00:00,24.0,89.0,292.61935,296.2544,19.46935000000002,23.1044
2017-04-10 13:00:00,24.0,89.25,292.44962,296.93896,19.299620000000004,23.78896000000003
2017-04-10 13:00:00,24.0,89.5,292.5196,297.4439,19.369600000000048,24.293900000000008
2017-04-10 13:00:00,24.0,89.75,292.72134,298.12424,19.57134000000002,24.97424000000001
2017-04-10 13:00:00,24.0,90.0,292.80103,298.3055,19.65103000000005,25.155500000000018
2017-04-10 13:00:00,23.75,85.5,293.74207,295.30698,20.592070000000035,22.156980000000033
2017-04-10 13:00:00,23.75,85.75,293.24258,294.33438,20.092579999999998,21.184380000000033
2017-04-10 13:00:00,23.75,86.0,293.24258,294.33438,20.092579999999998,21.184380000000033
2017-04-10 13:00:00,23.75,86.25,293.96967,295.25586,20.81967000000003,22.105860000000007
2017-04-10 13:00:00,23.75,86.5,294.35565,296.6891,21.20565000000005,23.53910000000002
2017-04-10 13:00:00,23.75,86.75,293.39255,295.43945,20.24255000000005,22.289450000000045
2017-04-10 13:00:00,23.75,87.0,293.0962,294.5075,19.946200000000033,21.357500000000016
2017-04-10 13:00:00,23.75,87.25,293.08273,295.55746,19.93273000000005,22.407460000000015
2017-04-10 13:00:00,23.75,87.5,294.78134,298.1312,21.631340000000023,24.9812
2017-04-10 13:00:00,23.75,87.75,295.8927,298.26767,22.742700000000013,25.117670000000032
2017-04-10 13:00:00,23.75,88.0,294.9092,297.25983,21.75920000000002,24.109830000000045
2017-04-10 13:00:00,23.75,88.25,294.9092,297.25983,21.75920000000002,24.109830000000045
2017-04-10 13:00:00,23.75,88.5,293.65424,297.54742,20.50424000000004,24.39742000000001
2017-04-10 13:00:00,23.75,88.75,293.27545,297.60162,20.12545,24.451620000000048
2017-04-10 13:00:00,23.75,89.0,293.56506,298.09763,20.41506000000004,24.947630000000004
2017-04-10 13:00:00,23.75,89.25,293.8822,298.48514,20.732200000000034,25.335140000000024
2017-04-10 13:00:00,23.75,89.5,294.01505,298.82233,20.865049999999997,25.672330000000045
2017-04-10 13:00:00,23.75,89.75,293.82477,299.85422,20.674770000000024,26.70422000000002
2017-04-10 13:00:00,23.75,90.0,294.0364,299.52704,20.886400000000037,26.377040000000022
2017-04-10 13:00:00,23.5,85.5,292.96124,294.36386,19.811239999999998,21.21386000000001
2017-04-10 13:00:00,23.5,85.75,294.1063,295.24213,20.9563,22.092129999999997
2017-04-10 13:00:00,23.5,86.0,294.1063,295.24213,20.9563,22.092129999999997
2017-04-10 13:00:00,23.5,86.25,294.60678,296.2294,21.456780000000037,23.07940000000002
2017-04-10 13:00:00,23.5,86.5,294.19034,296.71234,21.040340000000015,23.562340000000006
2017-04-10 13:00:00,23.5,86.75,293.35083,295.4241,20.200829999999996,22.274100000000033
2017-04-10 13:00:00,23.5,87.0,293.57288,295.26495,20.42288000000002,22.11495000000002
2017-04-10 13:00:00,23.5,87.25,293.88702,298.40506,20.73702000000003,25.255060000000014
2017-04-10 13:00:00,23.5,87.5,294.43726,301.40076,21.287260000000003,28.250760000000014
2017-04-10 13:00:00,23.5,87.75,294.88168,300.5869,21.73168000000004,27.436900000000037
2017-04-10 13:00:00,23.5,88.0,294.3684,297.68954,21.21840000000003,24.539540000000045
2017-04-10 13:00:00,23.5,88.25,294.3684,297.68954,21.21840000000003,24.539540000000045
2017-04-10 13:00:00,23.5,88.5,293.49634,296.4195,20.346339999999998,23.26950000000005
2017-04-10 13:00:00,23.5,88.75,293.4098,297.3626,20.25980000000004,24.21260000000001
2017-04-10 13:00:00,23.5,89.0,293.7414,298.68198,20.59140000000002,25.531980000000033
2017-04-10 13:00:00,23.5,89.25,293.91626,298.75238,20.766260000000045,25.60238000000004
2017-04-10 13:00:00,23.5,89.5,294.0348,298.51904,20.88480000000004,25.36904000000004
2017-04-10 13:00:00,23.5,89.75,293.94116,298.16772,20.791160000000048,25.017719999999997
2017-04-10 13:00:00,23.5,90.0,294.399,299.3265,21.249000000000024,26.176500000000033
2017-04-10 13:00:00,23.25,85.5,295.32678,296.06757,22.176780000000008,22.917570000000012
2017-04-10 13:00:00,23.25,85.75,295.06268,296.74734,21.912680000000023,23.59734000000003
2017-04-10 13:00:00,23.25,86.0,295.06268,296.74734,21.912680000000023,23.59734000000003
2017-04-10 13:00:00,23.25,86.25,296.221,297.99673,23.071000000000026,24.846730000000036
2017-04-10 13:00:00,23.25,86.5,295.08655,296.78336,21.93655000000001,23.63336000000004
2017-04-10 13:00:00,23.25,86.75,294.96277,296.59528,21.81277,23.445280000000025
2017-04-10 13:00:00,23.25,87.0,295.01117,300.2933,21.861170000000016,27.14330000000001
2017-04-10 13:00:00,23.25,87.25,295.05508,301.6681,21.905079999999998,28.518100000000004
2017-04-10 13:00:00,23.25,87.5,295.11646,302.04196,21.96646000000004,28.89196000000004
2017-04-10 13:00:00,23.25,87.75,295.19003,301.29205,22.04003,28.14205000000004
2017-04-10 13:00:00,23.25,88.0,295.04407,299.4831,21.89407,26.3331
2017-04-10 13:00:00,23.25,88.25,295.04407,299.4831,21.89407,26.3331
2017-04-10 13:00:00,23.25,88.5,294.95288,298.80475,21.802880000000016,25.654750000000035
2017-04-10 13:00:00,23.25,88.75,295.18872,299.26837,22.038720000000012,26.118370000000027
2017-04-10 13:00:00,23.25,89.0,295.1807,299.84396,22.030700000000024,26.693960000000004
2017-04-10 13:00:00,23.25,89.25,295.33762,299.94794,22.187620000000038,26.79794000000004
2017-04-10 13:00:00,23.25,89.5,295.305,299.6528,22.15500000000003,26.502800000000036
2017-04-10 13:00:00,23.25,89.75,295.42264,299.97305,22.272640000000024,26.823050000000023
2017-04-10 13:00:00,23.25,90.0,295.33542,300.49408,22.185420000000022,27.34408000000002
2017-04-10 13:00:00,23.0,85.5,297.71143,298.1118,24.56143000000003,24.96180000000004
2017-04-10 13:00:00,23.0,85.75,297.68817,298.7513,24.538170000000036,25.601300000000037
2017-04-10 13:00:00,23.0,86.0,297.68817,298.7513,24.538170000000036,25.601300000000037
2017-04-10 13:00:00,23.0,86.25,297.3634,299.31967,24.213400000000036,26.169669999999996
2017-04-10 13:00:00,23.0,86.5,296.75723,301.68884,23.607230000000015,28.53884000000005
2017-04-10 13:00:00,23.0,86.75,296.01666,302.59964,22.866660000000024,29.449640000000045
2017-04-10 13:00:00,23.0,87.0,295.3758,299.91745,22.22580000000005,26.767449999999997
2017-04-10 13:00:00,23.0,87.25,295.3081,299.91522,22.158100000000047,26.76522
2017-04-10 13:00:00,23.0,87.5,295.57803,302.107,22.428030000000035,28.95700000000005
2017-04-10 13:00:00,23.0,87.75,296.09323,303.3566,22.943230000000028,30.206600000000037
2017-04-10 13:00:00,23.0,88.0,296.61307,302.24942,23.463070000000016,29.09942000000001
2017-04-10 13:00:00,23.0,88.25,296.61307,302.24942,23.463070000000016,29.09942000000001
2017-04-10 13:00:00,23.0,88.5,296.99054,301.04834,23.840540000000033,27.89834000000002
2017-04-10 13:00:00,23.0,88.75,297.2546,301.61307,24.104600000000005,28.463070000000016
2017-04-10 13:00:00,23.0,89.0,297.17584,301.37888,24.025840000000017,28.228880000000004
2017-04-10 13:00:00,23.0,89.25,297.1419,301.3937,23.991900000000044,28.243700000000047
2017-04-10 13:00:00,23.0,89.5,297.00638,301.44815,23.85638,28.29815000000002
2017-04-10 13:00:00,23.0,89.75,297.13928,301.21097,23.989280000000008,28.060969999999998
2017-04-10 13:00:00,23.0,90.0,296.8378,301.07898,23.68780000000004,27.928980000000024
2017-04-10 13:00:00,22.75,85.5,297.41913,303.41492,24.26913000000002,30.264920000000018
2017-04-10 13:00:00,22.75,85.75,297.7567,300.9787,24.606700000000046,27.828700000000026
2017-04-10 13:00:00,22.75,86.0,297.7567,300.9787,24.606700000000046,27.828700000000026
2017-04-10 13:00:00,22.75,86.25,298.003,302.01813,24.85300000000001,28.868130000000008
2017-04-10 13:00:00,22.75,86.5,297.447,298.93735,24.297000000000025,25.787350000000004
2017-04-10 13:00:00,22.75,86.75,297.122,299.01508,23.972000000000037,25.865080000000034
2017-04-10 13:00:00,22.75,87.0,297.23306,299.44016,24.083060000000046,26.290160000000014
2017-04-10 13:00:00,22.75,87.25,297.5935,300.14444,24.44350000000003,26.994439999999997
2017-04-10 13:00:00,22.75,87.5,297.82785,301.34354,24.677850000000035,28.19354000000004
2017-04-10 13:00:00,22.75,87.75,298.36044,301.80612,25.210440000000006,28.656120000000044
2017-04-10 13:00:00,22.75,88.0,298.8608,302.1612,25.710800000000006,29.01120000000003
2017-04-10 13:00:00,22.75,88.25,298.8608,302.1612,25.710800000000006,29.01120000000003
2017-04-10 13:00:00,22.75,88.5,299.17935,302.40506,26.029350000000022,29.255060000000014
2017-04-10 13:00:00,22.75,88.75,299.2302,302.60284,26.080200000000048,29.452840000000037
2017-04-10 13:00:00,22.75,89.0,299.0854,302.99255,25.935400000000016,29.842550000000017
2017-04-10 13:00:00,22.75,89.25,298.84933,303.01874,25.69933000000003,29.868740000000003
2017-04-10 13:00:00,22.75,89.5,298.5776,302.3488,25.42760000000004,29.198800000000006
2017-04-10 13:00:00,22.75,89.75,298.39368,301.86057,25.24368000000004,28.71057000000002
2017-04-10 13:00:00,22.75,90.0,298.31146,302.21216,25.161460000000034,29.062160000000006
2017-04-10 13:00:00,22.5,85.5,297.41913,303.41492,24.26913000000002,30.264920000000018
2017-04-10 13:00:00,22.5,85.75,297.7567,300.9787,24.606700000000046,27.828700000000026
2017-04-10 13:00:00,22.5,86.0,297.7567,300.9787,24.606700000000046,27.828700000000026
2017-04-10 13:00:00,22.5,86.25,298.003,302.01813,24.85300000000001,28.868130000000008
2017-04-10 13:00:00,22.5,86.5,297.447,298.93735,24.297000000000025,25.787350000000004
2017-04-10 13:00:00,22.5,86.75,297.122,299.01508,23.972000000000037,25.865080000000034
2017-04-10 13:00:00,22.5,87.0,297.23306,299.44016,24.083060000000046,26.290160000000014
2017-04-10 13:00:00,22.5,87.25,297.5935,300.14444,24.44350000000003,26.994439999999997
2017-04-10 13:00:00,22.5,87.5,297.82785,301.34354,24.677850000000035,28.19354000000004
2017-04-10 13:00:00,22.5,87.75,298.36044,301.80612,25.210440000000006,28.656120000000044
2017-04-10 13:00:00,22.5,88.0,298.8608,302.1612,25.710800000000006,29.01120000000003
2017-04-10 13:00:00,22.5,88.25,298.8608,302.1612,25.710800000000006,29.01120000000003
2017-04-10 13:00:00,22.5,88.5,299.17935,302.40506,26.029350000000022,29.255060000000014
2017-04-10 13:00:00,22.5,88.75,299.2302,302.60284,26.080200000000048,29.452840000000037
2017-04-10 13:00:00,22.5,89.0,299.0854,302.99255,25.935400000000016,29.842550000000017
2017-04-10 13:00:00,22.5,89.25,298.84933,303.01874,25.69933000000003,29.868740000000003
2017-04-10 13:00:00,22.5,89.5,298.5776,302.3488,25.42760000000004,29.198800000000006
2017-04-10 13:00:00,22.5,89.75,298.39368,301.86057,25.24368000000004,28.71057000000002
2017-04-10 13:00:00,22.5,90.0,298.31146,302.21216,25.161460000000034,29.062160000000006
2017-04-10 13:00:00,22.25,85.5,298.8442,300.01373,25.694200000000023,26.863730000000032
2017-04-10 13:00:00,22.25,85.75,299.11,300.9168,25.960000000000036,27.766800000000046
2017-04-10 13:00:00,22.25,86.0,299.11,300.9168,25.960000000000036,27.766800000000046
2017-04-10 13:00:00,22.25,86.25,299.2109,300.78592,26.060900000000004,27.63592
2017-04-10 13:00:00,22.25,86.5,297.74368,300.94876,24.593680000000006,27.798760000000016
2017-04-10 13:00:00,22.25,86.75,299.1015,302.2084,25.95150000000001,29.058400000000006
2017-04-10 13:00:00,22.25,87.0,299.61993,302.44498,26.469930000000033,29.29498000000001
2017-04-10 13:00:00,22.25,87.25,300.29605,302.57965,27.146050000000002,29.429650000000038
2017-04-10 13:00:00,22.25,87.5,300.15955,302.20755,27.009550000000047,29.05755000000005
2017-04-10 13:00:00,22.25,87.75,299.69794,301.79935,26.54794000000004,28.649350000000027
2017-04-10 13:00:00,22.25,88.0,299.82523,302.23346,26.67523,29.083460000000002
2017-04-10 13:00:00,22.25,88.25,299.82523,302.23346,26.67523,29.083460000000002
2017-04-10 13:00:00,22.25,88.5,299.98087,302.73026,26.830870000000004,29.58026000000001
2017-04-10 13:00:00,22.25,88.75,299.85602,303.03842,26.706020000000024,29.888419999999996
2017-04-10 13:00:00,22.25,89.0,299.77808,303.40094,26.62808000000001,30.250940000000014
2017-04-10 13:00:00,22.25,89.25,299.1693,303.24237,26.019300000000044,30.092370000000017
2017-04-10 13:00:00,22.25,89.5,298.1998,302.54724,25.049800000000005,29.39724000000001
2017-04-10 13:00:00,22.25,89.75,298.11972,302.1607,24.969719999999995,29.010700000000043
2017-04-10 13:00:00,22.25,90.0,298.22223,302.0993,25.072230000000047,28.94930000000005
2017-04-10 13:00:00,22.0,85.5,296.38132,302.5713,23.23132000000004,29.42130000000003
2017-04-10 13:00:00,22.0,85.75,296.88513,302.7494,23.735130000000026,29.599400000000003
2017-04-10 13:00:00,22.0,86.0,296.88513,302.7494,23.735130000000026,29.599400000000003
2017-04-10 13:00:00,22.0,86.25,297.93475,299.82785,24.78475000000003,26.677850000000035
2017-04-10 13:00:00,22.0,86.5,297.68234,301.41687,24.532340000000033,28.26687000000004
2017-04-10 13:00:00,22.0,86.75,301.02048,303.38165,27.870480000000043,30.231650000000002
2017-04-10 13:00:00,22.0,87.0,301.51813,303.1146,28.368130000000008,29.96460000000002
2017-04-10 13:00:00,22.0,87.25,301.16437,302.37936,28.014370000000042,29.229360000000042
2017-04-10 13:00:00,22.0,87.5,300.4518,301.69263,27.301800000000014,28.54263000000003
2017-04-10 13:00:00,22.0,87.75,299.75098,301.124,26.60098000000005,27.974000000000046
2017-04-10 13:00:00,22.0,88.0,299.91644,301.92487,26.766440000000046,28.77487000000002
2017-04-10 13:00:00,22.0,88.25,299.91644,301.92487,26.766440000000046,28.77487000000002
2017-04-10 13:00:00,22.0,88.5,299.96677,302.08344,26.81677000000002,28.93344000000002
2017-04-10 13:00:00,22.0,88.75,299.61487,301.8283,26.46487000000002,28.678300000000036
2017-04-10 13:00:00,22.0,89.0,299.36795,302.26163,26.21795000000003,29.111630000000048
2017-04-10 13:00:00,22.0,89.25,298.98526,302.46005,25.835260000000005,29.310050000000047
2017-04-10 13:00:00,22.0,89.5,298.3096,302.04214,25.15960000000001,28.89214000000004
2017-04-10 13:00:00,22.0,89.75,297.9523,301.76215,24.802300000000002,28.612150000000042
2017-04-10 13:00:00,22.0,90.0,298.1755,301.89456,25.025500000000022,28.744560000000035
2017-04-10 13:00:00,21.75,85.5,297.82385,300.43402,24.673850000000016,27.284019999999998
2017-04-10 13:00:00,21.75,85.75,299.38486,301.71088,26.234860000000026,28.560879999999997
2017-04-10 13:00:00,21.75,86.0,299.38486,301.71088,26.234860000000026,28.560879999999997
2017-04-10 13:00:00,21.75,86.25,298.79156,300.33087,25.641560000000027,27.180870000000027
2017-04-10 13:00:00,21.75,86.5,298.39847,301.93182,25.248469999999998,28.78182000000004
2017-04-10 13:00:00,21.75,86.75,301.1202,303.5959,27.970200000000034,30.445899999999995
2017-04-10 13:00:00,21.75,87.0,300.84454,302.18994,27.694540000000018,29.03994
2017-04-10 13:00:00,21.75,87.25,300.54633,301.60077,27.396330000000034,28.450770000000034
2017-04-10 13:00:00,21.75,87.5,299.4053,301.02536,26.255300000000034,27.87536
2017-04-10 13:00:00,21.75,87.75,298.8717,300.1679,25.7217,27.017899999999997
2017-04-10 13:00:00,21.75,88.0,299.05466,300.62354,25.904660000000035,27.473540000000014
2017-04-10 13:00:00,21.75,88.25,299.05466,300.62354,25.904660000000035,27.473540000000014
2017-04-10 13:00:00,21.75,88.5,298.75763,300.47235,25.60763000000003,27.32235000000003
2017-04-10 13:00:00,21.75,88.75,298.53708,300.49667,25.387080000000026,27.346670000000017
2017-04-10 13:00:00,21.75,89.0,298.748,301.1425,25.598000000000013,27.992500000000007
2017-04-10 13:00:00,21.75,89.25,298.4017,300.7219,25.251700000000028,27.571900000000028
2017-04-10 13:00:00,21.75,89.5,297.6759,299.77377,24.525900000000036,26.623770000000036
2017-04-10 13:00:00,21.75,89.75,297.52417,299.61508,24.37417000000005,26.46508
2017-04-10 13:00:00,21.75,90.0,297.494,299.93805,24.34400000000005,26.78805
2017-04-10 13:00:00,21.5,85.5,299.03522,301.40594,25.885220000000004,28.25594000000001
2017-04-10 13:00:00,21.5,85.75,300.14047,302.4737,26.990470000000016,29.32370000000003
2017-04-10 13:00:00,21.5,86.0,300.14047,302.4737,26.990470000000016,29.32370000000003
2017-04-10 13:00:00,21.5,86.25,300.4321,303.0462,27.282100000000014,29.89620000000002
2017-04-10 13:00:00,21.5,86.5,300.9355,304.42606,27.785500000000013,31.27606000000003
2017-04-10 13:00:00,21.5,86.75,301.7142,304.6552,28.564200000000028,31.505200000000002
2017-04-10 13:00:00,21.5,87.0,299.79517,300.8532,26.645170000000007,27.703200000000038
2017-04-10 13:00:00,21.5,87.25,299.1115,299.83487,25.9615,26.684870000000046
2017-04-10 13:00:00,21.5,87.5,298.87894,300.29236,25.728940000000023,27.142359999999996
2017-04-10 13:00:00,21.5,87.75,298.62106,299.9684,25.471060000000023,26.818399999999997
2017-04-10 13:00:00,21.5,88.0,298.30496,299.7166,25.154960000000017,26.56660000000005
2017-04-10 13:00:00,21.5,88.25,298.30496,299.7166,25.154960000000017,26.56660000000005
2017-04-10 13:00:00,21.5,88.5,297.97803,299.46512,24.828030000000012,26.315120000000036
2017-04-10 13:00:00,21.5,88.75,297.71814,299.47473,24.568140000000028,26.324730000000045
2017-04-10 13:00:00,21.5,89.0,297.5014,299.70123,24.351400000000012,26.551230000000032
2017-04-10 13:00:00,21.5,89.25,297.2937,299.62936,24.143700000000024,26.479360000000042
2017-04-10 13:00:00,21.5,89.5,297.17346,299.56952,24.02346,26.419520000000034
2017-04-10 13:00:00,21.5,89.75,297.12726,299.8194,23.97726,26.669399999999996
2017-04-10 13:00:00,21.5,90.0,297.00113,300.30783,23.851130000000012,27.157830000000047
2017-04-10 13:00:00,21.25,85.5,301.58835,303.05093,28.438350000000014,29.900930000000017
2017-04-10 13:00:00,21.25,85.75,301.5211,304.3657,28.371100000000013,31.215700000000027
2017-04-10 13:00:00,21.25,86.0,301.5211,304.3657,28.371100000000013,31.215700000000027
2017-04-10 13:00:00,21.25,86.25,302.7882,304.95578,29.63820000000004,31.805780000000027
2017-04-10 13:00:00,21.25,86.5,301.76352,305.1418,28.61352000000005,31.991800000000012
2017-04-10 13:00:00,21.25,86.75,301.81277,304.45813,28.662770000000023,31.308130000000006
2017-04-10 13:00:00,21.25,87.0,299.70505,300.48215,26.55505000000005,27.332150000000013
2017-04-10 13:00:00,21.25,87.25,298.80518,299.15045,25.65518000000003,26.00045
2017-04-10 13:00:00,21.25,87.5,298.42538,299.58926,25.27538000000004,26.439260000000047
2017-04-10 13:00:00,21.25,87.75,298.12082,299.7007,24.970820000000003,26.550700000000006
2017-04-10 13:00:00,21.25,88.0,297.8349,299.75217,24.684900000000027,26.60217
2017-04-10 13:00:00,21.25,88.25,297.8349,299.75217,24.684900000000027,26.60217
2017-04-10 13:00:00,21.25,88.5,297.5472,299.8797,24.397199999999998,26.729700000000037
2017-04-10 13:00:00,21.25,88.75,297.2855,299.89572,24.135500000000036,26.745720000000006
2017-04-10 13:00:00,21.25,89.0,297.0766,299.88522,23.926600000000008,26.735220000000027
2017-04-10 13:00:00,21.25,89.25,296.92944,300.06857,23.779440000000022,26.918570000000045
2017-04-10 13:00:00,21.25,89.5,296.87616,300.38013,23.72616000000005,27.23013000000003
2017-04-10 13:00:00,21.25,89.75,296.8573,300.51443,23.707300000000032,27.364430000000027
2017-04-10 13:00:00,21.25,90.0,296.7154,300.65173,23.56540000000001,27.50173000000001
2017-04-10 13:00:00,21.0,85.5,302.60233,304.6036,29.452330000000018,31.453599999999994
2017-04-10 13:00:00,21.0,85.75,303.0717,305.16443,29.921700000000044,32.014430000000004
2017-04-10 13:00:00,21.0,86.0,303.0717,305.16443,29.921700000000044,32.014430000000004
2017-04-10 13:00:00,21.0,86.25,303.76703,304.45532,30.61703,31.305319999999995
2017-04-10 13:00:00,21.0,86.5,302.75223,303.67126,29.60223000000002,30.52126000000004
2017-04-10 13:00:00,21.0,86.75,303.21658,302.9635,30.066580000000044,29.813500000000033
2017-04-10 13:00:00,21.0,87.0,300.01413,300.1017,26.864130000000046,26.951700000000017
2017-04-10 13:00:00,21.0,87.25,298.6351,298.97525,25.485100000000045,25.82525000000004
2017-04-10 13:00:00,21.0,87.5,298.06918,299.0998,24.91918000000004,25.94980000000004
2017-04-10 13:00:00,21.0,87.75,297.6624,299.27582,24.512400000000014,26.125820000000033
2017-04-10 13:00:00,21.0,88.0,297.4082,299.5361,24.258200000000045,26.3861
2017-04-10 13:00:00,21.0,88.25,297.4082,299.5361,24.258200000000045,26.3861
2017-04-10 13:00:00,21.0,88.5,297.25412,299.81342,24.104120000000023,26.66342000000003
2017-04-10 13:00:00,21.0,88.75,297.1083,299.95276,23.95830000000001,26.802760000000035
2017-04-10 13:00:00,21.0,89.0,296.962,300.15463,23.812000000000012,27.00463000000002
2017-04-10 13:00:00,21.0,89.25,296.83124,300.30475,23.681240000000003,27.154750000000035
2017-04-10 13:00:00,21.0,89.5,296.71008,300.2762,23.560080000000028,27.12620000000004
2017-04-10 13:00:00,21.0,89.75,296.61185,300.37723,23.461850000000027,27.22723000000002
2017-04-10 13:00:00,21.0,90.0,296.5632,300.43436,23.413200000000018,27.28436000000005
2017-04-10 14:00:00,27.5,85.5,282.88055,289.66797,9.73055000000005,16.517970000000048
2017-04-10 14:00:00,27.5,85.75,280.5541,289.6298,7.404100000000028,16.47980000000001
2017-04-10 14:00:00,27.5,86.0,280.5541,289.6298,7.404100000000028,16.47980000000001
2017-04-10 14:00:00,27.5,86.25,278.75867,287.33792,5.608670000000018,14.18792000000002
2017-04-10 14:00:00,27.5,86.5,276.22958,283.86026,3.0795800000000213,10.710260000000005
2017-04-10 14:00:00,27.5,86.75,273.45523,281.99802,0.30522999999999456,8.84802000000002
2017-04-10 14:00:00,27.5,87.0,272.2094,281.79495,-0.9405999999999608,8.644949999999994
2017-04-10 14:00:00,27.5,87.25,271.7637,278.73578,-1.3863000000000056,5.58578
2017-04-10 14:00:00,27.5,87.5,271.26047,279.0529,-1.8895299999999793,5.902900000000045
2017-04-10 14:00:00,27.5,87.75,271.10626,278.70795,-2.043739999999957,5.557950000000005
2017-04-10 14:00:00,27.5,88.0,273.16357,277.7462,0.013570000000015625,4.59620000000001
2017-04-10 14:00:00,27.5,88.25,273.16357,277.7462,0.013570000000015625,4.59620000000001
2017-04-10 14:00:00,27.5,88.5,276.77112,280.14307,3.621120000000019,6.993070000000046
2017-04-10 14:00:00,27.5,88.75,276.68283,279.83298,3.5328300000000468,6.682980000000043
2017-04-10 14:00:00,27.5,89.0,270.5681,273.95972,-2.581899999999962,0.8097200000000271
2017-04-10 14:00:00,27.5,89.25,266.0677,269.88852,-7.082299999999975,-3.261479999999949
2017-04-10 14:00:00,27.5,89.5,269.92966,273.0844,-3.2203399999999647,-0.0655999999999608
2017-04-10 14:00:00,27.5,89.75,273.87936,277.03723,0.7293600000000424,3.887230000000045
2017-04-10 14:00:00,27.5,90.0,277.3781,281.27094,4.22810000000004,8.120940000000019
2017-04-10 14:00:00,27.25,85.5,287.13956,293.0037,13.98956000000004,19.853700000000003
2017-04-10 14:00:00,27.25,85.75,285.54315,289.6599,12.393150000000048,16.509900000000016
2017-04-10 14:00:00,27.25,86.0,285.54315,289.6599,12.393150000000048,16.509900000000016
2017-04-10 14:00:00,27.25,86.25,283.92856,287.64917,10.778560000000027,14.49917000000005
2017-04-10 14:00:00,27.25,86.5,280.23492,289.29846,7.084920000000011,16.14846
2017-04-10 14:00:00,27.25,86.75,278.6914,289.23337,5.54140000000001,16.083370000000002
2017-04-10 14:00:00,27.25,87.0,276.70663,287.38174,3.556630000000041,14.231740000000002
2017-04-10 14:00:00,27.25,87.25,275.6625,286.22424,2.5125000000000455,13.074240000000032
2017-04-10 14:00:00,27.25,87.5,275.60846,286.10455,2.4584600000000023,12.95455000000004
2017-04-10 14:00:00,27.25,87.75,275.90897,284.30423,2.7589700000000335,11.154230000000041
2017-04-10 14:00:00,27.25,88.0,277.7489,283.01468,4.598900000000015,9.864680000000021
2017-04-10 14:00:00,27.25,88.25,277.7489,283.01468,4.598900000000015,9.864680000000021
2017-04-10 14:00:00,27.25,88.5,281.32425,285.30936,8.174250000000029,12.15936000000005
2017-04-10 14:00:00,27.25,88.75,282.9317,286.65842,9.7817,13.508420000000001
2017-04-10 14:00:00,27.25,89.0,279.58054,283.22382,6.430540000000008,10.073820000000012
2017-04-10 14:00:00,27.25,89.25,275.36438,280.49414,2.2143800000000056,7.3441400000000385
2017-04-10 14:00:00,27.25,89.5,275.16687,279.2431,2.01687000000004,6.0931000000000495
2017-04-10 14:00:00,27.25,89.75,274.7108,278.80856,1.5608000000000288,5.658560000000023
2017-04-10 14:00:00,27.25,90.0,276.11243,282.16165,2.9624300000000403,9.011650000000031
2017-04-10 14:00:00,27.0,85.5,287.13956,293.0037,13.98956000000004,19.853700000000003
2017-04-10 14:00:00,27.0,85.75,285.54315,289.6599,12.393150000000048,16.509900000000016
2017-04-10 14:00:00,27.0,86.0,285.54315,289.6599,12.393150000000048,16.509900000000016
2017-04-10 14:00:00,27.0,86.25,283.92856,287.64917,10.778560000000027,14.49917000000005
2017-04-10 14:00:00,27.0,86.5,280.23492,289.29846,7.084920000000011,16.14846
2017-04-10 14:00:00,27.0,86.75,278.6914,289.23337,5.54140000000001,16.083370000000002
2017-04-10 14:00:00,27.0,87.0,276.70663,287.38174,3.556630000000041,14.231740000000002
2017-04-10 14:00:00,27.0,87.25,275.6625,286.22424,2.5125000000000455,13.074240000000032
2017-04-10 14:00:00,27.0,87.5,275.60846,286.10455,2.4584600000000023,12.95455000000004
2017-04-10 14:00:00,27.0,87.75,275.90897,284.30423,2.7589700000000335,11.154230000000041
2017-04-10 14:00:00,27.0,88.0,277.7489,283.01468,4.598900000000015,9.864680000000021
2017-04-10 14:00:00,27.0,88.25,277.7489,283.01468,4.598900000000015,9.864680000000021
2017-04-10 14:00:00,27.0,88.5,281.32425,285.30936,8.174250000000029,12.15936000000005
2017-04-10 14:00:00,27.0,88.75,282.9317,286.65842,9.7817,13.508420000000001
2017-04-10 14:00:00,27.0,89.0,279.58054,283.22382,6.430540000000008,10.073820000000012
2017-04-10 14:00:00,27.0,89.25,275.36438,280.49414,2.2143800000000056,7.3441400000000385
2017-04-10 14:00:00,27.0,89.5,275.16687,279.2431,2.01687000000004,6.0931000000000495
2017-04-10 14:00:00,27.0,89.75,274.7108,278.80856,1.5608000000000288,5.658560000000023
2017-04-10 14:00:00,27.0,90.0,276.11243,282.16165,2.9624300000000403,9.011650000000031
2017-04-10 14:00:00,26.75,85.5,288.37973,293.9836,15.229730000000018,20.833600000000047
2017-04-10 14:00:00,26.75,85.75,287.69693,293.35468,14.546930000000032,20.204679999999996
2017-04-10 14:00:00,26.75,86.0,287.69693,293.35468,14.546930000000032,20.204679999999996
2017-04-10 14:00:00,26.75,86.25,287.1463,293.2544,13.99630000000002,20.1044
2017-04-10 14:00:00,26.75,86.5,286.02734,291.74652,12.877340000000004,18.596519999999998
2017-04-10 14:00:00,26.75,86.75,284.27438,291.35425,11.12438000000003,18.204250000000002
2017-04-10 14:00:00,26.75,87.0,282.2042,292.28085,9.054200000000037,19.13085000000001
2017-04-10 14:00:00,26.75,87.25,281.0158,292.18985,7.865800000000036,19.03985
2017-04-10 14:00:00,26.75,87.5,280.8733,291.55978,7.723299999999995,18.409780000000012
2017-04-10 14:00:00,26.75,87.75,281.0968,289.87433,7.946799999999996,16.72433000000001
2017-04-10 14:00:00,26.75,88.0,282.2812,288.8926,9.131200000000035,15.742600000000039
2017-04-10 14:00:00,26.75,88.25,282.2812,288.8926,9.131200000000035,15.742600000000039
2017-04-10 14:00:00,26.75,88.5,284.84943,290.398,11.699430000000007,17.248000000000047
2017-04-10 14:00:00,26.75,88.75,286.94696,291.90063,13.796960000000013,18.75063
2017-04-10 14:00:00,26.75,89.0,286.79306,291.60736,13.643060000000048,18.45736000000005
2017-04-10 14:00:00,26.75,89.25,285.28842,290.7008,12.138419999999996,17.550800000000038
2017-04-10 14:00:00,26.75,89.5,283.69604,289.27835,10.546040000000005,16.12835000000001
2017-04-10 14:00:00,26.75,89.75,281.20908,286.19894,8.059079999999994,13.048940000000016
2017-04-10 14:00:00,26.75,90.0,281.94003,289.03958,8.790030000000002,15.889580000000024
2017-04-10 14:00:00,26.5,85.5,289.14478,294.7458,15.994780000000048,21.595799999999997
2017-04-10 14:00:00,26.5,85.75,288.9325,294.5807,15.782500000000027,21.4307
2017-04-10 14:00:00,26.5,86.0,288.9325,294.5807,15.782500000000027,21.4307
2017-04-10 14:00:00,26.5,86.25,287.61285,293.64236,14.462850000000003,20.49236000000002
2017-04-10 14:00:00,26.5,86.5,287.8503,293.42343,14.700300000000027,20.27343000000002
2017-04-10 14:00:00,26.5,86.75,287.2193,293.04117,14.069299999999998,19.891170000000045
2017-04-10 14:00:00,26.5,87.0,284.7022,289.61346,11.552200000000028,16.463459999999998
2017-04-10 14:00:00,26.5,87.25,284.48697,293.14017,11.336970000000008,19.990170000000035
2017-04-10 14:00:00,26.5,87.5,284.98853,295.5314,11.838530000000048,22.381400000000042
2017-04-10 14:00:00,26.5,87.75,285.14206,292.8758,11.992060000000038,19.72580000000005
2017-04-10 14:00:00,26.5,88.0,285.85477,291.2484,12.704769999999996,18.098400000000026
2017-04-10 14:00:00,26.5,88.25,285.85477,291.2484,12.704769999999996,18.098400000000026
2017-04-10 14:00:00,26.5,88.5,287.2618,292.4401,14.111800000000017,19.290099999999995
2017-04-10 14:00:00,26.5,88.75,288.23965,293.2068,15.089650000000006,20.05680000000001
2017-04-10 14:00:00,26.5,89.0,287.4934,292.269,14.343400000000031,19.119000000000028
2017-04-10 14:00:00,26.5,89.25,286.53854,291.00488,13.388540000000035,17.854880000000037
2017-04-10 14:00:00,26.5,89.5,287.61087,296.1572,14.46087,23.00720000000001
2017-04-10 14:00:00,26.5,89.75,286.48477,297.1499,13.334770000000049,23.999900000000025
2017-04-10 14:00:00,26.5,90.0,286.11765,293.67038,12.967650000000049,20.520380000000046
2017-04-10 14:00:00,26.25,85.5,288.4549,293.9935,15.304900000000032,20.843500000000006
2017-04-10 14:00:00,26.25,85.75,288.4855,293.89606,15.335500000000025,20.74606
2017-04-10 14:00:00,26.25,86.0,288.4855,293.89606,15.335500000000025,20.74606
2017-04-10 14:00:00,26.25,86.25,288.36032,293.5893,15.210320000000024,20.439300000000003
2017-04-10 14:00:00,26.25,86.5,287.86514,293.29544,14.71514000000002,20.145440000000008
2017-04-10 14:00:00,26.25,86.75,288.02045,293.0021,14.870450000000005,19.852100000000007
2017-04-10 14:00:00,26.25,87.0,287.7587,292.34113,14.608699999999999,19.191130000000044
2017-04-10 14:00:00,26.25,87.25,287.5248,292.1798,14.37480000000005,19.029800000000023
2017-04-10 14:00:00,26.25,87.5,287.66434,292.50644,14.514340000000004,19.35644000000002
2017-04-10 14:00:00,26.25,87.75,287.0542,291.47565,13.904200000000003,18.325649999999996
2017-04-10 14:00:00,26.25,88.0,286.5375,290.48724,13.387500000000045,17.33724000000001
2017-04-10 14:00:00,26.25,88.25,286.5375,290.48724,13.387500000000045,17.33724000000001
2017-04-10 14:00:00,26.25,88.5,286.96628,291.46805,13.816280000000006,18.318050000000028
2017-04-10 14:00:00,26.25,88.75,286.9542,293.38785,13.804200000000037,20.237850000000037
2017-04-10 14:00:00,26.25,89.0,286.38217,294.639,13.232169999999996,21.489000000000033
2017-04-10 14:00:00,26.25,89.25,286.1658,292.93854,13.015800000000013,19.788540000000012
2017-04-10 14:00:00,26.25,89.5,286.5515,292.71625,13.401499999999999,19.566250000000025
2017-04-10 14:00:00,26.25,89.75,287.7255,293.10666,14.575500000000034,19.95666
2017-04-10 14:00:00,26.25,90.0,288.63922,293.4298,15.489220000000046,20.279800000000023
2017-04-10 14:00:00,26.0,85.5,288.31027,293.94003,15.160270000000025,20.79003
2017-04-10 14:00:00,26.0,85.75,288.63165,294.0784,15.481650000000002,20.92840000000001
2017-04-10 14:00:00,26.0,86.0,288.63165,294.0784,15.481650000000002,20.92840000000001
2017-04-10 14:00:00,26.0,86.25,288.4618,293.82095,15.311800000000005,20.670950000000005
2017-04-10 14:00:00,26.0,86.5,288.13733,293.23254,14.987330000000043,20.082539999999995
2017-04-10 14:00:00,26.0,86.75,287.81808,292.99115,14.668080000000032,19.841150000000027
2017-04-10 14:00:00,26.0,87.0,287.5635,292.48962,14.413499999999999,19.339620000000025
2017-04-10 14:00:00,26.0,87.25,287.59958,292.19366,14.449580000000026,19.043660000000045
2017-04-10 14:00:00,26.0,87.5,288.05774,292.32938,14.907740000000047,19.179380000000037
2017-04-10 14:00:00,26.0,87.75,288.39648,292.56598,15.24648000000002,19.415980000000047
2017-04-10 14:00:00,26.0,88.0,288.26306,292.72437,15.113060000000019,19.574370000000044
2017-04-10 14:00:00,26.0,88.25,288.26306,292.72437,15.113060000000019,19.574370000000044
2017-04-10 14:00:00,26.0,88.5,287.96112,292.6435,14.811120000000017,19.49350000000004
2017-04-10 14:00:00,26.0,88.75,287.6712,292.28534,14.521200000000022,19.135340000000042
2017-04-10 14:00:00,26.0,89.0,287.31012,292.08804,14.160120000000006,18.93804
2017-04-10 14:00:00,26.0,89.25,287.2523,292.05472,14.102300000000014,18.904719999999998
2017-04-10 14:00:00,26.0,89.5,287.51044,292.2734,14.36044000000004,19.123400000000004
2017-04-10 14:00:00,26.0,89.75,288.0162,292.76892,14.866200000000049,19.618920000000003
2017-04-10 14:00:00,26.0,90.0,288.16296,292.80972,15.012960000000021,19.65972000000005
2017-04-10 14:00:00,25.75,85.5,288.22354,293.85394,15.073540000000037,20.703940000000046
2017-04-10 14:00:00,25.75,85.75,288.09915,293.67407,14.949150000000031,20.524069999999995
2017-04-10 14:00:00,25.75,86.0,288.09915,293.67407,14.949150000000031,20.524069999999995
2017-04-10 14:00:00,25.75,86.25,288.31934,293.76276,15.169340000000034,20.612760000000037
2017-04-10 14:00:00,25.75,86.5,288.22302,293.57312,15.073020000000042,20.42312000000004
2017-04-10 14:00:00,25.75,86.75,288.2479,293.3921,15.097900000000038,20.24210000000005
2017-04-10 14:00:00,25.75,87.0,288.1445,293.1613,14.994500000000016,20.011300000000006
2017-04-10 14:00:00,25.75,87.25,287.87216,292.8376,14.72216000000003,19.68760000000003
2017-04-10 14:00:00,25.75,87.5,287.32016,292.36603,14.17016000000001,19.216030000000046
2017-04-10 14:00:00,25.75,87.75,287.07535,292.16125,13.925350000000037,19.011250000000018
2017-04-10 14:00:00,25.75,88.0,287.08142,292.24664,13.931420000000003,19.096640000000036
2017-04-10 14:00:00,25.75,88.25,287.08142,292.24664,13.931420000000003,19.096640000000036
2017-04-10 14:00:00,25.75,88.5,286.93674,292.0053,13.786740000000009,18.8553
2017-04-10 14:00:00,25.75,88.75,286.66086,291.15033,13.510860000000037,18.00033000000002
2017-04-10 14:00:00,25.75,89.0,286.1458,290.445,12.995800000000031,17.295000000000016
2017-04-10 14:00:00,25.75,89.25,285.95026,290.8603,12.800260000000037,17.710300000000018
2017-04-10 14:00:00,25.75,89.5,286.22778,291.19598,13.077780000000018,18.045980000000043
2017-04-10 14:00:00,25.75,89.75,287.35962,292.45267,14.20962000000003,19.302670000000035
2017-04-10 14:00:00,25.75,90.0,288.2039,293.29697,15.053899999999999,20.14697000000001
2017-04-10 14:00:00,25.5,85.5,288.04495,293.68668,14.894949999999994,20.536680000000047
2017-04-10 14:00:00,25.5,85.75,287.8572,293.56604,14.7072,20.41604000000001
2017-04-10 14:00:00,25.5,86.0,287.8572,293.56604,14.7072,20.41604000000001
2017-04-10 14:00:00,25.5,86.25,288.1239,293.55453,14.973900000000015,20.404530000000022
2017-04-10 14:00:00,25.5,86.5,288.215,293.83136,15.064999999999998,20.68136000000004
2017-04-10 14:00:00,25.5,86.75,288.18323,293.88074,15.033230000000003,20.730740000000026
2017-04-10 14:00:00,25.5,87.0,287.81192,293.57687,14.66192000000001,20.426870000000008
2017-04-10 14:00:00,25.5,87.25,287.5096,293.14767,14.3596,19.997670000000028
2017-04-10 14:00:00,25.5,87.5,287.5373,293.03857,14.387300000000039,19.888570000000016
2017-04-10 14:00:00,25.5,87.75,287.61475,293.09314,14.464750000000038,19.943140000000028
2017-04-10 14:00:00,25.5,88.0,287.6096,292.92407,14.459600000000023,19.774069999999995
2017-04-10 14:00:00,25.5,88.25,287.6096,292.92407,14.459600000000023,19.774069999999995
2017-04-10 14:00:00,25.5,88.5,287.8669,292.3059,14.71690000000001,19.15590000000003
2017-04-10 14:00:00,25.5,88.75,288.17902,291.36252,15.029020000000003,18.21252000000004
2017-04-10 14:00:00,25.5,89.0,287.58786,290.43268,14.43786,17.282680000000028
2017-04-10 14:00:00,25.5,89.25,286.4428,289.7866,13.2928,16.636600000000044
2017-04-10 14:00:00,25.5,89.5,286.3474,291.49753,13.197400000000016,18.347530000000006
2017-04-10 14:00:00,25.5,89.75,288.2201,294.64957,15.070100000000025,21.499570000000006
2017-04-10 14:00:00,25.5,90.0,289.28574,294.34726,16.13574,21.19726000000003
2017-04-10 14:00:00,25.25,85.5,288.2448,293.71436,15.09480000000002,20.564360000000022
2017-04-10 14:00:00,25.25,85.75,287.6931,293.5151,14.543100000000038,20.36510000000004
2017-04-10 14:00:00,25.25,86.0,287.6931,293.5151,14.543100000000038,20.36510000000004
2017-04-10 14:00:00,25.25,86.25,287.80173,293.55734,14.651730000000043,20.407340000000033
2017-04-10 14:00:00,25.25,86.5,288.4258,294.11536,15.275800000000004,20.965360000000032
2017-04-10 14:00:00,25.25,86.75,288.1516,293.7644,15.001599999999996,20.614400000000046
2017-04-10 14:00:00,25.25,87.0,287.65247,293.40994,14.502470000000017,20.25994000000003
2017-04-10 14:00:00,25.25,87.25,287.8244,293.6842,14.674400000000048,20.5342
2017-04-10 14:00:00,25.25,87.5,287.96008,293.78302,14.810080000000028,20.633020000000045
2017-04-10 14:00:00,25.25,87.75,287.23398,292.6985,14.083979999999997,19.548500000000047
2017-04-10 14:00:00,25.25,88.0,286.75333,292.00497,13.603330000000028,18.854970000000037
2017-04-10 14:00:00,25.25,88.25,286.75333,292.00497,13.603330000000028,18.854970000000037
2017-04-10 14:00:00,25.25,88.5,287.19293,291.98837,14.042930000000013,18.838369999999998
2017-04-10 14:00:00,25.25,88.75,287.58432,291.39966,14.434320000000014,18.249660000000006
2017-04-10 14:00:00,25.25,89.0,287.4643,291.07437,14.314300000000003,17.92437000000001
2017-04-10 14:00:00,25.25,89.25,286.54288,290.0266,13.392880000000048,16.876599999999996
2017-04-10 14:00:00,25.25,89.5,286.4252,292.1128,13.27520000000004,18.962800000000016
2017-04-10 14:00:00,25.25,89.75,287.714,293.17194,14.564000000000021,20.02194000000003
2017-04-10 14:00:00,25.25,90.0,288.0974,293.35846,14.947400000000016,20.208460000000002
2017-04-10 14:00:00,25.0,85.5,287.98016,293.94174,14.830160000000035,20.791740000000004
2017-04-10 14:00:00,25.0,85.75,287.8015,293.6704,14.651499999999999,20.520399999999995
2017-04-10 14:00:00,25.0,86.0,287.8015,293.6704,14.651499999999999,20.520399999999995
2017-04-10 14:00:00,25.0,86.25,287.57712,293.2163,14.427120000000002,20.066300000000012
2017-04-10 14:00:00,25.0,86.5,287.46167,293.15866,14.31167000000005,20.00866000000002
2017-04-10 14:00:00,25.0,86.75,287.25677,292.9173,14.10677000000004,19.767300000000034
2017-04-10 14:00:00,25.0,87.0,287.74496,292.9759,14.594960000000015,19.825900000000047
2017-04-10 14:00:00,25.0,87.25,287.91592,293.17255,14.765920000000051,20.022550000000024
2017-04-10 14:00:00,25.0,87.5,287.5064,292.85388,14.356400000000008,19.703880000000026
2017-04-10 14:00:00,25.0,87.75,287.24753,292.28564,14.097530000000006,19.135640000000024
2017-04-10 14:00:00,25.0,88.0,287.38187,292.31808,14.231870000000015,19.16808000000003
2017-04-10 14:00:00,25.0,88.25,287.38187,292.31808,14.231870000000015,19.16808000000003
2017-04-10 14:00:00,25.0,88.5,288.03186,292.43906,14.881860000000017,19.289060000000006
2017-04-10 14:00:00,25.0,88.75,288.23834,291.7551,15.088340000000017,18.60510000000005
2017-04-10 14:00:00,25.0,89.0,286.7613,291.00378,13.611300000000028,17.85378000000003
2017-04-10 14:00:00,25.0,89.25,286.57404,290.7319,13.424040000000048,17.58190000000002
2017-04-10 14:00:00,25.0,89.5,286.92902,292.11105,13.779020000000003,18.96105
2017-04-10 14:00:00,25.0,89.75,288.39612,294.29498,15.246120000000019,21.144980000000032
2017-04-10 14:00:00,25.0,90.0,288.96057,295.06473,15.810570000000041,21.91473000000002
2017-04-10 14:00:00,24.75,85.5,287.98016,293.94174,14.830160000000035,20.791740000000004
2017-04-10 14:00:00,24.75,85.75,287.8015,293.6704,14.651499999999999,20.520399999999995
2017-04-10 14:00:00,24.75,86.0,287.8015,293.6704,14.651499999999999,20.520399999999995
2017-04-10 14:00:00,24.75,86.25,287.57712,293.2163,14.427120000000002,20.066300000000012
2017-04-10 14:00:00,24.75,86.5,287.46167,293.15866,14.31167000000005,20.00866000000002
2017-04-10 14:00:00,24.75,86.75,287.25677,292.9173,14.10677000000004,19.767300000000034
2017-04-10 14:00:00,24.75,87.0,287.74496,292.9759,14.594960000000015,19.825900000000047
2017-04-10 14:00:00,24.75,87.25,287.91592,293.17255,14.765920000000051,20.022550000000024
2017-04-10 14:00:00,24.75,87.5,287.5064,292.85388,14.356400000000008,19.703880000000026
2017-04-10 14:00:00,24.75,87.75,287.24753,292.28564,14.097530000000006,19.135640000000024
2017-04-10 14:00:00,24.75,88.0,287.38187,292.31808,14.231870000000015,19.16808000000003
2017-04-10 14:00:00,24.75,88.25,287.38187,292.31808,14.231870000000015,19.16808000000003
2017-04-10 14:00:00,24.75,88.5,288.03186,292.43906,14.881860000000017,19.289060000000006
2017-04-10 14:00:00,24.75,88.75,288.23834,291.7551,15.088340000000017,18.60510000000005
2017-04-10 14:00:00,24.75,89.0,286.7613,291.00378,13.611300000000028,17.85378000000003
2017-04-10 14:00:00,24.75,89.25,286.57404,290.7319,13.424040000000048,17.58190000000002
2017-04-10 14:00:00,24.75,89.5,286.92902,292.11105,13.779020000000003,18.96105
2017-04-10 14:00:00,24.75,89.75,288.39612,294.29498,15.246120000000019,21.144980000000032
2017-04-10 14:00:00,24.75,90.0,288.96057,295.06473,15.810570000000041,21.91473000000002
2017-04-10 14:00:00,24.5,85.5,287.51462,293.2498,14.364620000000002,20.099800000000016
2017-04-10 14:00:00,24.5,85.75,287.3692,293.137,14.2192,19.987000000000023
2017-04-10 14:00:00,24.5,86.0,287.3692,293.137,14.2192,19.987000000000023
2017-04-10 14:00:00,24.5,86.25,286.78668,292.47226,13.636680000000013,19.32226000000003
2017-04-10 14:00:00,24.5,86.5,287.0419,292.487,13.891900000000021,19.337000000000046
2017-04-10 14:00:00,24.5,86.75,286.9954,292.3833,13.84540000000004,19.233300000000042
2017-04-10 14:00:00,24.5,87.0,286.95227,292.46448,13.802270000000021,19.314480000000003
2017-04-10 14:00:00,24.5,87.25,286.93283,292.43204,13.782830000000047,19.282039999999995
2017-04-10 14:00:00,24.5,87.5,286.89502,292.06787,13.745020000000011,18.91787000000005
2017-04-10 14:00:00,24.5,87.75,287.0843,291.45834,13.934300000000007,18.308340000000044
2017-04-10 14:00:00,24.5,88.0,287.52283,291.29514,14.372830000000022,18.145140000000026
2017-04-10 14:00:00,24.5,88.25,287.52283,291.29514,14.372830000000022,18.145140000000026
2017-04-10 14:00:00,24.5,88.5,288.31873,291.9957,15.16873000000004,18.845700000000022
2017-04-10 14:00:00,24.5,88.75,288.48605,292.21106,15.33605,19.061059999999998
2017-04-10 14:00:00,24.5,89.0,286.97778,291.20166,13.827780000000018,18.051660000000027
2017-04-10 14:00:00,24.5,89.25,287.01294,291.80682,13.862940000000037,18.65682000000004
2017-04-10 14:00:00,24.5,89.5,287.82697,293.1185,14.67697000000004,19.968500000000006
2017-04-10 14:00:00,24.5,89.75,289.23868,295.00314,16.08868000000001,21.853139999999996
2017-04-10 14:00:00,24.5,90.0,289.9054,295.7254,16.75540000000001,22.575400000000002
2017-04-10 14:00:00,24.25,85.5,285.5445,291.34256,12.39450000000005,18.192560000000014
2017-04-10 14:00:00,24.25,85.75,285.4063,291.08386,12.25630000000001,17.93386000000004
2017-04-10 14:00:00,24.25,86.0,285.4063,291.08386,12.25630000000001,17.93386000000004
2017-04-10 14:00:00,24.25,86.25,286.44675,292.03046,13.296750000000031,18.880460000000028
2017-04-10 14:00:00,24.25,86.5,286.76627,292.31152,13.616270000000043,19.161519999999996
2017-04-10 14:00:00,24.25,86.75,286.64825,292.11887,13.498250000000041,18.968870000000038
2017-04-10 14:00:00,24.25,87.0,286.99127,292.56082,13.841270000000009,19.41082
2017-04-10 14:00:00,24.25,87.25,287.2542,292.87073,14.104200000000048,19.720730000000003
2017-04-10 14:00:00,24.25,87.5,287.62485,292.84167,14.474850000000004,19.691670000000045
2017-04-10 14:00:00,24.25,87.75,288.9019,293.2035,15.751900000000035,20.053500000000042
2017-04-10 14:00:00,24.25,88.0,289.57874,293.7575,16.428740000000005,20.607500000000016
2017-04-10 14:00:00,24.25,88.25,289.57874,293.7575,16.428740000000005,20.607500000000016
2017-04-10 14:00:00,24.25,88.5,289.09186,293.92307,15.94186000000002,20.77307000000002
2017-04-10 14:00:00,24.25,88.75,288.63788,293.24057,15.487880000000018,20.090570000000014
2017-04-10 14:00:00,24.25,89.0,287.84848,292.07965,14.698480000000018,18.929650000000038
2017-04-10 14:00:00,24.25,89.25,288.26624,293.3103,15.116240000000005,20.160300000000007
2017-04-10 14:00:00,24.25,89.5,289.20917,294.81964,16.059169999999995,21.669640000000015
2017-04-10 14:00:00,24.25,89.75,290.2641,296.4962,17.114100000000008,23.34620000000001
2017-04-10 14:00:00,24.25,90.0,290.98352,296.42722,17.83352000000002,23.27722
2017-04-10 14:00:00,24.0,85.5,285.05676,290.33282,11.90676000000002,17.18282000000005
2017-04-10 14:00:00,24.0,85.75,284.83997,289.83182,11.689970000000017,16.681820000000016
2017-04-10 14:00:00,24.0,86.0,284.83997,289.83182,11.689970000000017,16.681820000000016
2017-04-10 14:00:00,24.0,86.25,285.89902,291.22162,12.74902000000003,18.071619999999996
2017-04-10 14:00:00,24.0,86.5,285.6835,290.92023,12.533500000000004,17.770230000000026
2017-04-10 14:00:00,24.0,86.75,285.77417,290.55634,12.62417000000005,17.40634
2017-04-10 14:00:00,24.0,87.0,286.6805,291.77008,13.530500000000018,18.62008000000003
2017-04-10 14:00:00,24.0,87.25,287.25558,292.37817,14.105580000000032,19.228170000000034
2017-04-10 14:00:00,24.0,87.5,288.69946,293.04388,15.54946000000001,19.893880000000024
2017-04-10 14:00:00,24.0,87.75,290.47394,295.23596,17.32394000000005,22.08596
2017-04-10 14:00:00,24.0,88.0,290.39124,295.69937,17.241240000000005,22.54937000000001
2017-04-10 14:00:00,24.0,88.25,290.39124,295.69937,17.241240000000005,22.54937000000001
2017-04-10 14:00:00,24.0,88.5,289.33862,294.42438,16.188620000000014,21.274380000000008
2017-04-10 14:00:00,24.0,88.75,289.40732,294.70932,16.25732000000005,21.559320000000014
2017-04-10 14:00:00,24.0,89.0,289.63846,294.58902,16.488460000000032,21.439020000000028
2017-04-10 14:00:00,24.0,89.25,290.02838,295.67194,16.87838000000005,22.52194000000003
2017-04-10 14:00:00,24.0,89.5,290.5135,296.2357,17.363500000000045,23.08570000000003
2017-04-10 14:00:00,24.0,89.75,291.10376,297.1707,17.953760000000045,24.020700000000033
2017-04-10 14:00:00,24.0,90.0,291.44058,297.41656,18.290580000000034,24.266560000000027
2017-04-10 14:00:00,23.75,85.5,285.86633,291.95126,12.716330000000028,18.801260000000013
2017-04-10 14:00:00,23.75,85.75,286.16547,291.6101,13.01547000000005,18.46010000000001
2017-04-10 14:00:00,23.75,86.0,286.16547,291.6101,13.01547000000005,18.46010000000001
2017-04-10 14:00:00,23.75,86.25,286.9674,292.37326,13.81740000000002,19.22326000000004
2017-04-10 14:00:00,23.75,86.5,287.71115,293.8511,14.561149999999998,20.701099999999997
2017-04-10 14:00:00,23.75,86.75,287.54083,292.94284,14.39083000000005,19.792840000000012
2017-04-10 14:00:00,23.75,87.0,287.6439,292.65427,14.493899999999996,19.50427000000002
2017-04-10 14:00:00,23.75,87.25,287.8434,292.30005,14.693399999999997,19.15005000000002
2017-04-10 14:00:00,23.75,87.5,289.7811,294.75235,16.631100000000004,21.60235
2017-04-10 14:00:00,23.75,87.75,291.2952,296.33597,18.145200000000045,23.185969999999998
2017-04-10 14:00:00,23.75,88.0,290.8619,295.11066,17.711900000000014,21.96066000000002
2017-04-10 14:00:00,23.75,88.25,290.8619,295.11066,17.711900000000014,21.96066000000002
2017-04-10 14:00:00,23.75,88.5,290.11768,294.51303,16.96768000000003,21.363030000000037
2017-04-10 14:00:00,23.75,88.75,290.07764,295.3827,16.927639999999997,22.232700000000023
2017-04-10 14:00:00,23.75,89.0,290.64508,296.34592,17.49508000000003,23.19592
2017-04-10 14:00:00,23.75,89.25,291.4516,297.0681,18.301600000000008,23.918100000000038
2017-04-10 14:00:00,23.75,89.5,291.93674,297.61658,18.78674000000001,24.46658000000002
2017-04-10 14:00:00,23.75,89.75,292.08292,298.7213,18.932920000000024,25.571300000000008
2017-04-10 14:00:00,23.75,90.0,292.674,299.24646,19.524,26.096460000000036
2017-04-10 14:00:00,23.5,85.5,285.6547,291.47577,12.504700000000014,18.325770000000034
2017-04-10 14:00:00,23.5,85.75,287.12512,292.8131,13.975120000000004,19.663100000000043
2017-04-10 14:00:00,23.5,86.0,287.12512,292.8131,13.975120000000004,19.663100000000043
2017-04-10 14:00:00,23.5,86.25,287.67853,293.7466,14.528530000000046,20.596600000000024
2017-04-10 14:00:00,23.5,86.5,288.11026,294.05106,14.960260000000005,20.90106000000003
2017-04-10 14:00:00,23.5,86.75,287.86502,293.652,14.715020000000038,20.50200000000001
2017-04-10 14:00:00,23.5,87.0,288.28668,293.33884,15.136680000000013,20.188840000000027
2017-04-10 14:00:00,23.5,87.25,288.7802,295.69263,15.630200000000002,22.54263000000003
2017-04-10 14:00:00,23.5,87.5,289.64908,298.8279,16.49908000000005,25.677900000000022
2017-04-10 14:00:00,23.5,87.75,290.5489,299.5693,17.398900000000026,26.41930000000002
2017-04-10 14:00:00,23.5,88.0,290.54947,297.33127,17.399470000000008,24.18127000000004
2017-04-10 14:00:00,23.5,88.25,290.54947,297.33127,17.399470000000008,24.18127000000004
2017-04-10 14:00:00,23.5,88.5,290.08215,294.96027,16.932150000000036,21.810270000000003
2017-04-10 14:00:00,23.5,88.75,290.2999,295.32346,17.149900000000002,22.173460000000034
2017-04-10 14:00:00,23.5,89.0,291.0236,296.9884,17.87360000000001,23.838400000000036
2017-04-10 14:00:00,23.5,89.25,291.5137,297.2272,18.363699999999994,24.077200000000005
2017-04-10 14:00:00,23.5,89.5,291.8423,297.39886,18.692300000000046,24.248860000000036
2017-04-10 14:00:00,23.5,89.75,291.95605,297.4891,18.806050000000027,24.33910000000003
2017-04-10 14:00:00,23.5,90.0,292.79355,298.6898,19.643550000000005,25.539800000000014
2017-04-10 14:00:00,23.25,85.5,287.78058,293.1258,14.630580000000009,19.97580000000005
2017-04-10 14:00:00,23.25,85.75,287.77362,292.70465,14.623620000000017,19.554650000000038
2017-04-10 14:00:00,23.25,86.0,287.77362,292.70465,14.623620000000017,19.554650000000038
2017-04-10 14:00:00,23.25,86.25,289.7746,295.22705,16.624600000000044,22.077050000000042
2017-04-10 14:00:00,23.25,86.5,289.05457,293.77356,15.904570000000035,20.623559999999998
2017-04-10 14:00:00,23.25,86.75,289.1444,293.49854,15.994400000000041,20.348540000000014
2017-04-10 14:00:00,23.25,87.0,289.5561,295.54242,16.406100000000038,22.392420000000016
2017-04-10 14:00:00,23.25,87.25,289.99295,298.38507,16.84295000000003,25.235070000000007
2017-04-10 14:00:00,23.25,87.5,290.55328,299.9443,17.403279999999995,26.79430000000002
2017-04-10 14:00:00,23.25,87.75,291.2065,300.46384,18.056500000000028,27.313840000000027
2017-04-10 14:00:00,23.25,88.0,291.58258,299.31067,18.43258000000003,26.16067000000004
2017-04-10 14:00:00,23.25,88.25,291.58258,299.31067,18.43258000000003,26.16067000000004
2017-04-10 14:00:00,23.25,88.5,291.9417,297.8106,18.79170000000005,24.660600000000045
2017-04-10 14:00:00,23.25,88.75,292.64474,298.33896,19.494740000000036,25.18896000000001
2017-04-10 14:00:00,23.25,89.0,293.10638,298.58023,19.956380000000024,25.430229999999995
2017-04-10 14:00:00,23.25,89.25,293.5311,298.642,20.381100000000004,25.49200000000002
2017-04-10 14:00:00,23.25,89.5,293.57703,298.8661,20.427030000000002,25.71610000000004
2017-04-10 14:00:00,23.25,89.75,293.8077,299.01068,20.657700000000034,25.860680000000002
2017-04-10 14:00:00,23.25,90.0,293.96768,298.83356,20.817679999999996,25.68356
2017-04-10 14:00:00,23.0,85.5,290.43637,294.18823,17.286370000000034,21.03823
2017-04-10 14:00:00,23.0,85.75,290.93442,295.08847,17.78442000000001,21.938469999999995
2017-04-10 14:00:00,23.0,86.0,290.93442,295.08847,17.78442000000001,21.938469999999995
2017-04-10 14:00:00,23.0,86.25,291.097,295.70093,17.947000000000003,22.55093000000005
2017-04-10 14:00:00,23.0,86.5,290.83295,299.2814,17.682950000000005,26.131400000000042
2017-04-10 14:00:00,23.0,86.75,290.58517,300.119,17.435170000000028,26.96900000000005
2017-04-10 14:00:00,23.0,87.0,290.31577,297.46542,17.16577000000001,24.315420000000017
2017-04-10 14:00:00,23.0,87.25,290.62793,296.2632,17.477930000000015,23.113200000000006
2017-04-10 14:00:00,23.0,87.5,291.34927,296.21228,18.199270000000013,23.062280000000044
2017-04-10 14:00:00,23.0,87.75,292.37357,297.46057,19.223569999999995,24.31057000000004
2017-04-10 14:00:00,23.0,88.0,293.4647,299.11536,20.314700000000016,25.965360000000032
2017-04-10 14:00:00,23.0,88.25,293.4647,299.11536,20.314700000000016,25.965360000000032
2017-04-10 14:00:00,23.0,88.5,294.6226,299.90002,21.4726,26.750020000000006
2017-04-10 14:00:00,23.0,88.75,295.68298,300.44998,22.53298000000001,27.299980000000005
2017-04-10 14:00:00,23.0,89.0,295.86194,300.5207,22.711940000000027,27.3707
2017-04-10 14:00:00,23.0,89.25,295.9272,300.65216,22.77720000000005,27.502160000000003
2017-04-10 14:00:00,23.0,89.5,295.8768,300.81796,22.726800000000026,27.66796000000005
2017-04-10 14:00:00,23.0,89.75,295.97504,300.43912,22.82504,27.289120000000025
2017-04-10 14:00:00,23.0,90.0,295.77148,300.22043,22.62148000000002,27.070430000000044
2017-04-10 14:00:00,22.75,85.5,290.5347,300.67136,17.38470000000001,27.521360000000016
2017-04-10 14:00:00,22.75,85.75,291.07443,298.46234,17.92443000000003,25.312340000000006
2017-04-10 14:00:00,22.75,86.0,291.07443,298.46234,17.92443000000003,25.312340000000006
2017-04-10 14:00:00,22.75,86.25,292.06113,297.58585,18.911130000000014,24.435850000000016
2017-04-10 14:00:00,22.75,86.5,292.3975,296.98108,19.247500000000002,23.831080000000043
2017-04-10 14:00:00,22.75,86.75,292.5606,297.91165,19.410600000000045,24.76165000000003
2017-04-10 14:00:00,22.75,87.0,293.08514,298.71573,19.935140000000047,25.56573000000003
2017-04-10 14:00:00,22.75,87.25,293.80905,299.2515,20.659050000000036,26.101500000000044
2017-04-10 14:00:00,22.75,87.5,294.6892,299.67413,21.53920000000005,26.524130000000014
2017-04-10 14:00:00,22.75,87.75,295.48087,300.2194,22.330870000000004,27.06940000000003
2017-04-10 14:00:00,22.75,88.0,296.39157,300.8516,23.241570000000024,27.70160000000004
2017-04-10 14:00:00,22.75,88.25,296.39157,300.8516,23.241570000000024,27.70160000000004
2017-04-10 14:00:00,22.75,88.5,297.20416,301.4238,24.054160000000024,28.27380000000005
2017-04-10 14:00:00,22.75,88.75,297.59625,301.87274,24.44625000000002,28.722740000000044
2017-04-10 14:00:00,22.75,89.0,297.71027,302.32437,24.560270000000003,29.17437000000001
2017-04-10 14:00:00,22.75,89.25,297.61435,302.44107,24.464350000000024,29.291070000000047
2017-04-10 14:00:00,22.75,89.5,297.268,301.83563,24.117999999999995,28.685630000000003
2017-04-10 14:00:00,22.75,89.75,296.9597,301.2646,23.80970000000002,28.114599999999996
2017-04-10 14:00:00,22.75,90.0,296.8978,301.44824,23.74780000000004,28.29824000000002
2017-04-10 14:00:00,22.5,85.5,290.5347,300.67136,17.38470000000001,27.521360000000016
2017-04-10 14:00:00,22.5,85.75,291.07443,298.46234,17.92443000000003,25.312340000000006
2017-04-10 14:00:00,22.5,86.0,291.07443,298.46234,17.92443000000003,25.312340000000006
2017-04-10 14:00:00,22.5,86.25,292.06113,297.58585,18.911130000000014,24.435850000000016
2017-04-10 14:00:00,22.5,86.5,292.3975,296.98108,19.247500000000002,23.831080000000043
2017-04-10 14:00:00,22.5,86.75,292.5606,297.91165,19.410600000000045,24.76165000000003
2017-04-10 14:00:00,22.5,87.0,293.08514,298.71573,19.935140000000047,25.56573000000003
2017-04-10 14:00:00,22.5,87.25,293.80905,299.2515,20.659050000000036,26.101500000000044
2017-04-10 14:00:00,22.5,87.5,294.6892,299.67413,21.53920000000005,26.524130000000014
2017-04-10 14:00:00,22.5,87.75,295.48087,300.2194,22.330870000000004,27.06940000000003
2017-04-10 14:00:00,22.5,88.0,296.39157,300.8516,23.241570000000024,27.70160000000004
2017-04-10 14:00:00,22.5,88.25,296.39157,300.8516,23.241570000000024,27.70160000000004
2017-04-10 14:00:00,22.5,88.5,297.20416,301.4238,24.054160000000024,28.27380000000005
2017-04-10 14:00:00,22.5,88.75,297.59625,301.87274,24.44625000000002,28.722740000000044
2017-04-10 14:00:00,22.5,89.0,297.71027,302.32437,24.560270000000003,29.17437000000001
2017-04-10 14:00:00,22.5,89.25,297.61435,302.44107,24.464350000000024,29.291070000000047
2017-04-10 14:00:00,22.5,89.5,297.268,301.83563,24.117999999999995,28.685630000000003
2017-04-10 14:00:00,22.5,89.75,296.9597,301.2646,23.80970000000002,28.114599999999996
2017-04-10 14:00:00,22.5,90.0,296.8978,301.44824,23.74780000000004,28.29824000000002
2017-04-10 14:00:00,22.25,85.5,292.06873,296.48462,18.91873000000004,23.33462000000003
2017-04-10 14:00:00,22.25,85.75,292.7577,299.6988,19.607700000000023,26.54880000000003
2017-04-10 14:00:00,22.25,86.0,292.7577,299.6988,19.607700000000023,26.54880000000003
2017-04-10 14:00:00,22.25,86.25,294.0287,299.5024,20.878700000000038,26.352400000000046
2017-04-10 14:00:00,22.25,86.5,293.67825,299.89166,20.528250000000014,26.741660000000024
2017-04-10 14:00:00,22.25,86.75,295.47543,300.64743,22.32543000000004,27.49743000000001
2017-04-10 14:00:00,22.25,87.0,296.181,301.02682,23.031000000000006,27.87682000000001
2017-04-10 14:00:00,22.25,87.25,296.48044,300.6941,23.33044000000001,27.544100000000014
2017-04-10 14:00:00,22.25,87.5,296.23666,300.53555,23.086659999999995,27.385550000000023
2017-04-10 14:00:00,22.25,87.75,296.29813,300.7132,23.148130000000037,27.563199999999995
2017-04-10 14:00:00,22.25,88.0,296.957,301.15015,23.807000000000016,28.00015000000002
2017-04-10 14:00:00,22.25,88.25,296.957,301.15015,23.807000000000016,28.00015000000002
2017-04-10 14:00:00,22.25,88.5,297.63553,301.50922,24.48553000000004,28.35922000000005
2017-04-10 14:00:00,22.25,88.75,297.9517,301.84177,24.80170000000004,28.69177000000002
2017-04-10 14:00:00,22.25,89.0,298.13718,302.16553,24.987180000000023,29.015530000000012
2017-04-10 14:00:00,22.25,89.25,297.78372,302.1829,24.63372000000004,29.03290000000004
2017-04-10 14:00:00,22.25,89.5,297.03552,301.88623,23.885520000000042,28.736230000000035
2017-04-10 14:00:00,22.25,89.75,296.9848,301.52054,23.83480000000003,28.370540000000005
2017-04-10 14:00:00,22.25,90.0,296.8945,301.32462,23.744500000000016,28.174620000000004
2017-04-10 14:00:00,22.0,85.5,289.72375,294.203,16.573750000000018,21.052999999999997
2017-04-10 14:00:00,22.0,85.75,291.12253,296.04666,17.972530000000006,22.896659999999997
2017-04-10 14:00:00,22.0,86.0,291.12253,296.04666,17.972530000000006,22.896659999999997
2017-04-10 14:00:00,22.0,86.25,293.36642,298.5875,20.216420000000028,25.4375
2017-04-10 14:00:00,22.0,86.5,293.99283,300.44388,20.84283000000005,27.29388
2017-04-10 14:00:00,22.0,86.75,297.41153,301.83572,24.26153000000005,28.685720000000003
2017-04-10 14:00:00,22.0,87.0,297.87723,301.41458,24.72723000000002,28.264580000000024
2017-04-10 14:00:00,22.0,87.25,297.61053,300.9554,24.460530000000006,27.80540000000002
2017-04-10 14:00:00,22.0,87.5,296.99417,300.53775,23.84417000000002,27.38775000000004
2017-04-10 14:00:00,22.0,87.75,296.68033,300.25552,23.53033000000005,27.105520000000013
2017-04-10 14:00:00,22.0,88.0,297.19772,300.9456,24.047720000000027,27.795600000000036
2017-04-10 14:00:00,22.0,88.25,297.19772,300.9456,24.047720000000027,27.795600000000036
2017-04-10 14:00:00,22.0,88.5,297.68835,301.20718,24.538350000000037,28.057180000000017
2017-04-10 14:00:00,22.0,88.75,297.7488,301.10965,24.59880000000004,27.95965000000001
2017-04-10 14:00:00,22.0,89.0,297.70456,301.3048,24.554560000000038,28.154800000000023
2017-04-10 14:00:00,22.0,89.25,297.54932,301.41043,24.399320000000046,28.260430000000042
2017-04-10 14:00:00,22.0,89.5,297.21695,301.3391,24.06695000000002,28.189099999999996
2017-04-10 14:00:00,22.0,89.75,297.05798,301.2834,23.90798000000001,28.133399999999995
2017-04-10 14:00:00,22.0,90.0,297.16147,301.38242,24.01147000000003,28.232420000000047
2017-04-10 14:00:00,21.75,85.5,291.38477,297.9945,18.234770000000026,24.84450000000004
2017-04-10 14:00:00,21.75,85.75,293.71603,299.23596,20.566030000000012,26.08596
2017-04-10 14:00:00,21.75,86.0,293.71603,299.23596,20.566030000000012,26.08596
2017-04-10 14:00:00,21.75,86.25,294.2307,298.95023,21.080700000000036,25.80023
2017-04-10 14:00:00,21.75,86.5,294.61728,300.5061,21.467280000000017,27.356100000000026
2017-04-10 14:00:00,21.75,86.75,297.56763,302.218,24.41763000000003,29.06800000000004
2017-04-10 14:00:00,21.75,87.0,297.70145,300.86658,24.551450000000045,27.71658000000002
2017-04-10 14:00:00,21.75,87.25,297.5289,300.5283,24.378900000000044,27.378300000000024
2017-04-10 14:00:00,21.75,87.5,296.79742,300.33902,23.64742000000001,27.189020000000028
2017-04-10 14:00:00,21.75,87.75,296.80765,299.6987,23.657650000000046,26.548699999999997
2017-04-10 14:00:00,21.75,88.0,297.0813,300.10593,23.93130000000002,26.955930000000023
2017-04-10 14:00:00,21.75,88.25,297.0813,300.10593,23.93130000000002,26.955930000000023
2017-04-10 14:00:00,21.75,88.5,297.1543,300.21683,24.0043,27.06683000000004
2017-04-10 14:00:00,21.75,88.75,297.23804,300.37738,24.088040000000035,27.22738000000004
2017-04-10 14:00:00,21.75,89.0,297.36838,300.8491,24.218380000000025,27.699100000000044
2017-04-10 14:00:00,21.75,89.25,297.32538,300.44907,24.17538000000002,27.29907000000003
2017-04-10 14:00:00,21.75,89.5,297.16397,299.64282,24.01397000000003,26.492819999999995
2017-04-10 14:00:00,21.75,89.75,297.11746,299.42795,23.967460000000017,26.277950000000033
2017-04-10 14:00:00,21.75,90.0,297.03046,299.54773,23.880460000000028,26.397730000000024
2017-04-10 14:00:00,21.5,85.5,293.03064,298.5897,19.880640000000028,25.439700000000016
2017-04-10 14:00:00,21.5,85.75,294.8569,300.6762,21.70690000000002,27.526200000000017
2017-04-10 14:00:00,21.5,86.0,294.8569,300.6762,21.70690000000002,27.526200000000017
2017-04-10 14:00:00,21.5,86.25,295.9729,301.4498,22.822900000000004,28.299800000000005
2017-04-10 14:00:00,21.5,86.5,296.9219,302.74768,23.771900000000016,29.597680000000025
2017-04-10 14:00:00,21.5,86.75,298.3281,303.6051,25.17810000000003,30.455100000000016
2017-04-10 14:00:00,21.5,87.0,297.69592,300.4316,24.545920000000024,27.281600000000026
2017-04-10 14:00:00,21.5,87.25,297.44788,299.38446,24.29788000000002,26.234460000000013
2017-04-10 14:00:00,21.5,87.5,297.3226,299.5165,24.172600000000045,26.36650000000003
2017-04-10 14:00:00,21.5,87.75,297.16428,299.2445,24.014280000000042,26.09450000000004
2017-04-10 14:00:00,21.5,88.0,297.00653,299.17642,23.85653000000002,26.02642000000003
2017-04-10 14:00:00,21.5,88.25,297.00653,299.17642,23.85653000000002,26.02642000000003
2017-04-10 14:00:00,21.5,88.5,296.88696,299.12054,23.73696000000001,25.970540000000028
2017-04-10 14:00:00,21.5,88.75,296.87924,299.18527,23.729240000000004,26.035270000000025
2017-04-10 14:00:00,21.5,89.0,296.91968,299.4556,23.76968000000005,26.305600000000027
2017-04-10 14:00:00,21.5,89.25,296.91354,299.52682,23.763540000000035,26.37682000000001
2017-04-10 14:00:00,21.5,89.5,296.91367,299.4901,23.763670000000047,26.340100000000007
2017-04-10 14:00:00,21.5,89.75,296.9042,299.61856,23.754200000000026,26.468560000000025
2017-04-10 14:00:00,21.5,90.0,296.74606,299.85175,23.596060000000023,26.701750000000004
2017-04-10 14:00:00,21.25,85.5,296.53635,300.83154,23.38635000000005,27.68154000000004
2017-04-10 14:00:00,21.25,85.75,297.29684,301.93155,24.146839999999997,28.78155000000004
2017-04-10 14:00:00,21.25,86.0,297.29684,301.93155,24.146839999999997,28.78155000000004
2017-04-10 14:00:00,21.25,86.25,298.786,303.1727,25.636000000000024,30.022700000000043
2017-04-10 14:00:00,21.25,86.5,298.42465,304.02722,25.27465000000001,30.877220000000023
2017-04-10 14:00:00,21.25,86.75,299.01324,303.19748,25.86324000000002,30.047480000000007
2017-04-10 14:00:00,21.25,87.0,297.85248,299.99716,24.702480000000037,26.84716000000003
2017-04-10 14:00:00,21.25,87.25,297.33994,298.99994,24.189940000000036,25.849940000000004
2017-04-10 14:00:00,21.25,87.5,297.09958,299.32352,23.949580000000026,26.173519999999996
2017-04-10 14:00:00,21.25,87.75,296.89413,299.36176,23.74413000000004,26.211760000000027
2017-04-10 14:00:00,21.25,88.0,296.72263,299.29617,23.572630000000004,26.14617000000004
2017-04-10 14:00:00,21.25,88.25,296.72263,299.29617,23.572630000000004,26.14617000000004
2017-04-10 14:00:00,21.25,88.5,296.57834,299.28735,23.42834000000005,26.137350000000026
2017-04-10 14:00:00,21.25,88.75,296.52908,299.32068,23.379080000000044,26.170680000000004
2017-04-10 14:00:00,21.25,89.0,296.5663,299.42914,23.416300000000035,26.27914000000004
2017-04-10 14:00:00,21.25,89.25,296.59387,299.69135,23.443870000000004,26.541350000000023
2017-04-10 14:00:00,21.25,89.5,296.60712,300.02005,23.45712000000003,26.87005000000005
2017-04-10 14:00:00,21.25,89.75,296.58472,300.15146,23.434720000000027,27.00146000000001
2017-04-10 14:00:00,21.25,90.0,296.42047,300.27777,23.270470000000046,27.127769999999998
2017-04-10 14:00:00,21.0,85.5,298.8045,303.36093,25.65450000000004,30.21093000000002
2017-04-10 14:00:00,21.0,85.75,299.8966,303.3066,26.7466,30.156600000000026
2017-04-10 14:00:00,21.0,86.0,299.8966,303.3066,26.7466,30.156600000000026
2017-04-10 14:00:00,21.0,86.25,300.2305,303.06793,27.08050000000003,29.917930000000013
2017-04-10 14:00:00,21.0,86.5,299.49854,302.15472,26.348540000000014,29.00472000000002
2017-04-10 14:00:00,21.0,86.75,300.0126,301.38623,26.862600000000043,28.236230000000035
2017-04-10 14:00:00,21.0,87.0,298.10135,299.4502,24.951350000000048,26.300200000000018
2017-04-10 14:00:00,21.0,87.25,297.20084,298.6575,24.05084000000005,25.50750000000005
2017-04-10 14:00:00,21.0,87.5,296.7837,298.74948,23.633700000000033,25.599480000000028
2017-04-10 14:00:00,21.0,87.75,296.4896,298.87354,23.33960000000002,25.723540000000014
2017-04-10 14:00:00,21.0,88.0,296.33368,298.99142,23.183680000000038,25.841420000000028
2017-04-10 14:00:00,21.0,88.25,296.33368,298.99142,23.183680000000038,25.841420000000028
2017-04-10 14:00:00,21.0,88.5,296.2835,299.19522,23.133500000000026,26.04522000000003
2017-04-10 14:00:00,21.0,88.75,296.29016,299.41412,23.140160000000037,26.264120000000048
2017-04-10 14:00:00,21.0,89.0,296.3272,299.65402,23.177200000000028,26.504020000000025
2017-04-10 14:00:00,21.0,89.25,296.33368,299.8313,23.183680000000038,26.68130000000002
2017-04-10 14:00:00,21.0,89.5,296.27048,299.86816,23.120480000000043,26.71816000000001
2017-04-10 14:00:00,21.0,89.75,296.1783,299.9227,23.0283,26.772700000000043
2017-04-10 14:00:00,21.0,90.0,296.1106,299.9976,22.9606,26.8476
2017-04-10 15:00:00,27.5,85.5,282.11752,289.191,8.967520000000036,16.040999999999997
2017-04-10 15:00:00,27.5,85.75,279.5716,288.6617,6.421600000000012,15.511700000000019
2017-04-10 15:00:00,27.5,86.0,279.5716,288.6617,6.421600000000012,15.511700000000019
2017-04-10 15:00:00,27.5,86.25,277.45187,286.6808,4.301870000000008,13.5308
2017-04-10 15:00:00,27.5,86.5,274.9266,283.466,1.7766000000000304,10.316000000000031
2017-04-10 15:00:00,27.5,86.75,272.45068,281.8192,-0.6993200000000002,8.669200000000046
2017-04-10 15:00:00,27.5,87.0,271.52652,281.207,-1.6234799999999723,8.057000000000016
2017-04-10 15:00:00,27.5,87.25,271.13223,279.31155,-2.0177699999999845,6.161550000000034
2017-04-10 15:00:00,27.5,87.5,270.4787,279.23044,-2.671299999999974,6.08044000000001
2017-04-10 15:00:00,27.5,87.75,270.23682,278.3459,-2.9131799999999544,5.195899999999995
2017-04-10 15:00:00,27.5,88.0,272.314,277.672,-0.8359999999999559,4.522000000000048
2017-04-10 15:00:00,27.5,88.25,272.314,277.672,-0.8359999999999559,4.522000000000048
2017-04-10 15:00:00,27.5,88.5,275.91306,279.85754,2.763059999999996,6.7075399999999945
2017-04-10 15:00:00,27.5,88.75,275.72098,279.49286,2.57098000000002,6.34286000000003
2017-04-10 15:00:00,27.5,89.0,269.46558,273.53806,-3.6844199999999887,0.38805999999999585
2017-04-10 15:00:00,27.5,89.25,264.9432,268.99133,-8.206799999999987,-4.158669999999972
2017-04-10 15:00:00,27.5,89.5,268.97705,272.2226,-4.1729499999999575,-0.9273999999999774
2017-04-10 15:00:00,27.5,89.75,273.73682,276.95886,0.5868200000000456,3.8088600000000383
2017-04-10 15:00:00,27.5,90.0,278.16827,281.51697,5.0182700000000295,8.366970000000038
2017-04-10 15:00:00,27.25,85.5,286.3935,292.04144,13.24350000000004,18.891440000000046
2017-04-10 15:00:00,27.25,85.75,284.56516,288.7049,11.415160000000014,15.554900000000032
2017-04-10 15:00:00,27.25,86.0,284.56516,288.7049,11.415160000000014,15.554900000000032
2017-04-10 15:00:00,27.25,86.25,282.8492,287.0501,9.699200000000019,13.900100000000009
2017-04-10 15:00:00,27.25,86.5,279.44577,288.7163,6.2957700000000045,15.566300000000012
2017-04-10 15:00:00,27.25,86.75,277.93884,288.32275,4.78884000000005,15.172750000000008
2017-04-10 15:00:00,27.25,87.0,276.0143,285.97644,2.8643000000000143,12.826440000000048
2017-04-10 15:00:00,27.25,87.25,274.89508,284.57373,1.74508000000003,11.423730000000035
2017-04-10 15:00:00,27.25,87.5,274.67538,284.5696,1.525380000000041,11.419600000000003
2017-04-10 15:00:00,27.25,87.75,274.81305,283.4204,1.6630499999999984,10.270399999999995
2017-04-10 15:00:00,27.25,88.0,276.51422,282.1806,3.3642200000000457,9.03060000000005
2017-04-10 15:00:00,27.25,88.25,276.51422,282.1806,3.3642200000000457,9.03060000000005
2017-04-10 15:00:00,27.25,88.5,280.02887,284.1578,6.878870000000006,11.007800000000032
2017-04-10 15:00:00,27.25,88.75,281.86676,285.8249,8.716760000000022,12.674900000000036
2017-04-10 15:00:00,27.25,89.0,279.18057,282.3954,6.0305700000000115,9.245400000000018
2017-04-10 15:00:00,27.25,89.25,275.61484,280.89655,2.464840000000038,7.746550000000013
2017-04-10 15:00:00,27.25,89.5,275.75534,279.76465,2.6053400000000124,6.61465000000004
2017-04-10 15:00:00,27.25,89.75,275.48233,279.28265,2.332330000000013,6.132650000000012
2017-04-10 15:00:00,27.25,90.0,276.97797,281.96277,3.8279700000000503,8.81277
2017-04-10 15:00:00,27.0,85.5,286.3935,292.04144,13.24350000000004,18.891440000000046
2017-04-10 15:00:00,27.0,85.75,284.56516,288.7049,11.415160000000014,15.554900000000032
2017-04-10 15:00:00,27.0,86.0,284.56516,288.7049,11.415160000000014,15.554900000000032
2017-04-10 15:00:00,27.0,86.25,282.8492,287.0501,9.699200000000019,13.900100000000009
2017-04-10 15:00:00,27.0,86.5,279.44577,288.7163,6.2957700000000045,15.566300000000012
2017-04-10 15:00:00,27.0,86.75,277.93884,288.32275,4.78884000000005,15.172750000000008
2017-04-10 15:00:00,27.0,87.0,276.0143,285.97644,2.8643000000000143,12.826440000000048
2017-04-10 15:00:00,27.0,87.25,274.89508,284.57373,1.74508000000003,11.423730000000035
2017-04-10 15:00:00,27.0,87.5,274.67538,284.5696,1.525380000000041,11.419600000000003
2017-04-10 15:00:00,27.0,87.75,274.81305,283.4204,1.6630499999999984,10.270399999999995
2017-04-10 15:00:00,27.0,88.0,276.51422,282.1806,3.3642200000000457,9.03060000000005
2017-04-10 15:00:00,27.0,88.25,276.51422,282.1806,3.3642200000000457,9.03060000000005
2017-04-10 15:00:00,27.0,88.5,280.02887,284.1578,6.878870000000006,11.007800000000032
2017-04-10 15:00:00,27.0,88.75,281.86676,285.8249,8.716760000000022,12.674900000000036
2017-04-10 15:00:00,27.0,89.0,279.18057,282.3954,6.0305700000000115,9.245400000000018
2017-04-10 15:00:00,27.0,89.25,275.61484,280.89655,2.464840000000038,7.746550000000013
2017-04-10 15:00:00,27.0,89.5,275.75534,279.76465,2.6053400000000124,6.61465000000004
2017-04-10 15:00:00,27.0,89.75,275.48233,279.28265,2.332330000000013,6.132650000000012
2017-04-10 15:00:00,27.0,90.0,276.97797,281.96277,3.8279700000000503,8.81277
2017-04-10 15:00:00,26.75,85.5,287.4686,292.95285,14.318600000000004,19.802850000000035
2017-04-10 15:00:00,26.75,85.75,286.5068,291.83395,13.356800000000021,18.68395000000004
2017-04-10 15:00:00,26.75,86.0,286.5068,291.83395,13.356800000000021,18.68395000000004
2017-04-10 15:00:00,26.75,86.25,285.96274,291.29416,12.81274000000002,18.14416
2017-04-10 15:00:00,26.75,86.5,284.6634,289.26776,11.513400000000047,16.117760000000033
2017-04-10 15:00:00,26.75,86.75,283.12604,290.02682,9.976040000000012,16.87682000000001
2017-04-10 15:00:00,26.75,87.0,281.14398,291.5007,7.993980000000022,18.350700000000018
2017-04-10 15:00:00,26.75,87.25,279.8727,291.52136,6.722700000000032,18.37136000000004
2017-04-10 15:00:00,26.75,87.5,279.6046,289.95142,6.454600000000028,16.801420000000007
2017-04-10 15:00:00,26.75,87.75,279.75873,287.4214,6.608730000000037,14.271400000000028
2017-04-10 15:00:00,26.75,88.0,280.89948,286.64383,7.7494800000000055,13.493830000000003
2017-04-10 15:00:00,26.75,88.25,280.89948,286.64383,7.7494800000000055,13.493830000000003
2017-04-10 15:00:00,26.75,88.5,283.5481,288.86707,10.3981,15.717070000000035
2017-04-10 15:00:00,26.75,88.75,286.03842,290.88934,12.888419999999996,17.739340000000027
2017-04-10 15:00:00,26.75,89.0,286.4729,290.60904,13.322900000000004,17.459040000000016
2017-04-10 15:00:00,26.75,89.25,285.54553,290.17157,12.395530000000008,17.021569999999997
2017-04-10 15:00:00,26.75,89.5,284.19412,289.2159,11.04412000000002,16.0659
2017-04-10 15:00:00,26.75,89.75,281.61786,286.18924,8.46786000000003,13.039240000000007
2017-04-10 15:00:00,26.75,90.0,281.99963,288.88562,8.849630000000047,15.73562000000004
2017-04-10 15:00:00,26.5,85.5,288.18277,293.1082,15.032770000000028,19.958200000000033
2017-04-10 15:00:00,26.5,85.75,287.97296,292.9052,14.822960000000023,19.755200000000002
2017-04-10 15:00:00,26.5,86.0,287.97296,292.9052,14.822960000000023,19.755200000000002
2017-04-10 15:00:00,26.5,86.25,286.64462,292.11404,13.494619999999998,18.96404000000001
2017-04-10 15:00:00,26.5,86.5,286.6963,291.91345,13.54630000000003,18.763450000000034
2017-04-10 15:00:00,26.5,86.75,286.08524,291.44354,12.935240000000022,18.293540000000007
2017-04-10 15:00:00,26.5,87.0,283.61002,287.89926,10.460020000000043,14.74926000000005
2017-04-10 15:00:00,26.5,87.25,283.14713,290.88214,9.997130000000027,17.732140000000015
2017-04-10 15:00:00,26.5,87.5,283.43063,293.34387,10.28063000000003,20.193870000000004
2017-04-10 15:00:00,26.5,87.75,283.7499,291.34973,10.599900000000048,18.199730000000045
2017-04-10 15:00:00,26.5,88.0,284.78766,290.06857,11.63766000000004,16.918570000000045
2017-04-10 15:00:00,26.5,88.25,284.78766,290.06857,11.63766000000004,16.918570000000045
2017-04-10 15:00:00,26.5,88.5,286.31018,291.28085,13.160180000000025,18.13085000000001
2017-04-10 15:00:00,26.5,88.75,287.42233,292.27167,14.27233000000001,19.121669999999995
2017-04-10 15:00:00,26.5,89.0,287.1339,291.59775,13.983900000000006,18.447750000000042
2017-04-10 15:00:00,26.5,89.25,286.35324,290.0405,13.20324000000005,16.89050000000003
2017-04-10 15:00:00,26.5,89.5,287.28336,294.52524,14.133360000000039,21.37524000000002
2017-04-10 15:00:00,26.5,89.75,286.08948,296.46246,12.939480000000003,23.312460000000044
2017-04-10 15:00:00,26.5,90.0,285.6397,292.233,12.489700000000028,19.083000000000027
2017-04-10 15:00:00,26.25,85.5,287.42816,292.5068,14.278160000000014,19.35680000000002
2017-04-10 15:00:00,26.25,85.75,287.43976,292.45663,14.289760000000001,19.30663000000004
2017-04-10 15:00:00,26.25,86.0,287.43976,292.45663,14.289760000000001,19.30663000000004
2017-04-10 15:00:00,26.25,86.25,287.3423,292.09494,14.192300000000046,18.94494000000003
2017-04-10 15:00:00,26.25,86.5,286.8725,291.8678,13.722500000000025,18.71780000000001
2017-04-10 15:00:00,26.25,86.75,286.9845,291.6833,13.834500000000048,18.533299999999997
2017-04-10 15:00:00,26.25,87.0,286.80753,291.03143,13.657530000000008,17.881430000000023
2017-04-10 15:00:00,26.25,87.25,286.58804,290.89194,13.43804,17.74194
2017-04-10 15:00:00,26.25,87.5,286.60538,291.11722,13.455380000000048,17.967219999999998
2017-04-10 15:00:00,26.25,87.75,285.87238,290.32867,12.722380000000044,17.17867000000001
2017-04-10 15:00:00,26.25,88.0,285.2783,289.22504,12.128300000000024,16.07504
2017-04-10 15:00:00,26.25,88.25,285.2783,289.22504,12.128300000000024,16.07504
2017-04-10 15:00:00,26.25,88.5,285.7356,290.72437,12.5856,17.574370000000044
2017-04-10 15:00:00,26.25,88.75,285.90088,292.99353,12.750879999999995,19.843530000000044
2017-04-10 15:00:00,26.25,89.0,285.48694,291.21765,12.336940000000027,18.067650000000015
2017-04-10 15:00:00,26.25,89.25,285.36765,290.68256,12.217650000000049,17.532560000000046
2017-04-10 15:00:00,26.25,89.5,285.64194,292.34375,12.49194,19.193750000000023
2017-04-10 15:00:00,26.25,89.75,286.46838,291.61267,13.318380000000047,18.462670000000003
2017-04-10 15:00:00,26.25,90.0,287.67953,291.06506,14.529530000000022,17.91506000000004
2017-04-10 15:00:00,26.0,85.5,287.29684,292.54688,14.146839999999997,19.39688000000001
2017-04-10 15:00:00,26.0,85.75,287.5514,292.54364,14.401400000000024,19.393640000000005
2017-04-10 15:00:00,26.0,86.0,287.5514,292.54364,14.401400000000024,19.393640000000005
2017-04-10 15:00:00,26.0,86.25,287.3792,292.3653,14.229200000000048,19.215300000000013
2017-04-10 15:00:00,26.0,86.5,287.2098,291.91034,14.059799999999996,18.760340000000042
2017-04-10 15:00:00,26.0,86.75,286.93515,291.70438,13.785150000000044,18.554380000000037
2017-04-10 15:00:00,26.0,87.0,286.7563,291.36652,13.606300000000033,18.216520000000003
2017-04-10 15:00:00,26.0,87.25,286.7963,291.0748,13.646299999999997,17.924800000000005
2017-04-10 15:00:00,26.0,87.5,287.20734,291.1868,14.05734000000001,18.036800000000028
2017-04-10 15:00:00,26.0,87.75,287.5716,291.31943,14.421600000000012,18.169430000000034
2017-04-10 15:00:00,26.0,88.0,287.54672,291.3547,14.396720000000016,18.204700000000003
2017-04-10 15:00:00,26.0,88.25,287.54672,291.3547,14.396720000000016,18.204700000000003
2017-04-10 15:00:00,26.0,88.5,287.31,291.37537,14.160000000000025,18.225369999999998
2017-04-10 15:00:00,26.0,88.75,286.90808,291.15448,13.758080000000007,18.00448
2017-04-10 15:00:00,26.0,89.0,286.26978,290.3807,13.119780000000048,17.230700000000013
2017-04-10 15:00:00,26.0,89.25,286.012,289.0464,12.862000000000023,15.896400000000028
2017-04-10 15:00:00,26.0,89.5,286.45792,290.12314,13.307920000000024,16.97314
2017-04-10 15:00:00,26.0,89.75,287.5255,292.3295,14.375500000000045,19.17950000000002
2017-04-10 15:00:00,26.0,90.0,287.83496,292.2747,14.684960000000046,19.12470000000002
2017-04-10 15:00:00,25.75,85.5,287.19348,292.44626,14.043480000000045,19.296260000000018
2017-04-10 15:00:00,25.75,85.75,287.05457,292.27142,13.904570000000035,19.12142
2017-04-10 15:00:00,25.75,86.0,287.05457,292.27142,13.904570000000035,19.12142
2017-04-10 15:00:00,25.75,86.25,287.25528,292.2964,14.10528000000005,19.14640000000003
2017-04-10 15:00:00,25.75,86.5,287.1966,292.2143,14.046600000000012,19.064300000000003
2017-04-10 15:00:00,25.75,86.75,287.2524,292.0185,14.102400000000046,18.86850000000004
2017-04-10 15:00:00,25.75,87.0,287.24545,291.9339,14.095450000000028,18.783900000000017
2017-04-10 15:00:00,25.75,87.25,287.04178,291.68158,13.89178000000004,18.53158000000002
2017-04-10 15:00:00,25.75,87.5,286.5505,291.25046,13.400500000000022,18.100459999999998
2017-04-10 15:00:00,25.75,87.75,286.35214,291.06973,13.202140000000043,17.919730000000015
2017-04-10 15:00:00,25.75,88.0,286.41852,291.21622,13.268520000000024,18.066220000000044
2017-04-10 15:00:00,25.75,88.25,286.41852,291.21622,13.268520000000024,18.066220000000044
2017-04-10 15:00:00,25.75,88.5,286.29233,291.23636,13.142330000000015,18.086360000000013
2017-04-10 15:00:00,25.75,88.75,285.9155,290.86224,12.765500000000031,17.71224000000001
2017-04-10 15:00:00,25.75,89.0,285.351,290.38193,12.201000000000022,17.231930000000034
2017-04-10 15:00:00,25.75,89.25,285.18677,290.3256,12.036770000000047,17.17560000000003
2017-04-10 15:00:00,25.75,89.5,285.45633,291.34564,12.306330000000003,18.195640000000026
2017-04-10 15:00:00,25.75,89.75,286.8752,293.38718,13.72520000000003,20.237180000000023
2017-04-10 15:00:00,25.75,90.0,287.78317,292.60156,14.633170000000007,19.45156000000003
2017-04-10 15:00:00,25.5,85.5,287.143,292.33588,13.992999999999995,19.185879999999997
2017-04-10 15:00:00,25.5,85.75,286.997,292.29425,13.847000000000037,19.14425
2017-04-10 15:00:00,25.5,86.0,286.997,292.29425,13.847000000000037,19.14425
2017-04-10 15:00:00,25.5,86.25,287.17496,292.17435,14.024960000000021,19.024350000000027
2017-04-10 15:00:00,25.5,86.5,287.22058,292.48788,14.070580000000007,19.33788000000004
2017-04-10 15:00:00,25.5,86.75,287.16412,292.59586,14.014120000000048,19.44586000000004
2017-04-10 15:00:00,25.5,87.0,286.81924,292.3612,13.669240000000002,19.21120000000002
2017-04-10 15:00:00,25.5,87.25,286.61398,292.03214,13.46398000000005,18.88214000000005
2017-04-10 15:00:00,25.5,87.5,286.73648,291.99942,13.586479999999995,18.84942000000001
2017-04-10 15:00:00,25.5,87.75,286.93292,292.10342,13.782920000000047,18.95342000000005
2017-04-10 15:00:00,25.5,88.0,286.9691,292.03033,13.819100000000049,18.880330000000015
2017-04-10 15:00:00,25.5,88.25,286.9691,292.03033,13.819100000000049,18.880330000000015
2017-04-10 15:00:00,25.5,88.5,287.0043,291.72412,13.854300000000023,18.57412000000005
2017-04-10 15:00:00,25.5,88.75,287.00494,291.11792,13.85494,17.96792000000005
2017-04-10 15:00:00,25.5,89.0,286.34207,289.81946,13.192070000000001,16.669460000000015
2017-04-10 15:00:00,25.5,89.25,285.23822,288.3891,12.088220000000035,15.239100000000008
2017-04-10 15:00:00,25.5,89.5,285.38876,290.66162,12.238760000000013,17.51162000000005
2017-04-10 15:00:00,25.5,89.75,287.64618,294.28946,14.496180000000038,21.139460000000042
2017-04-10 15:00:00,25.5,90.0,288.61572,293.84692,15.465720000000033,20.696920000000034
2017-04-10 15:00:00,25.25,85.5,287.37698,292.48157,14.226980000000026,19.33157
2017-04-10 15:00:00,25.25,85.75,286.8685,292.30463,13.718500000000006,19.154629999999997
2017-04-10 15:00:00,25.25,86.0,286.8685,292.30463,13.718500000000006,19.154629999999997
2017-04-10 15:00:00,25.25,86.25,286.8368,292.40314,13.686800000000005,19.25314000000003
2017-04-10 15:00:00,25.25,86.5,287.32404,292.84442,14.174040000000048,19.694420000000036
2017-04-10 15:00:00,25.25,86.75,287.12445,292.6204,13.974450000000047,19.47040000000004
2017-04-10 15:00:00,25.25,87.0,286.7435,292.45068,13.593500000000006,19.30068
2017-04-10 15:00:00,25.25,87.25,286.91754,292.61325,13.767539999999997,19.463250000000016
2017-04-10 15:00:00,25.25,87.5,287.04715,292.71738,13.89715000000001,19.567380000000014
2017-04-10 15:00:00,25.25,87.75,286.37933,291.85983,13.229330000000004,18.70983000000001
2017-04-10 15:00:00,25.25,88.0,285.93726,291.23776,12.787260000000003,18.087760000000003
2017-04-10 15:00:00,25.25,88.25,285.93726,291.23776,12.787260000000003,18.087760000000003
2017-04-10 15:00:00,25.25,88.5,286.30612,291.305,13.156120000000044,18.15500000000003
2017-04-10 15:00:00,25.25,88.75,286.55643,290.9796,13.40643,17.829600000000028
2017-04-10 15:00:00,25.25,89.0,286.33557,290.40863,13.185570000000041,17.25863000000004
2017-04-10 15:00:00,25.25,89.25,285.40268,288.7692,12.252679999999998,15.619200000000035
2017-04-10 15:00:00,25.25,89.5,285.46008,290.80252,12.310080000000028,17.652520000000038
2017-04-10 15:00:00,25.25,89.75,286.99875,292.80002,13.848749999999995,19.65002000000004
2017-04-10 15:00:00,25.25,90.0,287.35715,292.42435,14.207150000000013,19.274350000000027
2017-04-10 15:00:00,25.0,85.5,287.00717,292.7565,13.857169999999996,19.60650000000004
2017-04-10 15:00:00,25.0,85.75,286.87186,292.59534,13.72186000000005,19.445340000000044
2017-04-10 15:00:00,25.0,86.0,286.87186,292.59534,13.72186000000005,19.445340000000044
2017-04-10 15:00:00,25.0,86.25,286.641,292.1948,13.491000000000042,19.04480000000001
2017-04-10 15:00:00,25.0,86.5,286.49222,292.04623,13.342219999999998,18.896230000000003
2017-04-10 15:00:00,25.0,86.75,286.2868,291.80084,13.13680000000005,18.650840000000017
2017-04-10 15:00:00,25.0,87.0,286.72073,291.87833,13.570730000000026,18.728330000000028
2017-04-10 15:00:00,25.0,87.25,286.8952,292.0592,13.745200000000011,18.9092
2017-04-10 15:00:00,25.0,87.5,286.52292,291.91058,13.372920000000022,18.760580000000004
2017-04-10 15:00:00,25.0,87.75,286.34882,291.65082,13.198820000000012,18.500820000000033
2017-04-10 15:00:00,25.0,88.0,286.5416,291.86002,13.39160000000004,18.710020000000043
2017-04-10 15:00:00,25.0,88.25,286.5416,291.86002,13.39160000000004,18.710020000000043
2017-04-10 15:00:00,25.0,88.5,287.06702,291.8082,13.917020000000036,18.658200000000022
2017-04-10 15:00:00,25.0,88.75,287.1442,290.86014,13.994200000000035,17.710140000000024
2017-04-10 15:00:00,25.0,89.0,285.77298,290.06766,12.622980000000041,16.917660000000012
2017-04-10 15:00:00,25.0,89.25,285.57224,289.48337,12.422240000000045,16.333370000000002
2017-04-10 15:00:00,25.0,89.5,286.08835,291.27612,12.938350000000014,18.126120000000014
2017-04-10 15:00:00,25.0,89.75,287.77692,292.7986,14.626920000000041,19.648600000000044
2017-04-10 15:00:00,25.0,90.0,288.31204,294.00778,15.162040000000047,20.857780000000048
2017-04-10 15:00:00,24.75,85.5,287.00717,292.7565,13.857169999999996,19.60650000000004
2017-04-10 15:00:00,24.75,85.75,286.87186,292.59534,13.72186000000005,19.445340000000044
2017-04-10 15:00:00,24.75,86.0,286.87186,292.59534,13.72186000000005,19.445340000000044
2017-04-10 15:00:00,24.75,86.25,286.641,292.1948,13.491000000000042,19.04480000000001
2017-04-10 15:00:00,24.75,86.5,286.49222,292.04623,13.342219999999998,18.896230000000003
2017-04-10 15:00:00,24.75,86.75,286.2868,291.80084,13.13680000000005,18.650840000000017
2017-04-10 15:00:00,24.75,87.0,286.72073,291.87833,13.570730000000026,18.728330000000028
2017-04-10 15:00:00,24.75,87.25,286.8952,292.0592,13.745200000000011,18.9092
2017-04-10 15:00:00,24.75,87.5,286.52292,291.91058,13.372920000000022,18.760580000000004
2017-04-10 15:00:00,24.75,87.75,286.34882,291.65082,13.198820000000012,18.500820000000033
2017-04-10 15:00:00,24.75,88.0,286.5416,291.86002,13.39160000000004,18.710020000000043
2017-04-10 15:00:00,24.75,88.25,286.5416,291.86002,13.39160000000004,18.710020000000043
2017-04-10 15:00:00,24.75,88.5,287.06702,291.8082,13.917020000000036,18.658200000000022
2017-04-10 15:00:00,24.75,88.75,287.1442,290.86014,13.994200000000035,17.710140000000024
2017-04-10 15:00:00,24.75,89.0,285.77298,290.06766,12.622980000000041,16.917660000000012
2017-04-10 15:00:00,24.75,89.25,285.57224,289.48337,12.422240000000045,16.333370000000002
2017-04-10 15:00:00,24.75,89.5,286.08835,291.27612,12.938350000000014,18.126120000000014
2017-04-10 15:00:00,24.75,89.75,287.77692,292.7986,14.626920000000041,19.648600000000044
2017-04-10 15:00:00,24.75,90.0,288.31204,294.00778,15.162040000000047,20.857780000000048
2017-04-10 15:00:00,24.5,85.5,286.30753,291.9179,13.157530000000008,18.767899999999997
2017-04-10 15:00:00,24.5,85.75,286.0606,291.86356,12.910600000000045,18.71356000000003
2017-04-10 15:00:00,24.5,86.0,286.0606,291.86356,12.910600000000045,18.71356000000003
2017-04-10 15:00:00,24.5,86.25,285.70645,291.41043,12.55645000000004,18.260430000000042
2017-04-10 15:00:00,24.5,86.5,286.1349,291.46075,12.984900000000039,18.31075000000004
2017-04-10 15:00:00,24.5,86.75,286.13702,291.318,12.98702000000003,18.168000000000006
2017-04-10 15:00:00,24.5,87.0,286.1557,291.40958,13.005700000000047,18.259580000000028
2017-04-10 15:00:00,24.5,87.25,286.11884,291.3676,12.96884,18.217600000000004
2017-04-10 15:00:00,24.5,87.5,285.9267,290.92178,12.776700000000005,17.771780000000035
2017-04-10 15:00:00,24.5,87.75,286.01962,290.24545,12.869619999999998,17.095450000000028
2017-04-10 15:00:00,24.5,88.0,286.45486,290.06284,13.30486000000002,16.912840000000017
2017-04-10 15:00:00,24.5,88.25,286.45486,290.06284,13.30486000000002,16.912840000000017
2017-04-10 15:00:00,24.5,88.5,287.18967,290.73557,14.039670000000001,17.58557000000002
2017-04-10 15:00:00,24.5,88.75,287.34756,290.9481,14.19756000000001,17.798100000000034
2017-04-10 15:00:00,24.5,89.0,286.019,289.94443,12.869000000000028,16.794430000000034
2017-04-10 15:00:00,24.5,89.25,286.10956,290.46194,12.95956000000001,17.31194000000005
2017-04-10 15:00:00,24.5,89.5,287.07452,292.1554,13.92452000000003,19.00540000000001
2017-04-10 15:00:00,24.5,89.75,288.67944,294.0323,15.529440000000022,20.882300000000043
2017-04-10 15:00:00,24.5,90.0,289.21945,294.97314,16.069450000000018,21.823140000000024
2017-04-10 15:00:00,24.25,85.5,284.55728,290.26224,11.407280000000014,17.112240000000043
2017-04-10 15:00:00,24.25,85.75,284.45197,289.96698,11.30197000000004,16.81698
2017-04-10 15:00:00,24.25,86.0,284.45197,289.96698,11.30197000000004,16.81698
2017-04-10 15:00:00,24.25,86.25,285.38657,290.80386,12.236570000000029,17.65386000000001
2017-04-10 15:00:00,24.25,86.5,285.88483,291.12863,12.734830000000045,17.97863000000001
2017-04-10 15:00:00,24.25,86.75,285.94928,291.12073,12.79928000000001,17.970730000000003
2017-04-10 15:00:00,24.25,87.0,286.2475,291.48813,13.097500000000025,18.338130000000035
2017-04-10 15:00:00,24.25,87.25,286.49435,291.71304,13.34435000000002,18.56304
2017-04-10 15:00:00,24.25,87.5,286.69595,291.82254,13.545950000000005,18.672540000000026
2017-04-10 15:00:00,24.25,87.75,287.70776,292.24374,14.55776000000003,19.093740000000025
2017-04-10 15:00:00,24.25,88.0,288.2972,292.47116,15.147199999999998,19.32116000000002
2017-04-10 15:00:00,24.25,88.25,288.2972,292.47116,15.147199999999998,19.32116000000002
2017-04-10 15:00:00,24.25,88.5,287.9004,292.32715,14.750400000000013,19.17715000000004
2017-04-10 15:00:00,24.25,88.75,287.58942,291.85117,14.439420000000041,18.701170000000047
2017-04-10 15:00:00,24.25,89.0,286.98212,290.9888,13.832120000000032,17.83880000000005
2017-04-10 15:00:00,24.25,89.25,287.5118,292.13446,14.361800000000017,18.984460000000013
2017-04-10 15:00:00,24.25,89.5,288.53653,293.80048,15.38653000000005,20.650480000000016
2017-04-10 15:00:00,24.25,89.75,289.85727,296.00986,16.70727000000005,22.859860000000026
2017-04-10 15:00:00,24.25,90.0,290.4733,296.07288,17.323300000000017,22.92288000000002
2017-04-10 15:00:00,24.0,85.5,284.0063,289.09198,10.856300000000033,15.941980000000001
2017-04-10 15:00:00,24.0,85.75,283.84412,288.90482,10.694119999999998,15.754819999999995
2017-04-10 15:00:00,24.0,86.0,283.84412,288.90482,10.694119999999998,15.754819999999995
2017-04-10 15:00:00,24.0,86.25,284.87436,290.38208,11.724360000000047,17.232079999999996
2017-04-10 15:00:00,24.0,86.5,284.86404,290.35754,11.714040000000011,17.207539999999995
2017-04-10 15:00:00,24.0,86.75,285.0065,290.46948,11.85650000000004,17.31948
2017-04-10 15:00:00,24.0,87.0,285.8392,291.3635,12.689200000000028,18.21350000000001
2017-04-10 15:00:00,24.0,87.25,286.29913,291.84338,13.149130000000014,18.693380000000047
2017-04-10 15:00:00,24.0,87.5,287.51093,292.61484,14.360929999999996,19.464840000000038
2017-04-10 15:00:00,24.0,87.75,289.06558,294.04666,15.915580000000034,20.896659999999997
2017-04-10 15:00:00,24.0,88.0,288.98837,293.52066,15.838369999999998,20.370660000000044
2017-04-10 15:00:00,24.0,88.25,288.98837,293.52066,15.838369999999998,20.370660000000044
2017-04-10 15:00:00,24.0,88.5,288.114,292.04718,14.963999999999999,18.89718000000005
2017-04-10 15:00:00,24.0,88.75,288.3375,292.7301,15.1875,19.580100000000016
2017-04-10 15:00:00,24.0,89.0,288.70618,293.4524,15.55618000000004,20.302400000000034
2017-04-10 15:00:00,24.0,89.25,289.2906,294.8825,16.140600000000006,21.732500000000016
2017-04-10 15:00:00,24.0,89.5,289.8635,295.54825,16.71350000000001,22.39825000000002
2017-04-10 15:00:00,24.0,89.75,290.7142,296.52695,17.564200000000028,23.376950000000022
2017-04-10 15:00:00,24.0,90.0,291.15292,297.03635,18.002920000000017,23.88635000000005
2017-04-10 15:00:00,23.75,85.5,284.79428,290.68454,11.644280000000037,17.53454000000005
2017-04-10 15:00:00,23.75,85.75,285.09283,290.79105,11.942830000000015,17.641050000000007
2017-04-10 15:00:00,23.75,86.0,285.09283,290.79105,11.942830000000015,17.641050000000007
2017-04-10 15:00:00,23.75,86.25,285.93433,291.8761,12.784330000000011,18.72610000000003
2017-04-10 15:00:00,23.75,86.5,286.74313,292.6896,13.59313000000003,19.539600000000007
2017-04-10 15:00:00,23.75,86.75,286.67142,292.71097,13.521420000000035,19.560969999999998
2017-04-10 15:00:00,23.75,87.0,286.7801,292.60495,13.630100000000027,19.454949999999997
2017-04-10 15:00:00,23.75,87.25,286.75443,291.1504,13.604430000000036,18.000400000000013
2017-04-10 15:00:00,23.75,87.5,288.3789,292.82272,15.22890000000001,19.672720000000027
2017-04-10 15:00:00,23.75,87.75,289.80087,294.6497,16.650869999999998,21.49970000000002
2017-04-10 15:00:00,23.75,88.0,289.51733,293.79916,16.367330000000038,20.649159999999995
2017-04-10 15:00:00,23.75,88.25,289.51733,293.79916,16.367330000000038,20.649159999999995
2017-04-10 15:00:00,23.75,88.5,288.90048,292.68967,15.750480000000039,19.53967
2017-04-10 15:00:00,23.75,88.75,288.88754,292.95154,15.737540000000024,19.801540000000045
2017-04-10 15:00:00,23.75,89.0,289.55286,294.65198,16.402860000000032,21.501980000000003
2017-04-10 15:00:00,23.75,89.25,290.54984,296.04364,17.39984000000004,22.893640000000005
2017-04-10 15:00:00,23.75,89.5,291.36026,296.9092,18.210260000000005,23.75920000000002
2017-04-10 15:00:00,23.75,89.75,291.73926,298.0546,18.589260000000024,24.904600000000016
2017-04-10 15:00:00,23.75,90.0,292.64755,298.9277,19.497550000000047,25.77770000000004
2017-04-10 15:00:00,23.5,85.5,284.92993,290.27103,11.779930000000036,17.12103000000002
2017-04-10 15:00:00,23.5,85.75,286.20734,291.95975,13.05734000000001,18.809750000000008
2017-04-10 15:00:00,23.5,86.0,286.20734,291.95975,13.05734000000001,18.809750000000008
2017-04-10 15:00:00,23.5,86.25,286.9229,292.93866,13.77290000000005,19.78866000000005
2017-04-10 15:00:00,23.5,86.5,287.49368,293.0265,14.343680000000006,19.87650000000002
2017-04-10 15:00:00,23.5,86.75,287.2255,292.5114,14.075500000000034,19.361400000000003
2017-04-10 15:00:00,23.5,87.0,287.37466,291.71054,14.224660000000029,18.560540000000003
2017-04-10 15:00:00,23.5,87.25,287.6636,293.3883,14.513599999999997,20.238300000000038
2017-04-10 15:00:00,23.5,87.5,288.46085,296.7426,15.310850000000016,23.592600000000004
2017-04-10 15:00:00,23.5,87.75,289.41562,297.79346,16.265620000000013,24.643460000000005
2017-04-10 15:00:00,23.5,88.0,289.6106,296.71457,16.4606,23.564570000000003
2017-04-10 15:00:00,23.5,88.25,289.6106,296.71457,16.4606,23.564570000000003
2017-04-10 15:00:00,23.5,88.5,289.27905,295.99237,16.129050000000007,22.842370000000017
2017-04-10 15:00:00,23.5,88.75,289.45093,295.83276,16.30093000000005,22.68276000000003
2017-04-10 15:00:00,23.5,89.0,290.2273,296.14603,17.077300000000037,22.99603000000002
2017-04-10 15:00:00,23.5,89.25,290.9385,296.45187,17.7885,23.301870000000008
2017-04-10 15:00:00,23.5,89.5,291.44827,296.79962,18.298270000000002,23.649620000000027
2017-04-10 15:00:00,23.5,89.75,291.82227,297.35986,18.672270000000026,24.20986000000005
2017-04-10 15:00:00,23.5,90.0,292.89822,298.87476,19.748220000000003,25.724760000000003
2017-04-10 15:00:00,23.25,85.5,286.5677,291.99078,13.417700000000025,18.840779999999995
2017-04-10 15:00:00,23.25,85.75,286.5513,291.6161,13.401300000000049,18.46610000000004
2017-04-10 15:00:00,23.25,86.0,286.5513,291.6161,13.401300000000049,18.46610000000004
2017-04-10 15:00:00,23.25,86.25,288.7127,294.08722,15.562700000000007,20.937220000000025
2017-04-10 15:00:00,23.25,86.5,287.90778,291.59055,14.757780000000025,18.44055000000003
2017-04-10 15:00:00,23.25,86.75,288.12524,293.56207,14.975240000000042,20.41207000000003
2017-04-10 15:00:00,23.25,87.0,288.74182,295.61462,15.591820000000041,22.464620000000025
2017-04-10 15:00:00,23.25,87.25,289.26108,297.49377,16.111080000000015,24.343770000000006
2017-04-10 15:00:00,23.25,87.5,289.86557,298.86072,16.715570000000014,25.710720000000038
2017-04-10 15:00:00,23.25,87.75,290.59192,298.4651,17.44192000000004,25.31510000000003
2017-04-10 15:00:00,23.25,88.0,291.11655,296.90057,17.96655000000004,23.75057000000004
2017-04-10 15:00:00,23.25,88.25,291.11655,296.90057,17.96655000000004,23.75057000000004
2017-04-10 15:00:00,23.25,88.5,291.76575,296.84012,18.615750000000048,23.690120000000036
2017-04-10 15:00:00,23.25,88.75,292.75555,298.35748,19.60555000000005,25.207480000000032
2017-04-10 15:00:00,23.25,89.0,293.24274,298.4689,20.09274000000005,25.318900000000042
2017-04-10 15:00:00,23.25,89.25,293.59473,298.54166,20.44473000000005,25.39166
2017-04-10 15:00:00,23.25,89.5,293.7384,298.7395,20.588400000000036,25.589500000000044
2017-04-10 15:00:00,23.25,89.75,293.9458,298.625,20.795800000000042,25.475000000000023
2017-04-10 15:00:00,23.25,90.0,294.0557,298.3462,20.905700000000024,25.196200000000033
2017-04-10 15:00:00,23.0,85.5,288.9599,292.8319,15.809900000000027,19.68190000000004
2017-04-10 15:00:00,23.0,85.75,289.53903,293.3955,16.389030000000048,20.24550000000005
2017-04-10 15:00:00,23.0,86.0,289.53903,293.3955,16.389030000000048,20.24550000000005
2017-04-10 15:00:00,23.0,86.25,289.71875,295.45776,16.568750000000023,22.30776000000003
2017-04-10 15:00:00,23.0,86.5,289.6498,298.3296,16.49980000000005,25.17960000000005
2017-04-10 15:00:00,23.0,86.75,289.85757,298.94174,16.707570000000032,25.791740000000004
2017-04-10 15:00:00,23.0,87.0,289.95578,295.84293,16.805780000000027,22.692930000000047
2017-04-10 15:00:00,23.0,87.25,290.46912,295.17615,17.319119999999998,22.02615000000003
2017-04-10 15:00:00,23.0,87.5,291.35352,296.7512,18.203520000000026,23.601200000000006
2017-04-10 15:00:00,23.0,87.75,292.69318,298.1935,19.543180000000007,25.043499999999995
2017-04-10 15:00:00,23.0,88.0,294.0837,299.05762,20.933700000000044,25.90762000000001
2017-04-10 15:00:00,23.0,88.25,294.0837,299.05762,20.933700000000044,25.90762000000001
2017-04-10 15:00:00,23.0,88.5,295.15622,299.87683,22.00622000000004,26.726830000000007
2017-04-10 15:00:00,23.0,88.75,295.8883,300.63428,22.738300000000038,27.484280000000012
2017-04-10 15:00:00,23.0,89.0,295.93262,300.7077,22.78262000000001,27.55770000000001
2017-04-10 15:00:00,23.0,89.25,295.853,300.74405,22.70300000000003,27.59405000000004
2017-04-10 15:00:00,23.0,89.5,295.61557,300.87347,22.465570000000014,27.72347000000002
2017-04-10 15:00:00,23.0,89.75,295.50977,300.55466,22.359770000000026,27.404660000000035
2017-04-10 15:00:00,23.0,90.0,295.26743,300.26678,22.117430000000013,27.116780000000006
2017-04-10 15:00:00,22.75,85.5,289.1762,296.46237,16.026200000000017,23.312370000000044
2017-04-10 15:00:00,22.75,85.75,290.06326,294.89514,16.913260000000037,21.74514000000005
2017-04-10 15:00:00,22.75,86.0,290.06326,294.89514,16.913260000000037,21.74514000000005
2017-04-10 15:00:00,22.75,86.25,291.38324,296.50415,18.233240000000023,23.354150000000004
2017-04-10 15:00:00,22.75,86.5,291.90753,297.4797,18.75753000000003,24.329700000000003
2017-04-10 15:00:00,22.75,86.75,292.52313,298.34293,19.373130000000003,25.192930000000047
2017-04-10 15:00:00,22.75,87.0,293.37784,298.88623,20.227840000000015,25.736230000000035
2017-04-10 15:00:00,22.75,87.25,293.98132,299.0484,20.831320000000005,25.898400000000038
2017-04-10 15:00:00,22.75,87.5,294.29767,299.2009,21.147670000000005,26.050900000000013
2017-04-10 15:00:00,22.75,87.75,294.82336,299.6662,21.673360000000002,26.516200000000026
2017-04-10 15:00:00,22.75,88.0,295.78748,300.4593,22.63748000000004,27.309300000000007
2017-04-10 15:00:00,22.75,88.25,295.78748,300.4593,22.63748000000004,27.309300000000007
2017-04-10 15:00:00,22.75,88.5,296.7331,301.07016,23.5831,27.92016000000001
2017-04-10 15:00:00,22.75,88.75,297.1821,301.41794,24.032100000000014,28.26794000000001
2017-04-10 15:00:00,22.75,89.0,297.3078,301.81662,24.15780000000001,28.666620000000023
2017-04-10 15:00:00,22.75,89.25,297.1901,302.06418,24.040099999999995,28.914180000000044
2017-04-10 15:00:00,22.75,89.5,296.67114,301.67587,23.521140000000003,28.525869999999998
2017-04-10 15:00:00,22.75,89.75,296.14886,301.0351,22.998860000000036,27.885100000000023
2017-04-10 15:00:00,22.75,90.0,296.04156,300.99774,22.891560000000027,27.847740000000044
2017-04-10 15:00:00,22.5,85.5,289.1762,296.46237,16.026200000000017,23.312370000000044
2017-04-10 15:00:00,22.5,85.75,290.06326,294.89514,16.913260000000037,21.74514000000005
2017-04-10 15:00:00,22.5,86.0,290.06326,294.89514,16.913260000000037,21.74514000000005
2017-04-10 15:00:00,22.5,86.25,291.38324,296.50415,18.233240000000023,23.354150000000004
2017-04-10 15:00:00,22.5,86.5,291.90753,297.4797,18.75753000000003,24.329700000000003
2017-04-10 15:00:00,22.5,86.75,292.52313,298.34293,19.373130000000003,25.192930000000047
2017-04-10 15:00:00,22.5,87.0,293.37784,298.88623,20.227840000000015,25.736230000000035
2017-04-10 15:00:00,22.5,87.25,293.98132,299.0484,20.831320000000005,25.898400000000038
2017-04-10 15:00:00,22.5,87.5,294.29767,299.2009,21.147670000000005,26.050900000000013
2017-04-10 15:00:00,22.5,87.75,294.82336,299.6662,21.673360000000002,26.516200000000026
2017-04-10 15:00:00,22.5,88.0,295.78748,300.4593,22.63748000000004,27.309300000000007
2017-04-10 15:00:00,22.5,88.25,295.78748,300.4593,22.63748000000004,27.309300000000007
2017-04-10 15:00:00,22.5,88.5,296.7331,301.07016,23.5831,27.92016000000001
2017-04-10 15:00:00,22.5,88.75,297.1821,301.41794,24.032100000000014,28.26794000000001
2017-04-10 15:00:00,22.5,89.0,297.3078,301.81662,24.15780000000001,28.666620000000023
2017-04-10 15:00:00,22.5,89.25,297.1901,302.06418,24.040099999999995,28.914180000000044
2017-04-10 15:00:00,22.5,89.5,296.67114,301.67587,23.521140000000003,28.525869999999998
2017-04-10 15:00:00,22.5,89.75,296.14886,301.0351,22.998860000000036,27.885100000000023
2017-04-10 15:00:00,22.5,90.0,296.04156,300.99774,22.891560000000027,27.847740000000044
2017-04-10 15:00:00,22.25,85.5,290.49045,297.78818,17.340450000000033,24.638180000000034
2017-04-10 15:00:00,22.25,85.75,291.68484,297.35095,18.53484000000003,24.200950000000034
2017-04-10 15:00:00,22.25,86.0,291.68484,297.35095,18.53484000000003,24.200950000000034
2017-04-10 15:00:00,22.25,86.25,293.71814,299.66922,20.568140000000028,26.51922000000002
2017-04-10 15:00:00,22.25,86.5,293.66315,300.36655,20.513149999999996,27.21655000000004
2017-04-10 15:00:00,22.25,86.75,295.07327,300.7948,21.923270000000002,27.644800000000032
2017-04-10 15:00:00,22.25,87.0,295.1714,300.69418,22.02140000000003,27.54418000000004
2017-04-10 15:00:00,22.25,87.25,295.22318,300.3178,22.073180000000036,27.1678
2017-04-10 15:00:00,22.25,87.5,295.06937,300.0978,21.919370000000015,26.94780000000003
2017-04-10 15:00:00,22.25,87.75,295.3283,300.16806,22.178300000000036,27.018060000000048
2017-04-10 15:00:00,22.25,88.0,295.92972,300.4714,22.779719999999998,27.32140000000004
2017-04-10 15:00:00,22.25,88.25,295.92972,300.4714,22.779719999999998,27.32140000000004
2017-04-10 15:00:00,22.25,88.5,296.5612,300.83954,23.411200000000008,27.689540000000022
2017-04-10 15:00:00,22.25,88.75,296.96793,301.185,23.817930000000047,28.035000000000025
2017-04-10 15:00:00,22.25,89.0,297.24646,301.45016,24.096460000000036,28.300160000000005
2017-04-10 15:00:00,22.25,89.25,296.9688,301.50598,23.81880000000001,28.355980000000045
2017-04-10 15:00:00,22.25,89.5,296.21832,301.35675,23.06832000000003,28.20675
2017-04-10 15:00:00,22.25,89.75,296.03903,301.12097,22.889030000000048,27.970970000000023
2017-04-10 15:00:00,22.25,90.0,295.87646,300.9416,22.72646000000003,27.791600000000017
2017-04-10 15:00:00,22.0,85.5,288.41315,292.52115,15.263149999999996,19.37115
2017-04-10 15:00:00,22.0,85.75,290.63696,296.69067,17.48696000000001,23.540670000000034
2017-04-10 15:00:00,22.0,86.0,290.63696,296.69067,17.48696000000001,23.540670000000034
2017-04-10 15:00:00,22.0,86.25,293.27957,298.89975,20.12957,25.749750000000006
2017-04-10 15:00:00,22.0,86.5,294.0904,300.49524,20.94040000000001,27.345240000000047
2017-04-10 15:00:00,22.0,86.75,296.6873,301.68417,23.537300000000016,28.534170000000017
2017-04-10 15:00:00,22.0,87.0,296.5327,300.76123,23.3827,27.611230000000035
2017-04-10 15:00:00,22.0,87.25,296.18692,300.3021,23.03692000000001,27.15210000000002
2017-04-10 15:00:00,22.0,87.5,295.7454,300.01132,22.59540000000004,26.861320000000035
2017-04-10 15:00:00,22.0,87.75,295.60587,299.79483,22.455870000000004,26.644830000000013
2017-04-10 15:00:00,22.0,88.0,296.01904,300.34375,22.86904000000004,27.193750000000023
2017-04-10 15:00:00,22.0,88.25,296.01904,300.34375,22.86904000000004,27.193750000000023
2017-04-10 15:00:00,22.0,88.5,296.42618,300.53122,23.27618000000001,27.38122000000004
2017-04-10 15:00:00,22.0,88.75,296.56006,300.51202,23.410060000000044,27.36202000000003
2017-04-10 15:00:00,22.0,89.0,296.5855,300.80835,23.435500000000047,27.65835000000004
2017-04-10 15:00:00,22.0,89.25,296.4875,300.9212,23.337500000000034,27.77120000000002
2017-04-10 15:00:00,22.0,89.5,296.221,300.8107,23.071000000000026,27.66070000000002
2017-04-10 15:00:00,22.0,89.75,296.06815,300.82297,22.918150000000026,27.67297000000002
2017-04-10 15:00:00,22.0,90.0,296.20914,300.97116,23.059140000000014,27.82116000000002
2017-04-10 15:00:00,21.75,85.5,289.87033,296.99768,16.720330000000047,23.847680000000025
2017-04-10 15:00:00,21.75,85.75,292.54498,298.28445,19.394980000000032,25.134450000000015
2017-04-10 15:00:00,21.75,86.0,292.54498,298.28445,19.394980000000032,25.134450000000015
2017-04-10 15:00:00,21.75,86.25,293.67865,298.6001,20.528650000000027,25.45010000000002
2017-04-10 15:00:00,21.75,86.5,294.45078,300.21902,21.30078000000003,27.069020000000023
2017-04-10 15:00:00,21.75,86.75,296.9115,302.01123,23.761500000000012,28.861230000000035
2017-04-10 15:00:00,21.75,87.0,296.8016,300.65594,23.65160000000003,27.50594000000001
2017-04-10 15:00:00,21.75,87.25,296.54703,300.28058,23.39703000000003,27.13058000000001
2017-04-10 15:00:00,21.75,87.5,296.09735,300.177,22.94735000000003,27.027000000000044
2017-04-10 15:00:00,21.75,87.75,296.29175,299.52554,23.141750000000002,26.37554
2017-04-10 15:00:00,21.75,88.0,296.4084,299.71,23.258399999999995,26.560000000000002
2017-04-10 15:00:00,21.75,88.25,296.4084,299.71,23.258399999999995,26.560000000000002
2017-04-10 15:00:00,21.75,88.5,296.4753,299.82028,23.325300000000027,26.670280000000048
2017-04-10 15:00:00,21.75,88.75,296.51553,300.14243,23.365530000000035,26.992430000000013
2017-04-10 15:00:00,21.75,89.0,296.40546,300.56073,23.255460000000028,27.41073
2017-04-10 15:00:00,21.75,89.25,296.3969,300.0161,23.24690000000004,26.866100000000017
2017-04-10 15:00:00,21.75,89.5,296.47363,299.2668,23.323630000000037,26.116800000000012
2017-04-10 15:00:00,21.75,89.75,296.45807,299.15387,23.308070000000043,26.003870000000006
2017-04-10 15:00:00,21.75,90.0,296.51782,299.23676,23.367819999999995,26.086760000000027
2017-04-10 15:00:00,21.5,85.5,291.1103,297.46613,17.960300000000018,24.316130000000044
2017-04-10 15:00:00,21.5,85.75,293.38712,299.61185,20.237120000000004,26.461850000000027
2017-04-10 15:00:00,21.5,86.0,293.38712,299.61185,20.237120000000004,26.461850000000027
2017-04-10 15:00:00,21.5,86.25,294.98596,300.7693,21.83596,27.61930000000001
2017-04-10 15:00:00,21.5,86.5,296.24026,302.10812,23.09026,28.958120000000008
2017-04-10 15:00:00,21.5,86.75,297.70047,303.07474,24.55047000000002,29.924740000000043
2017-04-10 15:00:00,21.5,87.0,297.43817,300.26257,24.288170000000036,27.112570000000005
2017-04-10 15:00:00,21.5,87.25,297.2783,299.12436,24.128300000000024,25.974360000000047
2017-04-10 15:00:00,21.5,87.5,297.15546,299.17502,24.005460000000028,26.02502000000004
2017-04-10 15:00:00,21.5,87.75,297.00363,299.01987,23.85363000000001,25.86987000000005
2017-04-10 15:00:00,21.5,88.0,296.8578,298.97552,23.70780000000002,25.82552000000004
2017-04-10 15:00:00,21.5,88.25,296.8578,298.97552,23.70780000000002,25.82552000000004
2017-04-10 15:00:00,21.5,88.5,296.72607,298.89816,23.576070000000016,25.74816000000004
2017-04-10 15:00:00,21.5,88.75,296.63248,298.92795,23.48248000000001,25.777950000000033
2017-04-10 15:00:00,21.5,89.0,296.53827,299.19122,23.388270000000034,26.04122000000001
2017-04-10 15:00:00,21.5,89.25,296.42447,299.28525,23.274470000000008,26.135250000000042
2017-04-10 15:00:00,21.5,89.5,296.38507,299.21414,23.235070000000007,26.06414000000001
2017-04-10 15:00:00,21.5,89.75,296.4324,299.28214,23.282399999999996,26.13214000000005
2017-04-10 15:00:00,21.5,90.0,296.47214,299.40408,23.322140000000047,26.254080000000044
2017-04-10 15:00:00,21.25,85.5,294.4396,299.96,21.289600000000007,26.810000000000002
2017-04-10 15:00:00,21.25,85.75,295.61435,301.37408,22.464350000000024,28.224080000000015
2017-04-10 15:00:00,21.25,86.0,295.61435,301.37408,22.464350000000024,28.224080000000015
2017-04-10 15:00:00,21.25,86.25,297.3667,302.94223,24.216700000000003,29.792230000000018
2017-04-10 15:00:00,21.25,86.5,297.54788,303.8423,24.397880000000043,30.692300000000046
2017-04-10 15:00:00,21.25,86.75,298.3615,302.59744,25.2115,29.44744000000003
2017-04-10 15:00:00,21.25,87.0,297.63696,299.80966,24.48696000000001,26.65966000000003
2017-04-10 15:00:00,21.25,87.25,297.33664,298.87448,24.18664000000001,25.724480000000028
2017-04-10 15:00:00,21.25,87.5,297.211,298.9207,24.061000000000035,25.770700000000033
2017-04-10 15:00:00,21.25,87.75,297.05856,298.955,23.908560000000023,25.805000000000007
2017-04-10 15:00:00,21.25,88.0,296.86908,298.94397,23.71908000000002,25.79397
2017-04-10 15:00:00,21.25,88.25,296.86908,298.94397,23.71908000000002,25.79397
2017-04-10 15:00:00,21.25,88.5,296.6511,298.94308,23.501100000000008,25.79308000000003
2017-04-10 15:00:00,21.25,88.75,296.48465,298.93246,23.33465000000001,25.782460000000015
2017-04-10 15:00:00,21.25,89.0,296.39026,298.9565,23.240260000000035,25.806500000000028
2017-04-10 15:00:00,21.25,89.25,296.3213,299.14893,23.17130000000003,25.99893000000003
2017-04-10 15:00:00,21.25,89.5,296.3042,299.44705,23.154200000000003,26.297050000000013
2017-04-10 15:00:00,21.25,89.75,296.32834,299.6212,23.17834000000005,26.47120000000001
2017-04-10 15:00:00,21.25,90.0,296.30505,299.75775,23.155050000000017,26.60775000000001
2017-04-10 15:00:00,21.0,85.5,296.98825,301.95184,23.838250000000016,28.801840000000027
2017-04-10 15:00:00,21.0,85.75,297.68405,302.59665,24.534050000000036,29.446650000000034
2017-04-10 15:00:00,21.0,86.0,297.68405,302.59665,24.534050000000036,29.446650000000034
2017-04-10 15:00:00,21.0,86.25,298.26895,302.39835,25.11895000000004,29.248350000000016
2017-04-10 15:00:00,21.0,86.5,298.0939,301.4462,24.943900000000042,28.2962
2017-04-10 15:00:00,21.0,86.75,298.80618,300.69547,25.656180000000006,27.545470000000023
2017-04-10 15:00:00,21.0,87.0,297.67105,299.24496,24.521050000000002,26.094960000000015
2017-04-10 15:00:00,21.0,87.25,297.21854,298.63,24.06854000000004,25.480000000000018
2017-04-10 15:00:00,21.0,87.5,297.0965,298.70367,23.946500000000015,25.55367000000001
2017-04-10 15:00:00,21.0,87.75,296.92163,298.78845,23.771630000000016,25.638450000000034
2017-04-10 15:00:00,21.0,88.0,296.6745,298.77948,23.524500000000046,25.62948
2017-04-10 15:00:00,21.0,88.25,296.6745,298.77948,23.524500000000046,25.62948
2017-04-10 15:00:00,21.0,88.5,296.43524,298.8346,23.285240000000044,25.684600000000046
2017-04-10 15:00:00,21.0,88.75,296.30276,298.94376,23.15276,25.79376000000002
2017-04-10 15:00:00,21.0,89.0,296.2729,299.10922,23.122900000000016,25.959220000000016
2017-04-10 15:00:00,21.0,89.25,296.24094,299.30325,23.090940000000046,26.153250000000014
2017-04-10 15:00:00,21.0,89.5,296.1633,299.40973,23.013300000000015,26.259730000000047
2017-04-10 15:00:00,21.0,89.75,296.08112,299.4774,22.93112000000002,26.32740000000001
2017-04-10 15:00:00,21.0,90.0,296.04294,299.58484,22.89294000000001,26.43484000000001
2017-04-10 16:00:00,27.5,85.5,281.01807,288.5746,7.868070000000046,15.424599999999998
2017-04-10 16:00:00,27.5,85.75,278.5983,287.72913,5.4483000000000175,14.57913000000002
2017-04-10 16:00:00,27.5,86.0,278.5983,287.72913,5.4483000000000175,14.57913000000002
2017-04-10 16:00:00,27.5,86.25,276.41254,285.81784,3.2625400000000013,12.667840000000012
2017-04-10 16:00:00,27.5,86.5,273.4156,283.12473,0.2656000000000063,9.974730000000022
2017-04-10 16:00:00,27.5,86.75,269.9603,281.19125,-3.1896999999999593,8.041250000000048
2017-04-10 16:00:00,27.5,87.0,268.02905,279.9498,-5.1209499999999935,6.799800000000005
2017-04-10 16:00:00,27.5,87.25,267.29294,279.22455,-5.85705999999999,6.074550000000045
2017-04-10 16:00:00,27.5,87.5,266.8545,278.7852,-6.295500000000004,5.6351999999999975
2017-04-10 16:00:00,27.5,87.75,267.14648,277.2502,-6.00351999999998,4.100200000000029
2017-04-10 16:00:00,27.5,88.0,269.951,277.18228,-3.1989999999999554,4.032280000000014
2017-04-10 16:00:00,27.5,88.25,269.951,277.18228,-3.1989999999999554,4.032280000000014
2017-04-10 16:00:00,27.5,88.5,274.276,279.76825,1.1260000000000332,6.618250000000046
2017-04-10 16:00:00,27.5,88.75,274.7616,279.20676,1.61160000000001,6.056759999999997
2017-04-10 16:00:00,27.5,89.0,269.30026,273.18863,-3.849739999999997,0.03863000000001193
2017-04-10 16:00:00,27.5,89.25,265.54297,269.62775,-7.607029999999952,-3.5222499999999854
2017-04-10 16:00:00,27.5,89.5,269.99966,273.3133,-3.1503399999999715,0.1633000000000493
2017-04-10 16:00:00,27.5,89.75,275.3515,278.33975,2.20150000000001,5.189750000000004
2017-04-10 16:00:00,27.5,90.0,280.08002,282.183,6.930020000000013,9.033000000000015
2017-04-10 16:00:00,27.25,85.5,285.7217,290.99033,12.571700000000021,17.840329999999994
2017-04-10 16:00:00,27.25,85.75,283.72333,287.52826,10.573329999999999,14.378260000000012
2017-04-10 16:00:00,27.25,86.0,283.72333,287.52826,10.573329999999999,14.378260000000012
2017-04-10 16:00:00,27.25,86.25,282.04886,287.04886,8.898860000000013,13.898860000000013
2017-04-10 16:00:00,27.25,86.5,278.75656,288.09604,5.606560000000002,14.946040000000039
2017-04-10 16:00:00,27.25,86.75,276.97897,286.07602,3.8289700000000266,12.926020000000051
2017-04-10 16:00:00,27.25,87.0,274.7521,283.28558,1.6021000000000072,10.135580000000004
2017-04-10 16:00:00,27.25,87.25,273.50046,282.7837,0.3504599999999982,9.633700000000033
2017-04-10 16:00:00,27.25,87.5,273.2699,283.32922,0.11990000000002965,10.179220000000043
2017-04-10 16:00:00,27.25,87.75,273.41547,282.54315,0.2654700000000503,9.393150000000048
2017-04-10 16:00:00,27.25,88.0,275.05533,281.44794,1.905330000000049,8.29794000000004
2017-04-10 16:00:00,27.25,88.25,275.05533,281.44794,1.905330000000049,8.29794000000004
2017-04-10 16:00:00,27.25,88.5,278.43124,283.21262,5.281240000000025,10.062620000000038
2017-04-10 16:00:00,27.25,88.75,279.9912,284.75363,6.841200000000015,11.60363000000001
2017-04-10 16:00:00,27.25,89.0,276.79672,280.8173,3.646720000000016,7.6673000000000116
2017-04-10 16:00:00,27.25,89.25,273.1246,279.48688,-0.02539999999999054,6.336880000000008
2017-04-10 16:00:00,27.25,89.5,274.77084,279.7831,1.6208400000000438,6.633100000000013
2017-04-10 16:00:00,27.25,89.75,276.8946,279.8046,3.744600000000048,6.654600000000016
2017-04-10 16:00:00,27.25,90.0,280.7776,284.3298,7.6276000000000295,11.1798
2017-04-10 16:00:00,27.0,85.5,285.7217,290.99033,12.571700000000021,17.840329999999994
2017-04-10 16:00:00,27.0,85.75,283.72333,287.52826,10.573329999999999,14.378260000000012
2017-04-10 16:00:00,27.0,86.0,283.72333,287.52826,10.573329999999999,14.378260000000012
2017-04-10 16:00:00,27.0,86.25,282.04886,287.04886,8.898860000000013,13.898860000000013
2017-04-10 16:00:00,27.0,86.5,278.75656,288.09604,5.606560000000002,14.946040000000039
2017-04-10 16:00:00,27.0,86.75,276.97897,286.07602,3.8289700000000266,12.926020000000051
2017-04-10 16:00:00,27.0,87.0,274.7521,283.28558,1.6021000000000072,10.135580000000004
2017-04-10 16:00:00,27.0,87.25,273.50046,282.7837,0.3504599999999982,9.633700000000033
2017-04-10 16:00:00,27.0,87.5,273.2699,283.32922,0.11990000000002965,10.179220000000043
2017-04-10 16:00:00,27.0,87.75,273.41547,282.54315,0.2654700000000503,9.393150000000048
2017-04-10 16:00:00,27.0,88.0,275.05533,281.44794,1.905330000000049,8.29794000000004
2017-04-10 16:00:00,27.0,88.25,275.05533,281.44794,1.905330000000049,8.29794000000004
2017-04-10 16:00:00,27.0,88.5,278.43124,283.21262,5.281240000000025,10.062620000000038
2017-04-10 16:00:00,27.0,88.75,279.9912,284.75363,6.841200000000015,11.60363000000001
2017-04-10 16:00:00,27.0,89.0,276.79672,280.8173,3.646720000000016,7.6673000000000116
2017-04-10 16:00:00,27.0,89.25,273.1246,279.48688,-0.02539999999999054,6.336880000000008
2017-04-10 16:00:00,27.0,89.5,274.77084,279.7831,1.6208400000000438,6.633100000000013
2017-04-10 16:00:00,27.0,89.75,276.8946,279.8046,3.744600000000048,6.654600000000016
2017-04-10 16:00:00,27.0,90.0,280.7776,284.3298,7.6276000000000295,11.1798
2017-04-10 16:00:00,26.75,85.5,287.09546,291.83597,13.945460000000026,18.685969999999998
2017-04-10 16:00:00,26.75,85.75,285.8816,291.47568,12.731600000000014,18.325680000000034
2017-04-10 16:00:00,26.75,86.0,285.8816,291.47568,12.731600000000014,18.325680000000034
2017-04-10 16:00:00,26.75,86.25,285.1044,290.1156,11.954400000000021,16.965599999999995
2017-04-10 16:00:00,26.75,86.5,283.73172,289.45395,10.581720000000018,16.303950000000043
2017-04-10 16:00:00,26.75,86.75,282.40674,289.073,9.256740000000036,15.923000000000002
2017-04-10 16:00:00,26.75,87.0,280.59845,288.61124,7.448450000000037,15.461240000000032
2017-04-10 16:00:00,26.75,87.25,279.29272,289.60965,6.142719999999997,16.45965000000001
2017-04-10 16:00:00,26.75,87.5,278.89554,288.37253,5.745540000000005,15.222530000000006
2017-04-10 16:00:00,26.75,87.75,278.91595,285.9409,5.765950000000032,12.790900000000022
2017-04-10 16:00:00,26.75,88.0,279.8359,285.90598,6.685900000000004,12.755980000000022
2017-04-10 16:00:00,26.75,88.25,279.8359,285.90598,6.685900000000004,12.755980000000022
2017-04-10 16:00:00,26.75,88.5,282.16998,288.05768,9.019980000000032,14.907680000000028
2017-04-10 16:00:00,26.75,88.75,284.18106,289.4842,11.031060000000025,16.33420000000001
2017-04-10 16:00:00,26.75,89.0,283.91718,288.7604,10.767179999999996,15.610400000000027
2017-04-10 16:00:00,26.75,89.25,282.9141,288.23508,9.764100000000042,15.085080000000005
2017-04-10 16:00:00,26.75,89.5,282.6749,287.99487,9.524900000000002,14.844870000000014
2017-04-10 16:00:00,26.75,89.75,282.27823,287.12534,9.12823000000003,13.975340000000017
2017-04-10 16:00:00,26.75,90.0,284.5246,289.5902,11.374600000000044,16.440200000000004
2017-04-10 16:00:00,26.5,85.5,287.61823,292.04556,14.468230000000005,18.895560000000046
2017-04-10 16:00:00,26.5,85.75,287.42422,291.67535,14.274220000000014,18.525350000000003
2017-04-10 16:00:00,26.5,86.0,287.42422,291.67535,14.274220000000014,18.525350000000003
2017-04-10 16:00:00,26.5,86.25,286.10107,290.94095,12.951070000000016,17.79095000000001
2017-04-10 16:00:00,26.5,86.5,285.89346,290.77274,12.743460000000027,17.62274000000002
2017-04-10 16:00:00,26.5,86.75,285.30963,290.22055,12.15963000000005,17.070550000000026
2017-04-10 16:00:00,26.5,87.0,283.07785,286.86218,9.927850000000035,13.712180000000046
2017-04-10 16:00:00,26.5,87.25,282.4004,290.32068,9.250400000000013,17.170680000000004
2017-04-10 16:00:00,26.5,87.5,282.39966,291.8408,9.249660000000006,18.690800000000024
2017-04-10 16:00:00,26.5,87.75,282.69095,289.53156,9.54095000000001,16.381560000000036
2017-04-10 16:00:00,26.5,88.0,283.75064,288.96585,10.600639999999999,15.815850000000012
2017-04-10 16:00:00,26.5,88.25,283.75064,288.96585,10.600639999999999,15.815850000000012
2017-04-10 16:00:00,26.5,88.5,285.04077,290.0197,11.890770000000032,16.869700000000023
2017-04-10 16:00:00,26.5,88.75,285.6986,290.12167,12.548600000000022,16.971670000000017
2017-04-10 16:00:00,26.5,89.0,285.15628,289.09015,12.006280000000004,15.940150000000017
2017-04-10 16:00:00,26.5,89.25,284.508,288.5903,11.358000000000004,15.440300000000036
2017-04-10 16:00:00,26.5,89.5,286.00766,291.80127,12.85766000000001,18.65127000000001
2017-04-10 16:00:00,26.5,89.75,286.1065,293.2171,12.956500000000005,20.06710000000004
2017-04-10 16:00:00,26.5,90.0,286.6331,291.34702,13.483100000000036,18.19702000000001
2017-04-10 16:00:00,26.25,85.5,286.76614,291.38348,13.61614000000003,18.233480000000043
2017-04-10 16:00:00,26.25,85.75,286.78717,291.4628,13.637170000000026,18.31280000000004
2017-04-10 16:00:00,26.25,86.0,286.78717,291.4628,13.637170000000026,18.31280000000004
2017-04-10 16:00:00,26.25,86.25,286.662,291.04953,13.512,17.899530000000027
2017-04-10 16:00:00,26.25,86.5,286.15222,290.7516,13.002220000000023,17.60160000000002
2017-04-10 16:00:00,26.25,86.75,286.14417,290.55048,12.994169999999997,17.400480000000016
2017-04-10 16:00:00,26.25,87.0,285.9778,289.89758,12.827800000000025,16.747580000000028
2017-04-10 16:00:00,26.25,87.25,285.69775,289.8247,12.547750000000008,16.67470000000003
2017-04-10 16:00:00,26.25,87.5,285.53732,290.0237,12.387320000000045,16.873700000000042
2017-04-10 16:00:00,26.25,87.75,284.69458,288.66745,11.544579999999996,15.517449999999997
2017-04-10 16:00:00,26.25,88.0,284.0804,288.57434,10.93040000000002,15.42434000000003
2017-04-10 16:00:00,26.25,88.25,284.0804,288.57434,10.93040000000002,15.42434000000003
2017-04-10 16:00:00,26.25,88.5,284.59393,290.91837,11.443930000000023,17.768370000000004
2017-04-10 16:00:00,26.25,88.75,284.99326,291.25372,11.843260000000043,18.10372000000001
2017-04-10 16:00:00,26.25,89.0,284.8963,289.31503,11.74630000000002,16.16503
2017-04-10 16:00:00,26.25,89.25,284.91742,289.30243,11.767420000000016,16.152430000000038
2017-04-10 16:00:00,26.25,89.5,285.04523,293.39883,11.895230000000026,20.248829999999998
2017-04-10 16:00:00,26.25,89.75,285.66873,293.21667,12.518730000000005,20.066670000000045
2017-04-10 16:00:00,26.25,90.0,286.8791,294.68924,13.729100000000017,21.539240000000007
2017-04-10 16:00:00,26.0,85.5,286.559,291.43524,13.409000000000049,18.285240000000044
2017-04-10 16:00:00,26.0,85.75,286.76877,291.31235,13.61877000000004,18.162350000000004
2017-04-10 16:00:00,26.0,86.0,286.76877,291.31235,13.61877000000004,18.162350000000004
2017-04-10 16:00:00,26.0,86.25,286.5906,291.17993,13.440600000000018,18.029930000000036
2017-04-10 16:00:00,26.0,86.5,286.52866,290.8545,13.378660000000025,17.704499999999996
2017-04-10 16:00:00,26.0,86.75,286.2534,290.68832,13.103400000000022,17.53832
2017-04-10 16:00:00,26.0,87.0,286.0964,290.4125,12.94640000000004,17.262500000000045
2017-04-10 16:00:00,26.0,87.25,286.087,290.15387,12.937000000000012,17.003870000000006
2017-04-10 16:00:00,26.0,87.5,286.43536,290.25702,13.285360000000026,17.107020000000034
2017-04-10 16:00:00,26.0,87.75,286.83167,290.394,13.681669999999997,17.244000000000028
2017-04-10 16:00:00,26.0,88.0,286.9082,290.46234,13.758200000000045,17.312340000000006
2017-04-10 16:00:00,26.0,88.25,286.9082,290.46234,13.758200000000045,17.312340000000006
2017-04-10 16:00:00,26.0,88.5,286.6831,290.55597,13.533100000000047,17.405970000000025
2017-04-10 16:00:00,26.0,88.75,286.04633,289.90292,12.896330000000034,16.752920000000017
2017-04-10 16:00:00,26.0,89.0,285.0637,288.79956,11.913700000000006,15.649560000000008
2017-04-10 16:00:00,26.0,89.25,284.71002,289.7378,11.560020000000009,16.587800000000016
2017-04-10 16:00:00,26.0,89.5,285.09393,290.22614,11.943930000000023,17.07614000000001
2017-04-10 16:00:00,26.0,89.75,286.73102,292.2409,13.581020000000024,19.090900000000033
2017-04-10 16:00:00,26.0,90.0,287.26425,292.28098,14.114250000000027,19.130980000000022
2017-04-10 16:00:00,25.75,85.5,286.3656,291.2914,13.215599999999995,18.141400000000033
2017-04-10 16:00:00,25.75,85.75,286.27322,291.14066,13.123220000000003,17.990660000000048
2017-04-10 16:00:00,25.75,86.0,286.27322,291.14066,13.123220000000003,17.990660000000048
2017-04-10 16:00:00,25.75,86.25,286.44815,291.09827,13.298150000000021,17.948270000000036
2017-04-10 16:00:00,25.75,86.5,286.44556,291.04776,13.295560000000023,17.897760000000005
2017-04-10 16:00:00,25.75,86.75,286.524,290.88297,13.374000000000024,17.732970000000023
2017-04-10 16:00:00,25.75,87.0,286.55463,290.88174,13.404629999999997,17.731740000000002
2017-04-10 16:00:00,25.75,87.25,286.3847,290.6874,13.234700000000032,17.537400000000048
2017-04-10 16:00:00,25.75,87.5,285.9461,290.3181,12.796100000000024,17.168100000000038
2017-04-10 16:00:00,25.75,87.75,285.73975,290.1846,12.589750000000038,17.03460000000001
2017-04-10 16:00:00,25.75,88.0,285.84543,290.2891,12.695430000000044,17.13910000000004
2017-04-10 16:00:00,25.75,88.25,285.84543,290.2891,12.695430000000044,17.13910000000004
2017-04-10 16:00:00,25.75,88.5,285.8983,290.2469,12.748300000000029,17.096900000000005
2017-04-10 16:00:00,25.75,88.75,285.7141,289.9705,12.564099999999996,16.820500000000038
2017-04-10 16:00:00,25.75,89.0,285.24313,289.62308,12.09313000000003,16.47308000000004
2017-04-10 16:00:00,25.75,89.25,284.90662,289.34244,11.756619999999998,16.192440000000033
2017-04-10 16:00:00,25.75,89.5,285.10553,290.3098,11.95553000000001,17.15980000000002
2017-04-10 16:00:00,25.75,89.75,286.67978,292.81656,13.529780000000017,19.666560000000004
2017-04-10 16:00:00,25.75,90.0,287.45502,291.80637,14.305020000000013,18.656370000000038
2017-04-10 16:00:00,25.5,85.5,286.3823,291.2353,13.23230000000001,18.085300000000018
2017-04-10 16:00:00,25.5,85.75,286.33612,291.2216,13.186120000000017,18.071600000000046
2017-04-10 16:00:00,25.5,86.0,286.33612,291.2216,13.186120000000017,18.071600000000046
2017-04-10 16:00:00,25.5,86.25,286.4914,291.08453,13.341400000000021,17.934529999999995
2017-04-10 16:00:00,25.5,86.5,286.55936,291.39844,13.40936000000005,18.248440000000016
2017-04-10 16:00:00,25.5,86.75,286.4623,291.54178,13.31230000000005,18.39178000000004
2017-04-10 16:00:00,25.5,87.0,286.09946,291.36472,12.949460000000045,18.21472
2017-04-10 16:00:00,25.5,87.25,285.91675,291.08002,12.766750000000002,17.930020000000013
2017-04-10 16:00:00,25.5,87.5,286.1227,291.11588,12.972700000000032,17.965880000000027
2017-04-10 16:00:00,25.5,87.75,286.3893,291.27057,13.239300000000014,18.120570000000043
2017-04-10 16:00:00,25.5,88.0,286.43826,291.25964,13.288260000000037,18.109640000000013
2017-04-10 16:00:00,25.5,88.25,286.43826,291.25964,13.288260000000037,18.109640000000013
2017-04-10 16:00:00,25.5,88.5,286.36664,291.02426,13.21664000000004,17.87426000000005
2017-04-10 16:00:00,25.5,88.75,286.15665,290.57565,13.006650000000036,17.42565000000002
2017-04-10 16:00:00,25.5,89.0,285.3711,289.69165,12.221100000000035,16.541650000000004
2017-04-10 16:00:00,25.5,89.25,284.17416,288.34412,11.024159999999995,15.194119999999998
2017-04-10 16:00:00,25.5,89.5,284.4186,290.04718,11.268600000000049,16.89718000000005
2017-04-10 16:00:00,25.5,89.75,286.99908,293.85266,13.849080000000015,20.702660000000037
2017-04-10 16:00:00,25.5,90.0,287.94055,293.34204,14.790549999999996,20.19204000000002
2017-04-10 16:00:00,25.25,85.5,286.7362,291.50705,13.58620000000002,18.357050000000015
2017-04-10 16:00:00,25.25,85.75,286.33008,291.40552,13.180080000000032,18.255520000000047
2017-04-10 16:00:00,25.25,86.0,286.33008,291.40552,13.180080000000032,18.255520000000047
2017-04-10 16:00:00,25.25,86.25,286.22842,291.50397,13.078420000000051,18.353970000000004
2017-04-10 16:00:00,25.25,86.5,286.62143,291.85614,13.471429999999998,18.706140000000005
2017-04-10 16:00:00,25.25,86.75,286.42218,291.6775,13.272180000000048,18.527500000000032
2017-04-10 16:00:00,25.25,87.0,286.11774,291.53748,12.967740000000049,18.38748000000004
2017-04-10 16:00:00,25.25,87.25,286.22696,291.59625,13.076960000000042,18.44625000000002
2017-04-10 16:00:00,25.25,87.5,286.31134,291.72977,13.161339999999996,18.579769999999996
2017-04-10 16:00:00,25.25,87.75,285.7002,291.1066,12.550200000000018,17.956600000000037
2017-04-10 16:00:00,25.25,88.0,285.2822,290.58328,12.132200000000012,17.433280000000025
2017-04-10 16:00:00,25.25,88.25,285.2822,290.58328,12.132200000000012,17.433280000000025
2017-04-10 16:00:00,25.25,88.5,285.6209,290.73944,12.470900000000029,17.589440000000025
2017-04-10 16:00:00,25.25,88.75,285.85126,290.63904,12.701260000000048,17.489040000000045
2017-04-10 16:00:00,25.25,89.0,285.56366,290.06427,12.41366000000005,16.914270000000045
2017-04-10 16:00:00,25.25,89.25,284.5173,288.5291,11.3673,15.37910000000005
2017-04-10 16:00:00,25.25,89.5,284.45847,289.52267,11.30847,16.372670000000028
2017-04-10 16:00:00,25.25,89.75,286.2342,292.26184,13.08420000000001,19.11184000000003
2017-04-10 16:00:00,25.25,90.0,286.70627,292.1049,13.55627000000004,18.95490000000001
2017-04-10 16:00:00,25.0,85.5,286.33386,291.76663,13.183860000000038,18.616630000000043
2017-04-10 16:00:00,25.0,85.75,286.319,291.7698,13.16900000000004,18.619799999999998
2017-04-10 16:00:00,25.0,86.0,286.319,291.7698,13.16900000000004,18.619799999999998
2017-04-10 16:00:00,25.0,86.25,286.03555,291.38858,12.885550000000023,18.238580000000013
2017-04-10 16:00:00,25.0,86.5,285.9012,291.23322,12.75120000000004,18.08322000000004
2017-04-10 16:00:00,25.0,86.75,285.63947,290.96686,12.48947000000004,17.81686000000002
2017-04-10 16:00:00,25.0,87.0,285.9022,291.0312,12.752200000000016,17.881200000000035
2017-04-10 16:00:00,25.0,87.25,286.02557,291.1841,12.875570000000039,18.034100000000024
2017-04-10 16:00:00,25.0,87.5,285.71838,291.08594,12.568380000000047,17.935940000000016
2017-04-10 16:00:00,25.0,87.75,285.6833,291.2242,12.533299999999997,18.07420000000002
2017-04-10 16:00:00,25.0,88.0,285.99875,291.58612,12.848749999999995,18.436120000000017
2017-04-10 16:00:00,25.0,88.25,285.99875,291.58612,12.848749999999995,18.436120000000017
2017-04-10 16:00:00,25.0,88.5,286.43668,291.33215,13.286680000000047,18.182150000000036
2017-04-10 16:00:00,25.0,88.75,286.34946,290.45743,13.199460000000045,17.30743000000001
2017-04-10 16:00:00,25.0,89.0,285.022,289.47885,11.872000000000014,16.328850000000045
2017-04-10 16:00:00,25.0,89.25,284.69473,288.36743,11.544730000000015,15.217430000000036
2017-04-10 16:00:00,25.0,89.5,285.1896,290.1225,12.039600000000007,16.972500000000025
2017-04-10 16:00:00,25.0,89.75,287.00827,291.7005,13.858270000000005,18.5505
2017-04-10 16:00:00,25.0,90.0,287.51523,292.21497,14.365229999999997,19.064970000000017
2017-04-10 16:00:00,24.75,85.5,286.33386,291.76663,13.183860000000038,18.616630000000043
2017-04-10 16:00:00,24.75,85.75,286.319,291.7698,13.16900000000004,18.619799999999998
2017-04-10 16:00:00,24.75,86.0,286.319,291.7698,13.16900000000004,18.619799999999998
2017-04-10 16:00:00,24.75,86.25,286.03555,291.38858,12.885550000000023,18.238580000000013
2017-04-10 16:00:00,24.75,86.5,285.9012,291.23322,12.75120000000004,18.08322000000004
2017-04-10 16:00:00,24.75,86.75,285.63947,290.96686,12.48947000000004,17.81686000000002
2017-04-10 16:00:00,24.75,87.0,285.9022,291.0312,12.752200000000016,17.881200000000035
2017-04-10 16:00:00,24.75,87.25,286.02557,291.1841,12.875570000000039,18.034100000000024
2017-04-10 16:00:00,24.75,87.5,285.71838,291.08594,12.568380000000047,17.935940000000016
2017-04-10 16:00:00,24.75,87.75,285.6833,291.2242,12.533299999999997,18.07420000000002
2017-04-10 16:00:00,24.75,88.0,285.99875,291.58612,12.848749999999995,18.436120000000017
2017-04-10 16:00:00,24.75,88.25,285.99875,291.58612,12.848749999999995,18.436120000000017
2017-04-10 16:00:00,24.75,88.5,286.43668,291.33215,13.286680000000047,18.182150000000036
2017-04-10 16:00:00,24.75,88.75,286.34946,290.45743,13.199460000000045,17.30743000000001
2017-04-10 16:00:00,24.75,89.0,285.022,289.47885,11.872000000000014,16.328850000000045
2017-04-10 16:00:00,24.75,89.25,284.69473,288.36743,11.544730000000015,15.217430000000036
2017-04-10 16:00:00,24.75,89.5,285.1896,290.1225,12.039600000000007,16.972500000000025
2017-04-10 16:00:00,24.75,89.75,287.00827,291.7005,13.858270000000005,18.5505
2017-04-10 16:00:00,24.75,90.0,287.51523,292.21497,14.365229999999997,19.064970000000017
2017-04-10 16:00:00,24.5,85.5,285.39096,290.86743,12.24096000000003,17.717430000000036
2017-04-10 16:00:00,24.5,85.75,285.17496,290.83047,12.024960000000021,17.680470000000014
2017-04-10 16:00:00,24.5,86.0,285.17496,290.83047,12.024960000000021,17.680470000000014
2017-04-10 16:00:00,24.5,86.25,284.9725,290.5258,11.822500000000048,17.375800000000027
2017-04-10 16:00:00,24.5,86.5,285.42383,290.6406,12.273830000000032,17.49060000000003
2017-04-10 16:00:00,24.5,86.75,285.4369,290.47235,12.286900000000003,17.32235000000003
2017-04-10 16:00:00,24.5,87.0,285.49075,290.55292,12.340750000000014,17.402919999999995
2017-04-10 16:00:00,24.5,87.25,285.45416,290.4983,12.304160000000024,17.348299999999995
2017-04-10 16:00:00,24.5,87.5,285.13297,289.9817,11.982970000000023,16.831700000000012
2017-04-10 16:00:00,24.5,87.75,285.1261,289.23187,11.97610000000003,16.081870000000038
2017-04-10 16:00:00,24.5,88.0,285.54236,289.13065,12.392359999999996,15.980650000000026
2017-04-10 16:00:00,24.5,88.25,285.54236,289.13065,12.392359999999996,15.980650000000026
2017-04-10 16:00:00,24.5,88.5,286.21042,289.88348,13.060420000000022,16.733480000000043
2017-04-10 16:00:00,24.5,88.75,286.30914,289.99854,13.159140000000036,16.848540000000014
2017-04-10 16:00:00,24.5,89.0,285.04257,288.8882,11.892570000000035,15.738200000000006
2017-04-10 16:00:00,24.5,89.25,285.1908,289.14105,12.040800000000047,15.99105000000003
2017-04-10 16:00:00,24.5,89.5,286.32153,290.99265,13.171530000000018,17.84265000000005
2017-04-10 16:00:00,24.5,89.75,288.11734,293.14847,14.967340000000036,19.998469999999998
2017-04-10 16:00:00,24.5,90.0,288.61618,294.4676,15.466180000000008,21.317600000000027
2017-04-10 16:00:00,24.25,85.5,283.8475,289.40207,10.697500000000048,16.252070000000003
2017-04-10 16:00:00,24.25,85.75,283.67545,289.0449,10.525450000000035,15.894900000000007
2017-04-10 16:00:00,24.25,86.0,283.67545,289.0449,10.525450000000035,15.894900000000007
2017-04-10 16:00:00,24.25,86.25,284.49664,289.77487,11.346640000000036,16.624870000000044
2017-04-10 16:00:00,24.25,86.5,285.0316,290.08438,11.881600000000049,16.934380000000033
2017-04-10 16:00:00,24.25,86.75,285.23907,290.1865,12.08907000000005,17.036500000000046
2017-04-10 16:00:00,24.25,87.0,285.5432,290.58908,12.393200000000036,17.439080000000047
2017-04-10 16:00:00,24.25,87.25,285.8487,290.79956,12.69870000000003,17.649560000000008
2017-04-10 16:00:00,24.25,87.5,286.02512,290.9836,12.875120000000038,17.833600000000047
2017-04-10 16:00:00,24.25,87.75,286.84485,291.5163,13.69485000000003,18.366300000000024
2017-04-10 16:00:00,24.25,88.0,287.25757,291.6431,14.10757000000001,18.493100000000027
2017-04-10 16:00:00,24.25,88.25,287.25757,291.6431,14.10757000000001,18.493100000000027
2017-04-10 16:00:00,24.25,88.5,286.78992,291.13303,13.639920000000018,17.983030000000042
2017-04-10 16:00:00,24.25,88.75,286.47424,290.34256,13.324240000000032,17.192560000000014
2017-04-10 16:00:00,24.25,89.0,285.94717,289.48096,12.797170000000051,16.330960000000005
2017-04-10 16:00:00,24.25,89.25,286.55402,290.894,13.404020000000003,17.744000000000028
2017-04-10 16:00:00,24.25,89.5,287.71274,293.07867,14.56274000000002,19.92867000000001
2017-04-10 16:00:00,24.25,89.75,289.26212,295.0913,16.112120000000004,21.941300000000012
2017-04-10 16:00:00,24.25,90.0,289.85852,295.62027,16.70852000000002,22.470270000000028
2017-04-10 16:00:00,24.0,85.5,283.09042,288.02466,9.940420000000017,14.874660000000006
2017-04-10 16:00:00,24.0,85.75,282.9186,287.93924,9.768600000000049,14.789240000000007
2017-04-10 16:00:00,24.0,86.0,282.9186,287.93924,9.768600000000049,14.789240000000007
2017-04-10 16:00:00,24.0,86.25,283.9718,289.30856,10.821799999999996,16.158560000000023
2017-04-10 16:00:00,24.0,86.5,284.17316,289.3683,11.023160000000018,16.2183
2017-04-10 16:00:00,24.0,86.75,284.53012,289.5964,11.380120000000034,16.44640000000004
2017-04-10 16:00:00,24.0,87.0,285.45117,290.30307,12.301170000000013,17.153070000000014
2017-04-10 16:00:00,24.0,87.25,285.91754,290.84665,12.767539999999997,17.696650000000034
2017-04-10 16:00:00,24.0,87.5,286.87775,291.8925,13.727750000000015,18.742500000000007
2017-04-10 16:00:00,24.0,87.75,288.05502,293.4329,14.905020000000036,20.28290000000004
2017-04-10 16:00:00,24.0,88.0,287.78934,292.7192,14.639340000000004,19.569200000000023
2017-04-10 16:00:00,24.0,88.25,287.78934,292.7192,14.639340000000004,19.569200000000023
2017-04-10 16:00:00,24.0,88.5,286.8579,290.7093,13.707899999999995,17.559300000000007
2017-04-10 16:00:00,24.0,88.75,287.11594,290.85934,13.965940000000046,17.709339999999997
2017-04-10 16:00:00,24.0,89.0,287.8229,291.8044,14.672900000000027,18.65440000000001
2017-04-10 16:00:00,24.0,89.25,288.64008,293.86557,15.490080000000034,20.715570000000014
2017-04-10 16:00:00,24.0,89.5,289.3849,294.94708,16.23490000000004,21.79708000000005
2017-04-10 16:00:00,24.0,89.75,290.4302,295.82727,17.280200000000036,22.67727000000002
2017-04-10 16:00:00,24.0,90.0,291.08508,296.74857,17.935080000000028,23.598569999999995
2017-04-10 16:00:00,23.75,85.5,283.86978,289.52795,10.719780000000014,16.37795
2017-04-10 16:00:00,23.75,85.75,284.18887,289.6758,11.038870000000031,16.525800000000004
2017-04-10 16:00:00,23.75,86.0,284.18887,289.6758,11.038870000000031,16.525800000000004
2017-04-10 16:00:00,23.75,86.25,285.2183,290.84647,12.068300000000022,17.696470000000033
2017-04-10 16:00:00,23.75,86.5,286.12796,291.3361,12.977959999999996,18.18610000000001
2017-04-10 16:00:00,23.75,86.75,286.34033,291.71158,13.190330000000017,18.56158000000005
2017-04-10 16:00:00,23.75,87.0,286.38092,291.66998,13.230920000000026,18.519980000000032
2017-04-10 16:00:00,23.75,87.25,285.98483,290.6209,12.83483000000001,17.47090000000003
2017-04-10 16:00:00,23.75,87.5,287.25525,291.99796,14.105250000000012,18.84796
2017-04-10 16:00:00,23.75,87.75,288.58185,292.9714,15.431849999999997,19.82140000000004
2017-04-10 16:00:00,23.75,88.0,288.44745,292.33865,15.297450000000026,19.188649999999996
2017-04-10 16:00:00,23.75,88.25,288.44745,292.33865,15.297450000000026,19.188649999999996
2017-04-10 16:00:00,23.75,88.5,287.95404,292.15976,14.804040000000043,19.00976000000003
2017-04-10 16:00:00,23.75,88.75,287.92404,292.1453,14.774040000000014,18.995300000000043
2017-04-10 16:00:00,23.75,89.0,288.67975,293.07675,15.529750000000035,19.926750000000027
2017-04-10 16:00:00,23.75,89.25,289.94986,295.3005,16.799860000000024,22.150500000000022
2017-04-10 16:00:00,23.75,89.5,291.0896,296.42358,17.93960000000004,23.273580000000038
2017-04-10 16:00:00,23.75,89.75,291.73602,297.3586,18.58602000000002,24.208600000000047
2017-04-10 16:00:00,23.75,90.0,292.94467,298.40912,19.794669999999996,25.259119999999996
2017-04-10 16:00:00,23.5,85.5,284.2818,289.19525,11.131799999999998,16.04525000000001
2017-04-10 16:00:00,23.5,85.75,285.5482,290.91058,12.398200000000031,17.760580000000004
2017-04-10 16:00:00,23.5,86.0,285.5482,290.91058,12.398200000000031,17.760580000000004
2017-04-10 16:00:00,23.5,86.25,286.50656,291.8874,13.356560000000002,18.737400000000036
2017-04-10 16:00:00,23.5,86.5,286.99634,292.09976,13.846339999999998,18.949760000000026
2017-04-10 16:00:00,23.5,86.75,286.49988,290.9396,13.349880000000041,17.789600000000007
2017-04-10 16:00:00,23.5,87.0,286.48804,290.15112,13.338040000000035,17.001120000000014
2017-04-10 16:00:00,23.5,87.25,286.76447,291.84216,13.61447000000004,18.69216
2017-04-10 16:00:00,23.5,87.5,287.54657,294.75543,14.396569999999997,21.605430000000013
2017-04-10 16:00:00,23.5,87.75,288.50183,297.02243,15.351830000000007,23.87243000000001
2017-04-10 16:00:00,23.5,88.0,288.81326,297.50452,15.663260000000037,24.354520000000036
2017-04-10 16:00:00,23.5,88.25,288.81326,297.50452,15.663260000000037,24.354520000000036
2017-04-10 16:00:00,23.5,88.5,288.68118,295.6252,15.531180000000006,22.47520000000003
2017-04-10 16:00:00,23.5,88.75,289.08237,294.10306,15.932370000000049,20.95306000000005
2017-04-10 16:00:00,23.5,89.0,290.1226,295.91382,16.9726,22.76382000000001
2017-04-10 16:00:00,23.5,89.25,291.05026,296.359,17.900260000000003,23.209000000000003
2017-04-10 16:00:00,23.5,89.5,291.68088,296.79587,18.530880000000025,23.645870000000002
2017-04-10 16:00:00,23.5,89.75,292.36133,297.0532,19.211330000000032,23.903200000000027
2017-04-10 16:00:00,23.5,90.0,293.5957,298.17133,20.445700000000045,25.021330000000034
2017-04-10 16:00:00,23.25,85.5,285.6116,290.88867,12.461600000000033,17.738670000000013
2017-04-10 16:00:00,23.25,85.75,285.79828,291.60904,12.64828,18.459040000000016
2017-04-10 16:00:00,23.25,86.0,285.79828,291.60904,12.64828,18.459040000000016
2017-04-10 16:00:00,23.25,86.25,287.84296,292.97693,14.692960000000028,19.826930000000004
2017-04-10 16:00:00,23.25,86.5,287.01166,293.78934,13.861660000000029,20.639340000000004
2017-04-10 16:00:00,23.25,86.75,287.62085,294.23685,14.470850000000041,21.086850000000027
2017-04-10 16:00:00,23.25,87.0,288.57465,293.31583,15.424650000000042,20.165830000000028
2017-04-10 16:00:00,23.25,87.25,289.23178,293.4676,16.081780000000037,20.317600000000027
2017-04-10 16:00:00,23.25,87.5,289.7892,294.36014,16.639200000000017,21.210140000000024
2017-04-10 16:00:00,23.25,87.75,290.4119,295.3027,17.261900000000026,22.15270000000004
2017-04-10 16:00:00,23.25,88.0,291.08395,296.0746,17.93395000000004,22.924599999999998
2017-04-10 16:00:00,23.25,88.25,291.08395,296.0746,17.93395000000004,22.924599999999998
2017-04-10 16:00:00,23.25,88.5,291.9799,297.08575,18.82990000000001,23.93575000000004
2017-04-10 16:00:00,23.25,88.75,292.8786,298.43765,19.72860000000003,25.287650000000042
2017-04-10 16:00:00,23.25,89.0,293.1608,298.8305,20.010800000000017,25.680499999999995
2017-04-10 16:00:00,23.25,89.25,293.46902,298.91312,20.319020000000023,25.763120000000015
2017-04-10 16:00:00,23.25,89.5,293.6077,299.06906,20.457700000000045,25.91906
2017-04-10 16:00:00,23.25,89.75,293.8455,298.9295,20.695500000000038,25.77950000000004
2017-04-10 16:00:00,23.25,90.0,293.9613,298.44598,20.811300000000017,25.295980000000043
2017-04-10 16:00:00,23.0,85.5,287.63388,291.7186,14.48388,18.568600000000004
2017-04-10 16:00:00,23.0,85.75,288.27698,291.83142,15.126980000000003,18.681420000000003
2017-04-10 16:00:00,23.0,86.0,288.27698,291.83142,15.126980000000003,18.681420000000003
2017-04-10 16:00:00,23.0,86.25,288.6654,294.61475,15.5154,21.464750000000038
2017-04-10 16:00:00,23.0,86.5,289.01654,297.44366,15.866540000000043,24.293660000000045
2017-04-10 16:00:00,23.0,86.75,289.86853,298.5626,16.718530000000044,25.412599999999998
2017-04-10 16:00:00,23.0,87.0,290.54782,295.8797,17.397820000000024,22.729700000000037
2017-04-10 16:00:00,23.0,87.25,291.45886,296.32187,18.30886000000004,23.171870000000013
2017-04-10 16:00:00,23.0,87.5,292.4391,297.7372,19.28910000000002,24.587199999999996
2017-04-10 16:00:00,23.0,87.75,293.40164,298.54068,20.25164000000001,25.39068000000003
2017-04-10 16:00:00,23.0,88.0,294.22147,299.36105,21.071470000000033,26.21105
2017-04-10 16:00:00,23.0,88.25,294.22147,299.36105,21.071470000000033,26.21105
2017-04-10 16:00:00,23.0,88.5,294.88916,300.10974,21.739160000000027,26.95974000000001
2017-04-10 16:00:00,23.0,88.75,295.40015,300.70743,22.25015000000002,27.55743000000001
2017-04-10 16:00:00,23.0,89.0,295.40253,300.70898,22.252530000000036,27.55898000000002
2017-04-10 16:00:00,23.0,89.25,295.32788,300.7372,22.177880000000016,27.587199999999996
2017-04-10 16:00:00,23.0,89.5,295.09164,300.76877,21.941640000000007,27.61877000000004
2017-04-10 16:00:00,23.0,89.75,294.8545,300.48715,21.704499999999996,27.33715000000001
2017-04-10 16:00:00,23.0,90.0,294.60333,300.11566,21.45333000000005,26.965660000000014
2017-04-10 16:00:00,22.75,85.5,287.95074,292.89822,14.800740000000019,19.748220000000003
2017-04-10 16:00:00,22.75,85.75,289.27005,293.70688,16.12005000000005,20.556880000000035
2017-04-10 16:00:00,22.75,86.0,289.27005,293.70688,16.12005000000005,20.556880000000035
2017-04-10 16:00:00,22.75,86.25,290.96982,295.38824,17.81982000000005,22.23824000000002
2017-04-10 16:00:00,22.75,86.5,291.84137,297.2839,18.691370000000006,24.13390000000004
2017-04-10 16:00:00,22.75,86.75,292.97195,299.31808,19.821950000000015,26.16808000000003
2017-04-10 16:00:00,22.75,87.0,293.82483,300.0576,20.674830000000043,26.907600000000002
2017-04-10 16:00:00,22.75,87.25,294.25317,299.88635,21.103170000000034,26.736350000000016
2017-04-10 16:00:00,22.75,87.5,294.36304,299.75754,21.213040000000035,26.60754000000003
2017-04-10 16:00:00,22.75,87.75,294.6704,299.95258,21.520399999999995,26.802580000000034
2017-04-10 16:00:00,22.75,88.0,295.32175,300.36652,22.17175000000003,27.216520000000003
2017-04-10 16:00:00,22.75,88.25,295.32175,300.36652,22.17175000000003,27.216520000000003
2017-04-10 16:00:00,22.75,88.5,296.01364,300.74838,22.863640000000032,27.59838000000002
2017-04-10 16:00:00,22.75,88.75,296.38718,301.07663,23.237180000000023,27.926630000000046
2017-04-10 16:00:00,22.75,89.0,296.5692,301.5376,23.419200000000046,28.38760000000002
2017-04-10 16:00:00,22.75,89.25,296.5415,301.8233,23.391500000000008,28.67330000000004
2017-04-10 16:00:00,22.75,89.5,296.01245,301.43542,22.862450000000024,28.285420000000045
2017-04-10 16:00:00,22.75,89.75,295.3921,300.79297,22.24210000000005,27.642970000000048
2017-04-10 16:00:00,22.75,90.0,295.29254,300.66553,22.142539999999997,27.515530000000012
2017-04-10 16:00:00,22.5,85.5,287.95074,292.89822,14.800740000000019,19.748220000000003
2017-04-10 16:00:00,22.5,85.75,289.27005,293.70688,16.12005000000005,20.556880000000035
2017-04-10 16:00:00,22.5,86.0,289.27005,293.70688,16.12005000000005,20.556880000000035
2017-04-10 16:00:00,22.5,86.25,290.96982,295.38824,17.81982000000005,22.23824000000002
2017-04-10 16:00:00,22.5,86.5,291.84137,297.2839,18.691370000000006,24.13390000000004
2017-04-10 16:00:00,22.5,86.75,292.97195,299.31808,19.821950000000015,26.16808000000003
2017-04-10 16:00:00,22.5,87.0,293.82483,300.0576,20.674830000000043,26.907600000000002
2017-04-10 16:00:00,22.5,87.25,294.25317,299.88635,21.103170000000034,26.736350000000016
2017-04-10 16:00:00,22.5,87.5,294.36304,299.75754,21.213040000000035,26.60754000000003
2017-04-10 16:00:00,22.5,87.75,294.6704,299.95258,21.520399999999995,26.802580000000034
2017-04-10 16:00:00,22.5,88.0,295.32175,300.36652,22.17175000000003,27.216520000000003
2017-04-10 16:00:00,22.5,88.25,295.32175,300.36652,22.17175000000003,27.216520000000003
2017-04-10 16:00:00,22.5,88.5,296.01364,300.74838,22.863640000000032,27.59838000000002
2017-04-10 16:00:00,22.5,88.75,296.38718,301.07663,23.237180000000023,27.926630000000046
2017-04-10 16:00:00,22.5,89.0,296.5692,301.5376,23.419200000000046,28.38760000000002
2017-04-10 16:00:00,22.5,89.25,296.5415,301.8233,23.391500000000008,28.67330000000004
2017-04-10 16:00:00,22.5,89.5,296.01245,301.43542,22.862450000000024,28.285420000000045
2017-04-10 16:00:00,22.5,89.75,295.3921,300.79297,22.24210000000005,27.642970000000048
2017-04-10 16:00:00,22.5,90.0,295.29254,300.66553,22.142539999999997,27.515530000000012
2017-04-10 16:00:00,22.25,85.5,289.15088,298.05005,16.000879999999995,24.90005000000002
2017-04-10 16:00:00,22.25,85.75,290.7838,296.4125,17.633800000000008,23.262500000000045
2017-04-10 16:00:00,22.25,86.0,290.7838,296.4125,17.633800000000008,23.262500000000045
2017-04-10 16:00:00,22.25,86.25,293.20004,299.51627,20.050040000000024,26.366270000000043
2017-04-10 16:00:00,22.25,86.5,293.32706,300.31323,20.17706000000004,27.16323
2017-04-10 16:00:00,22.25,86.75,294.63867,300.942,21.488670000000013,27.79200000000003
2017-04-10 16:00:00,22.25,87.0,294.68207,300.52078,21.532070000000033,27.370780000000025
2017-04-10 16:00:00,22.25,87.25,294.80695,300.04572,21.656949999999995,26.89572000000004
2017-04-10 16:00:00,22.25,87.5,294.7954,299.81686,21.645399999999995,26.666860000000042
2017-04-10 16:00:00,22.25,87.75,295.0418,299.94382,21.891800000000046,26.79382000000004
2017-04-10 16:00:00,22.25,88.0,295.3171,300.16528,22.167100000000005,27.01528000000002
2017-04-10 16:00:00,22.25,88.25,295.3171,300.16528,22.167100000000005,27.01528000000002
2017-04-10 16:00:00,22.25,88.5,295.62967,300.44434,22.47967,27.294340000000034
2017-04-10 16:00:00,22.25,88.75,296.00293,300.76135,22.852930000000015,27.611350000000016
2017-04-10 16:00:00,22.25,89.0,296.39606,301.0698,23.24606,27.91980000000001
2017-04-10 16:00:00,22.25,89.25,296.2642,301.14426,23.11420000000004,27.994259999999997
2017-04-10 16:00:00,22.25,89.5,295.64532,300.934,22.49532000000005,27.78400000000005
2017-04-10 16:00:00,22.25,89.75,295.45303,300.75098,22.303030000000035,27.60098000000005
2017-04-10 16:00:00,22.25,90.0,295.25797,300.61795,22.107970000000023,27.46795000000003
2017-04-10 16:00:00,22.0,85.5,287.51617,291.7586,14.366170000000011,18.608600000000024
2017-04-10 16:00:00,22.0,85.75,290.45862,296.8107,17.30862000000002,23.66070000000002
2017-04-10 16:00:00,22.0,86.0,290.45862,296.8107,17.30862000000002,23.66070000000002
2017-04-10 16:00:00,22.0,86.25,292.99155,298.89157,19.84155000000004,25.741570000000024
2017-04-10 16:00:00,22.0,86.5,293.788,300.3027,20.638000000000034,27.15270000000004
2017-04-10 16:00:00,22.0,86.75,295.8942,301.62515,22.744200000000035,28.475150000000042
2017-04-10 16:00:00,22.0,87.0,295.54507,300.64334,22.395070000000032,27.493340000000046
2017-04-10 16:00:00,22.0,87.25,295.26184,300.40198,22.11184000000003,27.251980000000003
2017-04-10 16:00:00,22.0,87.5,295.0639,300.365,21.913900000000012,27.215000000000032
2017-04-10 16:00:00,22.0,87.75,295.0711,300.10388,21.921100000000024,26.953880000000026
2017-04-10 16:00:00,22.0,88.0,295.31128,300.33466,22.161280000000033,27.184660000000008
2017-04-10 16:00:00,22.0,88.25,295.31128,300.33466,22.161280000000033,27.184660000000008
2017-04-10 16:00:00,22.0,88.5,295.52872,300.27835,22.378720000000044,27.12835000000001
2017-04-10 16:00:00,22.0,88.75,295.68173,300.21997,22.53173000000004,27.069970000000012
2017-04-10 16:00:00,22.0,89.0,295.81796,300.55966,22.66796000000005,27.40966000000003
2017-04-10 16:00:00,22.0,89.25,295.84875,300.6907,22.698750000000018,27.540700000000015
2017-04-10 16:00:00,22.0,89.5,295.72446,300.57996,22.574460000000045,27.42996000000005
2017-04-10 16:00:00,22.0,89.75,295.63095,300.6019,22.480950000000007,27.451900000000023
2017-04-10 16:00:00,22.0,90.0,295.76028,300.73886,22.610280000000046,27.58886000000001
2017-04-10 16:00:00,21.75,85.5,289.55505,296.51776,16.405050000000017,23.367760000000033
2017-04-10 16:00:00,21.75,85.75,292.0955,297.91675,18.945500000000038,24.766750000000002
2017-04-10 16:00:00,21.75,86.0,292.0955,297.91675,18.945500000000038,24.766750000000002
2017-04-10 16:00:00,21.75,86.25,293.26382,298.3254,20.113820000000032,25.175400000000025
2017-04-10 16:00:00,21.75,86.5,294.11826,299.7038,20.968260000000043,26.553800000000024
2017-04-10 16:00:00,21.75,86.75,296.2184,301.78653,23.068399999999997,28.63653000000005
2017-04-10 16:00:00,21.75,87.0,296.05783,300.5043,22.907830000000047,27.354300000000023
2017-04-10 16:00:00,21.75,87.25,295.78784,300.05963,22.63784000000004,26.90963000000005
2017-04-10 16:00:00,21.75,87.5,295.51874,299.9293,22.368740000000003,26.779300000000035
2017-04-10 16:00:00,21.75,87.75,295.9007,299.47733,22.750699999999995,26.327330000000018
2017-04-10 16:00:00,21.75,88.0,295.97098,299.65222,22.82098000000002,26.502220000000023
2017-04-10 16:00:00,21.75,88.25,295.97098,299.65222,22.82098000000002,26.502220000000023
2017-04-10 16:00:00,21.75,88.5,296.0811,299.53494,22.931100000000015,26.38494000000003
2017-04-10 16:00:00,21.75,88.75,296.11252,299.65085,22.96252000000004,26.500850000000014
2017-04-10 16:00:00,21.75,89.0,295.82364,300.01636,22.673640000000034,26.866360000000043
2017-04-10 16:00:00,21.75,89.25,295.85876,299.58807,22.70876000000004,26.43807000000004
2017-04-10 16:00:00,21.75,89.5,296.15875,298.97916,23.00875000000002,25.82916
2017-04-10 16:00:00,21.75,89.75,296.16074,298.89886,23.01074,25.748860000000036
2017-04-10 16:00:00,21.75,90.0,296.19394,298.98288,23.04394000000002,25.832880000000046
2017-04-10 16:00:00,21.5,85.5,291.0453,297.4416,17.89530000000002,24.291600000000017
2017-04-10 16:00:00,21.5,85.75,293.11316,299.32944,19.963160000000016,26.17944
2017-04-10 16:00:00,21.5,86.0,293.11316,299.32944,19.963160000000016,26.17944
2017-04-10 16:00:00,21.5,86.25,294.45682,300.20474,21.306820000000016,27.054740000000038
2017-04-10 16:00:00,21.5,86.5,295.58505,301.6289,22.435050000000047,28.47890000000001
2017-04-10 16:00:00,21.5,86.75,297.05695,302.79623,23.906949999999995,29.646230000000003
2017-04-10 16:00:00,21.5,87.0,297.12836,300.20062,23.97836000000001,27.050620000000038
2017-04-10 16:00:00,21.5,87.25,296.97162,299.07077,23.821619999999996,25.920770000000005
2017-04-10 16:00:00,21.5,87.5,296.764,298.8761,23.614000000000033,25.72610000000003
2017-04-10 16:00:00,21.5,87.75,296.6457,298.73444,23.4957,25.58444000000003
2017-04-10 16:00:00,21.5,88.0,296.66815,298.697,23.51815000000005,25.547000000000025
2017-04-10 16:00:00,21.5,88.25,296.66815,298.697,23.51815000000005,25.547000000000025
2017-04-10 16:00:00,21.5,88.5,296.71588,298.61945,23.56588000000005,25.469449999999995
2017-04-10 16:00:00,21.5,88.75,296.64224,298.65082,23.492240000000038,25.500820000000033
2017-04-10 16:00:00,21.5,89.0,296.42358,298.89505,23.273580000000038,25.74505000000005
2017-04-10 16:00:00,21.5,89.25,296.19238,298.96036,23.042380000000037,25.810360000000003
2017-04-10 16:00:00,21.5,89.5,296.1054,298.84238,22.955399999999997,25.692380000000014
2017-04-10 16:00:00,21.5,89.75,296.13028,298.9035,22.98028000000005,25.75350000000003
2017-04-10 16:00:00,21.5,90.0,296.10263,298.94662,22.95263,25.79662000000002
2017-04-10 16:00:00,21.25,85.5,294.03186,299.88168,20.881860000000017,26.73168000000004
2017-04-10 16:00:00,21.25,85.75,294.94617,301.4877,21.796170000000018,28.33770000000004
2017-04-10 16:00:00,21.25,86.0,294.94617,301.4877,21.796170000000018,28.33770000000004
2017-04-10 16:00:00,21.25,86.25,296.3752,302.65768,23.22520000000003,29.50768000000005
2017-04-10 16:00:00,21.25,86.5,296.62143,303.23746,23.471429999999998,30.08746000000002
2017-04-10 16:00:00,21.25,86.75,297.62326,301.97055,24.47326000000004,28.820550000000026
2017-04-10 16:00:00,21.25,87.0,297.26224,299.52542,24.112240000000043,26.37542000000002
2017-04-10 16:00:00,21.25,87.25,296.96866,298.60797,23.818660000000023,25.457970000000046
2017-04-10 16:00:00,21.25,87.5,296.75906,298.48486,23.60906,25.33486000000005
2017-04-10 16:00:00,21.25,87.75,296.66516,298.50122,23.515160000000037,25.351220000000012
2017-04-10 16:00:00,21.25,88.0,296.69876,298.5232,23.548760000000016,25.373199999999997
2017-04-10 16:00:00,21.25,88.25,296.69876,298.5232,23.548760000000016,25.373199999999997
2017-04-10 16:00:00,21.25,88.5,296.72906,298.58585,23.579060000000027,25.435850000000016
2017-04-10 16:00:00,21.25,88.75,296.64868,298.6021,23.498680000000036,25.45210000000003
2017-04-10 16:00:00,21.25,89.0,296.48257,298.58905,23.332570000000032,25.43905000000001
2017-04-10 16:00:00,21.25,89.25,296.3109,298.7139,23.160900000000026,25.563900000000046
2017-04-10 16:00:00,21.25,89.5,296.20694,298.9173,23.056939999999997,25.767300000000034
2017-04-10 16:00:00,21.25,89.75,296.1465,299.02365,22.996500000000026,25.873649999999998
2017-04-10 16:00:00,21.25,90.0,296.0128,299.0972,22.86280000000005,25.94720000000001
2017-04-10 16:00:00,21.0,85.5,296.01196,301.29355,22.86196000000001,28.143550000000005
2017-04-10 16:00:00,21.0,85.75,296.43933,301.95007,23.289330000000007,28.800070000000005
2017-04-10 16:00:00,21.0,86.0,296.43933,301.95007,23.289330000000007,28.800070000000005
2017-04-10 16:00:00,21.0,86.25,296.9308,301.66907,23.7808,28.51907
2017-04-10 16:00:00,21.0,86.5,296.8406,300.83865,23.690600000000018,27.688649999999996
2017-04-10 16:00:00,21.0,86.75,297.6072,300.1225,24.4572,26.972500000000025
2017-04-10 16:00:00,21.0,87.0,297.02408,298.96982,23.87408000000005,25.81982000000005
2017-04-10 16:00:00,21.0,87.25,296.68713,298.42603,23.537130000000047,25.27603000000005
2017-04-10 16:00:00,21.0,87.5,296.56522,298.39447,23.415220000000033,25.244470000000035
2017-04-10 16:00:00,21.0,87.75,296.4897,298.36655,23.33970000000005,25.21655000000004
2017-04-10 16:00:00,21.0,88.0,296.45575,298.33917,23.305750000000046,25.189170000000047
2017-04-10 16:00:00,21.0,88.25,296.45575,298.33917,23.305750000000046,25.189170000000047
2017-04-10 16:00:00,21.0,88.5,296.45816,298.41068,23.308160000000044,25.260680000000036
2017-04-10 16:00:00,21.0,88.75,296.49176,298.55002,23.341760000000022,25.40002000000004
2017-04-10 16:00:00,21.0,89.0,296.5329,298.7593,23.382900000000006,25.60930000000002
2017-04-10 16:00:00,21.0,89.25,296.4858,298.95367,23.335800000000006,25.80367000000001
2017-04-10 16:00:00,21.0,89.5,296.3054,298.98685,23.155400000000043,25.836850000000027
2017-04-10 16:00:00,21.0,89.75,296.07614,298.96085,22.926140000000032,25.810850000000016
2017-04-10 16:00:00,21.0,90.0,295.89523,299.03128,22.74523000000005,25.881280000000004
2017-04-10 17:00:00,27.5,85.5,280.38358,286.85806,7.233580000000018,13.708060000000046
2017-04-10 17:00:00,27.5,85.75,278.12854,286.9156,4.9785400000000095,13.765600000000006
2017-04-10 17:00:00,27.5,86.0,278.12854,286.9156,4.9785400000000095,13.765600000000006
2017-04-10 17:00:00,27.5,86.25,276.03357,284.11783,2.88357000000002,10.967830000000049
2017-04-10 17:00:00,27.5,86.5,272.9786,282.15912,-0.17140000000000555,9.009119999999996
2017-04-10 17:00:00,27.5,86.75,269.2799,280.80225,-3.8700999999999794,7.652250000000038
2017-04-10 17:00:00,27.5,87.0,267.0854,279.569,-6.0645999999999844,6.41900000000004
2017-04-10 17:00:00,27.5,87.25,266.5292,278.85593,-6.620799999999974,5.7059300000000235
2017-04-10 17:00:00,27.5,87.5,266.53464,278.49057,-6.615359999999953,5.340570000000014
2017-04-10 17:00:00,27.5,87.75,267.20395,277.05698,-5.946049999999957,3.9069800000000328
2017-04-10 17:00:00,27.5,88.0,270.12863,277.17438,-3.0213699999999903,4.024380000000008
2017-04-10 17:00:00,27.5,88.25,270.12863,277.17438,-3.0213699999999903,4.024380000000008
2017-04-10 17:00:00,27.5,88.5,274.37958,279.84857,1.2295799999999986,6.698570000000018
2017-04-10 17:00:00,27.5,88.75,274.8865,279.16806,1.736500000000035,6.018060000000048
2017-04-10 17:00:00,27.5,89.0,269.63818,273.17935,-3.51182,0.02935000000002219
2017-04-10 17:00:00,27.5,89.25,265.97485,269.80402,-7.175149999999974,-3.3459799999999973
2017-04-10 17:00:00,27.5,89.5,269.98367,273.07532,-3.1663299999999595,-0.07468000000000075
2017-04-10 17:00:00,27.5,89.75,274.9911,277.90933,1.84110000000004,4.759330000000034
2017-04-10 17:00:00,27.5,90.0,279.38254,281.74905,6.232540000000029,8.599050000000034
2017-04-10 17:00:00,27.25,85.5,285.02515,290.10077,11.87515000000002,16.950770000000034
2017-04-10 17:00:00,27.25,85.75,282.99722,286.46362,9.84722000000005,13.313620000000014
2017-04-10 17:00:00,27.25,86.0,282.99722,286.46362,9.84722000000005,13.313620000000014
2017-04-10 17:00:00,27.25,86.25,281.3859,287.55298,8.235900000000015,14.402980000000014
2017-04-10 17:00:00,27.25,86.5,278.27533,287.67688,5.1253300000000195,14.526880000000006
2017-04-10 17:00:00,27.25,86.75,276.45346,283.89218,3.3034600000000296,10.742180000000019
2017-04-10 17:00:00,27.25,87.0,274.1818,281.27496,1.0318000000000325,8.124960000000044
2017-04-10 17:00:00,27.25,87.25,272.9399,281.67282,-0.21009999999995443,8.522820000000024
2017-04-10 17:00:00,27.25,87.5,272.74808,282.55563,-0.4019199999999614,9.40563000000003
2017-04-10 17:00:00,27.25,87.75,272.85092,282.02454,-0.29908000000000357,8.874540000000025
2017-04-10 17:00:00,27.25,88.0,274.3223,281.17993,1.172300000000007,8.029930000000036
2017-04-10 17:00:00,27.25,88.25,274.3223,281.17993,1.172300000000007,8.029930000000036
2017-04-10 17:00:00,27.25,88.5,277.62265,282.84125,4.472650000000044,9.691250000000025
2017-04-10 17:00:00,27.25,88.75,279.69125,284.40613,6.541250000000048,11.256130000000041
2017-04-10 17:00:00,27.25,89.0,277.84918,281.12955,4.699180000000013,7.9795500000000175
2017-04-10 17:00:00,27.25,89.25,275.40628,280.6698,2.256280000000004,7.519800000000032
2017-04-10 17:00:00,27.25,89.5,276.38327,280.46036,3.2332700000000045,7.310360000000003
2017-04-10 17:00:00,27.25,89.75,276.9423,279.4854,3.7923000000000116,6.33540000000005
2017-04-10 17:00:00,27.25,90.0,279.21164,283.51843,6.061640000000011,10.368430000000046
2017-04-10 17:00:00,27.0,85.5,285.02515,290.10077,11.87515000000002,16.950770000000034
2017-04-10 17:00:00,27.0,85.75,282.99722,286.46362,9.84722000000005,13.313620000000014
2017-04-10 17:00:00,27.0,86.0,282.99722,286.46362,9.84722000000005,13.313620000000014
2017-04-10 17:00:00,27.0,86.25,281.3859,287.55298,8.235900000000015,14.402980000000014
2017-04-10 17:00:00,27.0,86.5,278.27533,287.67688,5.1253300000000195,14.526880000000006
2017-04-10 17:00:00,27.0,86.75,276.45346,283.89218,3.3034600000000296,10.742180000000019
2017-04-10 17:00:00,27.0,87.0,274.1818,281.27496,1.0318000000000325,8.124960000000044
2017-04-10 17:00:00,27.0,87.25,272.9399,281.67282,-0.21009999999995443,8.522820000000024
2017-04-10 17:00:00,27.0,87.5,272.74808,282.55563,-0.4019199999999614,9.40563000000003
2017-04-10 17:00:00,27.0,87.75,272.85092,282.02454,-0.29908000000000357,8.874540000000025
2017-04-10 17:00:00,27.0,88.0,274.3223,281.17993,1.172300000000007,8.029930000000036
2017-04-10 17:00:00,27.0,88.25,274.3223,281.17993,1.172300000000007,8.029930000000036
2017-04-10 17:00:00,27.0,88.5,277.62265,282.84125,4.472650000000044,9.691250000000025
2017-04-10 17:00:00,27.0,88.75,279.69125,284.40613,6.541250000000048,11.256130000000041
2017-04-10 17:00:00,27.0,89.0,277.84918,281.12955,4.699180000000013,7.9795500000000175
2017-04-10 17:00:00,27.0,89.25,275.40628,280.6698,2.256280000000004,7.519800000000032
2017-04-10 17:00:00,27.0,89.5,276.38327,280.46036,3.2332700000000045,7.310360000000003
2017-04-10 17:00:00,27.0,89.75,276.9423,279.4854,3.7923000000000116,6.33540000000005
2017-04-10 17:00:00,27.0,90.0,279.21164,283.51843,6.061640000000011,10.368430000000046
2017-04-10 17:00:00,26.75,85.5,286.5506,290.9743,13.400599999999997,17.82430000000005
2017-04-10 17:00:00,26.75,85.75,285.6008,290.7746,12.450800000000015,17.624600000000044
2017-04-10 17:00:00,26.75,86.0,285.6008,290.7746,12.450800000000015,17.624600000000044
2017-04-10 17:00:00,26.75,86.25,284.4663,289.65952,11.316300000000012,16.50952000000001
2017-04-10 17:00:00,26.75,86.5,282.95526,288.48837,9.805260000000033,15.338369999999998
2017-04-10 17:00:00,26.75,86.75,281.68045,287.5063,8.53045000000003,14.356300000000033
2017-04-10 17:00:00,26.75,87.0,280.01346,285.94742,6.863460000000032,12.797420000000045
2017-04-10 17:00:00,26.75,87.25,278.7032,286.2921,5.553200000000004,13.142100000000028
2017-04-10 17:00:00,26.75,87.5,278.16443,286.59836,5.014430000000004,13.448360000000037
2017-04-10 17:00:00,26.75,87.75,278.01834,285.2832,4.868340000000046,12.133200000000045
2017-04-10 17:00:00,26.75,88.0,278.78973,285.20444,5.639730000000043,12.05444
2017-04-10 17:00:00,26.75,88.25,278.78973,285.20444,5.639730000000043,12.05444
2017-04-10 17:00:00,26.75,88.5,281.04443,287.40366,7.89443,14.253660000000025
2017-04-10 17:00:00,26.75,88.75,283.50827,288.77948,10.358270000000005,15.629480000000001
2017-04-10 17:00:00,26.75,89.0,284.59335,288.64508,11.44335000000001,15.49508000000003
2017-04-10 17:00:00,26.75,89.25,284.68463,288.63068,11.53463000000005,15.480680000000007
2017-04-10 17:00:00,26.75,89.5,284.1995,288.14355,11.049500000000023,14.993550000000027
2017-04-10 17:00:00,26.75,89.75,282.26938,287.01364,9.119380000000035,13.863640000000032
2017-04-10 17:00:00,26.75,90.0,283.15427,288.61078,10.00427000000002,15.46078
2017-04-10 17:00:00,26.5,85.5,287.11444,291.1892,13.964440000000025,18.03920000000005
2017-04-10 17:00:00,26.5,85.75,286.93805,290.8264,13.788049999999998,17.6764
2017-04-10 17:00:00,26.5,86.0,286.93805,290.8264,13.788049999999998,17.6764
2017-04-10 17:00:00,26.5,86.25,285.62042,290.0761,12.470420000000047,16.92610000000002
2017-04-10 17:00:00,26.5,86.5,285.21173,289.8602,12.061730000000011,16.710200000000043
2017-04-10 17:00:00,26.5,86.75,284.5871,289.18893,11.437100000000044,16.03893000000005
2017-04-10 17:00:00,26.5,87.0,282.3849,285.4795,9.234900000000039,12.329499999999996
2017-04-10 17:00:00,26.5,87.25,281.54047,289.28595,8.39047000000005,16.135950000000037
2017-04-10 17:00:00,26.5,87.5,281.40674,290.02133,8.256740000000036,16.87133
2017-04-10 17:00:00,26.5,87.75,281.61502,287.51074,8.465020000000038,14.360740000000021
2017-04-10 17:00:00,26.5,88.0,282.52844,287.8021,9.378440000000012,14.652100000000019
2017-04-10 17:00:00,26.5,88.25,282.52844,287.8021,9.378440000000012,14.652100000000019
2017-04-10 17:00:00,26.5,88.5,283.61563,288.42203,10.465630000000033,15.27203000000003
2017-04-10 17:00:00,26.5,88.75,284.33698,288.15042,11.186980000000005,15.00042000000002
2017-04-10 17:00:00,26.5,89.0,284.61316,289.6537,11.463160000000016,16.503700000000038
2017-04-10 17:00:00,26.5,89.25,284.94342,290.57965,11.793420000000026,17.429650000000038
2017-04-10 17:00:00,26.5,89.5,286.3783,290.2071,13.228300000000047,17.057100000000048
2017-04-10 17:00:00,26.5,89.75,285.94568,290.12964,12.795680000000004,16.979640000000018
2017-04-10 17:00:00,26.5,90.0,285.73172,289.7468,12.581720000000018,16.59680000000003
2017-04-10 17:00:00,26.25,85.5,286.17422,290.4132,13.024220000000014,17.26320000000004
2017-04-10 17:00:00,26.25,85.75,286.2291,290.5882,13.07910000000004,17.438199999999995
2017-04-10 17:00:00,26.25,86.0,286.2291,290.5882,13.07910000000004,17.438199999999995
2017-04-10 17:00:00,26.25,86.25,286.101,290.23004,12.951000000000022,17.080039999999997
2017-04-10 17:00:00,26.25,86.5,285.5493,289.89243,12.39930000000004,16.742430000000013
2017-04-10 17:00:00,26.25,86.75,285.41998,289.5942,12.269980000000032,16.444200000000023
2017-04-10 17:00:00,26.25,87.0,285.1851,288.92487,12.0351,15.774870000000021
2017-04-10 17:00:00,26.25,87.25,284.77295,288.9239,11.622950000000003,15.773900000000026
2017-04-10 17:00:00,26.25,87.5,284.45602,289.00848,11.306020000000046,15.858480000000043
2017-04-10 17:00:00,26.25,87.75,283.47763,287.16656,10.32763,14.016560000000027
2017-04-10 17:00:00,26.25,88.0,282.82742,288.21558,9.67742000000004,15.065580000000011
2017-04-10 17:00:00,26.25,88.25,282.82742,288.21558,9.67742000000004,15.065580000000011
2017-04-10 17:00:00,26.25,88.5,283.41678,291.1505,10.26678000000004,18.000500000000045
2017-04-10 17:00:00,26.25,88.75,283.94095,289.49127,10.79095000000001,16.34127000000001
2017-04-10 17:00:00,26.25,89.0,283.98828,289.19815,10.838279999999997,16.04815000000002
2017-04-10 17:00:00,26.25,89.25,284.0443,291.43298,10.894300000000044,18.28298000000001
2017-04-10 17:00:00,26.25,89.5,284.4426,290.9866,11.29260000000005,17.836600000000033
2017-04-10 17:00:00,26.25,89.75,285.25818,290.3818,12.108180000000004,17.23180000000002
2017-04-10 17:00:00,26.25,90.0,286.41974,294.45728,13.269740000000013,21.30728000000005
2017-04-10 17:00:00,26.0,85.5,285.92557,290.4615,12.775570000000016,17.311500000000024
2017-04-10 17:00:00,26.0,85.75,286.10303,290.25735,12.953030000000012,17.107349999999997
2017-04-10 17:00:00,26.0,86.0,286.10303,290.25735,12.953030000000012,17.107349999999997
2017-04-10 17:00:00,26.0,86.25,285.90005,290.17136,12.750050000000044,17.021360000000016
2017-04-10 17:00:00,26.0,86.5,285.88504,289.89584,12.735040000000026,16.745840000000044
2017-04-10 17:00:00,26.0,86.75,285.60065,289.81424,12.450649999999996,16.664240000000007
2017-04-10 17:00:00,26.0,87.0,285.4473,289.51376,12.297300000000007,16.363760000000013
2017-04-10 17:00:00,26.0,87.25,285.40018,289.24637,12.25018,16.096370000000036
2017-04-10 17:00:00,26.0,87.5,285.68027,289.35468,12.53027000000003,16.204679999999996
2017-04-10 17:00:00,26.0,87.75,286.06827,289.53754,12.918270000000007,16.38754
2017-04-10 17:00:00,26.0,88.0,286.14328,289.76376,12.993280000000027,16.613760000000013
2017-04-10 17:00:00,26.0,88.25,286.14328,289.76376,12.993280000000027,16.613760000000013
2017-04-10 17:00:00,26.0,88.5,285.7831,289.87103,12.633100000000013,16.72103000000004
2017-04-10 17:00:00,26.0,88.75,284.83273,288.5402,11.68273000000005,15.39020000000005
2017-04-10 17:00:00,26.0,89.0,283.60846,286.88864,10.458460000000002,13.738640000000032
2017-04-10 17:00:00,26.0,89.25,283.50192,289.48233,10.351920000000007,16.332330000000013
2017-04-10 17:00:00,26.0,89.5,283.9581,290.7801,10.808100000000024,17.630100000000027
2017-04-10 17:00:00,26.0,89.75,285.71378,291.55847,12.563780000000008,18.408470000000023
2017-04-10 17:00:00,26.0,90.0,286.65463,291.23126,13.50463000000002,18.081260000000043
2017-04-10 17:00:00,25.75,85.5,285.61655,290.23676,12.46655000000004,17.086760000000027
2017-04-10 17:00:00,25.75,85.75,285.52347,290.0837,12.373469999999998,16.933700000000044
2017-04-10 17:00:00,25.75,86.0,285.52347,290.0837,12.373469999999998,16.933700000000044
2017-04-10 17:00:00,25.75,86.25,285.7218,290.04214,12.571799999999996,16.89214000000004
2017-04-10 17:00:00,25.75,86.5,285.7565,289.95367,12.60650000000004,16.80367000000001
2017-04-10 17:00:00,25.75,86.75,285.8465,289.8194,12.696500000000015,16.669399999999996
2017-04-10 17:00:00,25.75,87.0,285.88187,289.908,12.731870000000015,16.758000000000038
2017-04-10 17:00:00,25.75,87.25,285.7386,289.77606,12.588600000000042,16.626059999999995
2017-04-10 17:00:00,25.75,87.5,285.3594,289.48926,12.209400000000016,16.339260000000024
2017-04-10 17:00:00,25.75,87.75,285.17438,289.36758,12.024380000000008,16.217579999999998
2017-04-10 17:00:00,25.75,88.0,285.27676,289.42545,12.126760000000047,16.275450000000035
2017-04-10 17:00:00,25.75,88.25,285.27676,289.42545,12.126760000000047,16.275450000000035
2017-04-10 17:00:00,25.75,88.5,285.39478,289.45016,12.244780000000048,16.300160000000005
2017-04-10 17:00:00,25.75,88.75,285.37335,289.36673,12.223350000000039,16.21673000000004
2017-04-10 17:00:00,25.75,89.0,285.01285,289.11703,11.862850000000037,15.967030000000022
2017-04-10 17:00:00,25.75,89.25,284.4281,288.58615,11.278099999999995,15.436149999999998
2017-04-10 17:00:00,25.75,89.5,284.32642,289.21124,11.176420000000007,16.061239999999998
2017-04-10 17:00:00,25.75,89.75,286.28564,292.5507,13.135640000000024,19.40070000000003
2017-04-10 17:00:00,25.75,90.0,287.12933,291.29947,13.979330000000004,18.149470000000008
2017-04-10 17:00:00,25.5,85.5,285.6401,290.18875,12.49010000000004,17.03875000000005
2017-04-10 17:00:00,25.5,85.75,285.68582,290.23355,12.535820000000001,17.083550000000002
2017-04-10 17:00:00,25.5,86.0,285.68582,290.23355,12.535820000000001,17.083550000000002
2017-04-10 17:00:00,25.5,86.25,285.85635,290.1028,12.706350000000043,16.952800000000025
2017-04-10 17:00:00,25.5,86.5,285.95386,290.44684,12.803860000000043,17.29684000000003
2017-04-10 17:00:00,25.5,86.75,285.86957,290.58914,12.719570000000033,17.43914000000001
2017-04-10 17:00:00,25.5,87.0,285.50443,290.46533,12.354430000000036,17.315330000000017
2017-04-10 17:00:00,25.5,87.25,285.34323,290.2137,12.193230000000028,17.06370000000004
2017-04-10 17:00:00,25.5,87.5,285.5812,290.25757,12.431200000000047,17.10757000000001
2017-04-10 17:00:00,25.5,87.75,285.84082,290.45578,12.69082000000003,17.305780000000027
2017-04-10 17:00:00,25.5,88.0,285.86057,290.51065,12.710570000000018,17.36065000000002
2017-04-10 17:00:00,25.5,88.25,285.86057,290.51065,12.710570000000018,17.36065000000002
2017-04-10 17:00:00,25.5,88.5,285.75165,290.3263,12.601650000000006,17.176300000000026
2017-04-10 17:00:00,25.5,88.75,285.5072,289.98285,12.357200000000034,16.832850000000008
2017-04-10 17:00:00,25.5,89.0,284.7877,289.5054,11.637699999999995,16.35540000000003
2017-04-10 17:00:00,25.5,89.25,283.6601,288.64166,10.510100000000023,15.491660000000024
2017-04-10 17:00:00,25.5,89.5,283.65186,289.30115,10.501860000000022,16.15115000000003
2017-04-10 17:00:00,25.5,89.75,286.3911,293.39822,13.241100000000017,20.248220000000003
2017-04-10 17:00:00,25.5,90.0,287.18808,292.72043,14.038080000000036,19.570430000000044
2017-04-10 17:00:00,25.25,85.5,286.0462,290.41205,12.896200000000022,17.262050000000045
2017-04-10 17:00:00,25.25,85.75,285.75372,290.51044,12.60372000000001,17.36044000000004
2017-04-10 17:00:00,25.25,86.0,285.75372,290.51044,12.60372000000001,17.36044000000004
2017-04-10 17:00:00,25.25,86.25,285.69894,290.69434,12.548940000000016,17.544340000000034
2017-04-10 17:00:00,25.25,86.5,286.05768,291.021,12.907680000000028,17.871000000000038
2017-04-10 17:00:00,25.25,86.75,285.88205,290.87747,12.732050000000015,17.72747000000004
2017-04-10 17:00:00,25.25,87.0,285.57355,290.70657,12.423550000000034,17.556570000000022
2017-04-10 17:00:00,25.25,87.25,285.6099,290.709,12.459900000000005,17.559000000000026
2017-04-10 17:00:00,25.25,87.5,285.65204,290.88376,12.502040000000022,17.733760000000018
2017-04-10 17:00:00,25.25,87.75,285.10837,290.5917,11.958370000000002,17.441700000000026
2017-04-10 17:00:00,25.25,88.0,284.76077,290.20682,11.610770000000002,17.056820000000016
2017-04-10 17:00:00,25.25,88.25,284.76077,290.20682,11.610770000000002,17.056820000000016
2017-04-10 17:00:00,25.25,88.5,285.14624,290.24673,11.99624,17.096730000000036
2017-04-10 17:00:00,25.25,88.75,285.45398,290.2458,12.303980000000024,17.095799999999997
2017-04-10 17:00:00,25.25,89.0,285.14908,289.86624,11.999080000000049,16.716240000000028
2017-04-10 17:00:00,25.25,89.25,283.91873,288.4224,10.768730000000005,15.272400000000005
2017-04-10 17:00:00,25.25,89.5,283.3488,287.18164,10.198800000000006,14.031640000000039
2017-04-10 17:00:00,25.25,89.75,285.2887,292.29294,12.138700000000028,19.14294000000001
2017-04-10 17:00:00,25.25,90.0,285.9834,291.21628,12.83340000000004,18.066280000000006
2017-04-10 17:00:00,25.0,85.5,285.73254,290.80383,12.582539999999995,17.653830000000028
2017-04-10 17:00:00,25.0,85.75,285.78925,290.92944,12.639250000000004,17.779440000000022
2017-04-10 17:00:00,25.0,86.0,285.78925,290.92944,12.639250000000004,17.779440000000022
2017-04-10 17:00:00,25.0,86.25,285.53036,290.66498,12.380359999999996,17.514980000000037
2017-04-10 17:00:00,25.0,86.5,285.4463,290.52686,12.29630000000003,17.376860000000022
2017-04-10 17:00:00,25.0,86.75,285.21213,290.30502,12.062130000000025,17.155020000000036
2017-04-10 17:00:00,25.0,87.0,285.33957,290.46768,12.189570000000003,17.317679999999996
2017-04-10 17:00:00,25.0,87.25,285.34702,290.50818,12.197020000000009,17.358180000000004
2017-04-10 17:00:00,25.0,87.5,284.98984,290.20792,11.839840000000038,17.057920000000024
2017-04-10 17:00:00,25.0,87.75,285.07367,290.41287,11.923670000000016,17.26287000000002
2017-04-10 17:00:00,25.0,88.0,285.54395,290.94806,12.393950000000018,17.79806000000002
2017-04-10 17:00:00,25.0,88.25,285.54395,290.94806,12.393950000000018,17.79806000000002
2017-04-10 17:00:00,25.0,88.5,285.92682,290.8545,12.776820000000043,17.704499999999996
2017-04-10 17:00:00,25.0,88.75,285.74512,290.21368,12.595120000000009,17.063680000000033
2017-04-10 17:00:00,25.0,89.0,284.44263,289.29965,11.292630000000031,16.14965000000001
2017-04-10 17:00:00,25.0,89.25,283.85852,288.0565,10.708520000000021,14.906500000000051
2017-04-10 17:00:00,25.0,89.5,284.16037,288.79996,11.010370000000023,15.649960000000021
2017-04-10 17:00:00,25.0,89.75,286.13394,291.3975,12.983940000000018,18.247500000000002
2017-04-10 17:00:00,25.0,90.0,286.74695,291.37805,13.59695000000005,18.228049999999996
2017-04-10 17:00:00,24.75,85.5,285.73254,290.80383,12.582539999999995,17.653830000000028
2017-04-10 17:00:00,24.75,85.75,285.78925,290.92944,12.639250000000004,17.779440000000022
2017-04-10 17:00:00,24.75,86.0,285.78925,290.92944,12.639250000000004,17.779440000000022
2017-04-10 17:00:00,24.75,86.25,285.53036,290.66498,12.380359999999996,17.514980000000037
2017-04-10 17:00:00,24.75,86.5,285.4463,290.52686,12.29630000000003,17.376860000000022
2017-04-10 17:00:00,24.75,86.75,285.21213,290.30502,12.062130000000025,17.155020000000036
2017-04-10 17:00:00,24.75,87.0,285.33957,290.46768,12.189570000000003,17.317679999999996
2017-04-10 17:00:00,24.75,87.25,285.34702,290.50818,12.197020000000009,17.358180000000004
2017-04-10 17:00:00,24.75,87.5,284.98984,290.20792,11.839840000000038,17.057920000000024
2017-04-10 17:00:00,24.75,87.75,285.07367,290.41287,11.923670000000016,17.26287000000002
2017-04-10 17:00:00,24.75,88.0,285.54395,290.94806,12.393950000000018,17.79806000000002
2017-04-10 17:00:00,24.75,88.25,285.54395,290.94806,12.393950000000018,17.79806000000002
2017-04-10 17:00:00,24.75,88.5,285.92682,290.8545,12.776820000000043,17.704499999999996
2017-04-10 17:00:00,24.75,88.75,285.74512,290.21368,12.595120000000009,17.063680000000033
2017-04-10 17:00:00,24.75,89.0,284.44263,289.29965,11.292630000000031,16.14965000000001
2017-04-10 17:00:00,24.75,89.25,283.85852,288.0565,10.708520000000021,14.906500000000051
2017-04-10 17:00:00,24.75,89.5,284.16037,288.79996,11.010370000000023,15.649960000000021
2017-04-10 17:00:00,24.75,89.75,286.13394,291.3975,12.983940000000018,18.247500000000002
2017-04-10 17:00:00,24.75,90.0,286.74695,291.37805,13.59695000000005,18.228049999999996
2017-04-10 17:00:00,24.5,85.5,284.69028,290.00235,11.540279999999996,16.85235
2017-04-10 17:00:00,24.5,85.75,284.3832,289.93243,11.23320000000001,16.782430000000033
2017-04-10 17:00:00,24.5,86.0,284.3832,289.93243,11.23320000000001,16.782430000000033
2017-04-10 17:00:00,24.5,86.25,284.2747,289.6983,11.124700000000018,16.54830000000004
2017-04-10 17:00:00,24.5,86.5,284.76923,289.8603,11.619230000000016,16.710300000000018
2017-04-10 17:00:00,24.5,86.75,284.8233,289.69485,11.67330000000004,16.544849999999997
2017-04-10 17:00:00,24.5,87.0,284.88565,289.78372,11.735650000000021,16.63372000000004
2017-04-10 17:00:00,24.5,87.25,284.80322,289.70483,11.653220000000033,16.554830000000038
2017-04-10 17:00:00,24.5,87.5,284.36783,289.2228,11.217830000000049,16.07280000000003
2017-04-10 17:00:00,24.5,87.75,284.31683,288.6611,11.166830000000004,15.511099999999999
2017-04-10 17:00:00,24.5,88.0,284.77728,288.87344,11.627280000000042,15.72344000000004
2017-04-10 17:00:00,24.5,88.25,284.77728,288.87344,11.627280000000042,15.72344000000004
2017-04-10 17:00:00,24.5,88.5,285.4048,289.60498,12.254800000000046,16.454980000000035
2017-04-10 17:00:00,24.5,88.75,285.3939,289.37393,12.243899999999996,16.223929999999996
2017-04-10 17:00:00,24.5,89.0,284.09897,288.20538,10.948970000000031,15.055380000000014
2017-04-10 17:00:00,24.5,89.25,284.14795,287.93857,10.997950000000003,14.78857000000005
2017-04-10 17:00:00,24.5,89.5,285.29108,289.6391,12.141080000000045,16.489100000000008
2017-04-10 17:00:00,24.5,89.75,287.34946,292.25275,14.199460000000045,19.102750000000015
2017-04-10 17:00:00,24.5,90.0,288.17004,294.06744,15.020039999999995,20.91744
2017-04-10 17:00:00,24.25,85.5,283.31726,288.67096,10.167259999999999,15.520960000000002
2017-04-10 17:00:00,24.25,85.75,283.01462,288.2451,9.864620000000002,15.095100000000002
2017-04-10 17:00:00,24.25,86.0,283.01462,288.2451,9.864620000000002,15.095100000000002
2017-04-10 17:00:00,24.25,86.25,283.78653,288.8393,10.63653000000005,15.689300000000003
2017-04-10 17:00:00,24.25,86.5,284.2953,289.13644,11.14530000000002,15.986440000000016
2017-04-10 17:00:00,24.25,86.75,284.51172,289.29846,11.361720000000048,16.14846
2017-04-10 17:00:00,24.25,87.0,284.78983,289.7464,11.639830000000018,16.596400000000017
2017-04-10 17:00:00,24.25,87.25,285.18417,289.94772,12.034170000000017,16.797720000000027
2017-04-10 17:00:00,24.25,87.5,285.48425,290.2352,12.334249999999997,17.085200000000043
2017-04-10 17:00:00,24.25,87.75,286.21768,290.8245,13.067679999999996,17.674500000000023
2017-04-10 17:00:00,24.25,88.0,286.4747,290.99377,13.324700000000007,17.843770000000006
2017-04-10 17:00:00,24.25,88.25,286.4747,290.99377,13.324700000000007,17.843770000000006
2017-04-10 17:00:00,24.25,88.5,285.87967,290.57468,12.729669999999999,17.424680000000023
2017-04-10 17:00:00,24.25,88.75,285.3639,289.6211,12.213900000000024,16.471100000000035
2017-04-10 17:00:00,24.25,89.0,284.76828,288.37347,11.618280000000027,15.22347000000002
2017-04-10 17:00:00,24.25,89.25,285.4481,289.68597,12.298100000000034,16.53597000000002
2017-04-10 17:00:00,24.25,89.5,286.89465,292.18195,13.744650000000036,19.031949999999995
2017-04-10 17:00:00,24.25,89.75,288.648,294.656,15.498000000000047,21.50600000000003
2017-04-10 17:00:00,24.25,90.0,289.30972,295.18597,16.15972000000005,22.03597000000002
2017-04-10 17:00:00,24.0,85.5,282.3202,287.10843,9.170200000000023,13.958430000000021
2017-04-10 17:00:00,24.0,85.75,282.0741,287.13998,8.92410000000001,13.989980000000003
2017-04-10 17:00:00,24.0,86.0,282.0741,287.13998,8.92410000000001,13.989980000000003
2017-04-10 17:00:00,24.0,86.25,283.09042,288.3247,9.940420000000017,15.17470000000003
2017-04-10 17:00:00,24.0,86.5,283.41293,288.44083,10.26293000000004,15.290830000000028
2017-04-10 17:00:00,24.0,86.75,283.98758,288.72342,10.837580000000003,15.573419999999999
2017-04-10 17:00:00,24.0,87.0,285.02423,289.43384,11.874230000000011,16.283839999999998
2017-04-10 17:00:00,24.0,87.25,285.5844,290.06592,12.43440000000004,16.91592000000003
2017-04-10 17:00:00,24.0,87.5,286.3983,291.1286,13.248300000000029,17.97860000000003
2017-04-10 17:00:00,24.0,87.75,287.2995,292.44232,14.149500000000046,19.292320000000018
2017-04-10 17:00:00,24.0,88.0,286.95508,292.3047,13.805080000000032,19.154700000000048
2017-04-10 17:00:00,24.0,88.25,286.95508,292.3047,13.805080000000032,19.154700000000048
2017-04-10 17:00:00,24.0,88.5,286.02777,291.04495,12.877769999999998,17.894949999999994
2017-04-10 17:00:00,24.0,88.75,286.18335,290.83545,13.033350000000041,17.685450000000003
2017-04-10 17:00:00,24.0,89.0,286.92953,291.3467,13.779530000000022,18.19670000000002
2017-04-10 17:00:00,24.0,89.25,287.91754,292.06946,14.767539999999997,18.919460000000015
2017-04-10 17:00:00,24.0,89.5,288.91745,294.3945,15.767449999999997,21.244500000000016
2017-04-10 17:00:00,24.0,89.75,290.1883,295.81155,17.03830000000005,22.661550000000034
2017-04-10 17:00:00,24.0,90.0,291.03812,296.54526,17.888120000000015,23.395260000000007
2017-04-10 17:00:00,23.75,85.5,283.01605,288.50742,9.86605000000003,15.357420000000047
2017-04-10 17:00:00,23.75,85.75,283.28146,288.65237,10.131460000000004,15.502370000000042
2017-04-10 17:00:00,23.75,86.0,283.28146,288.65237,10.131460000000004,15.502370000000042
2017-04-10 17:00:00,23.75,86.25,284.39368,289.72626,11.24368000000004,16.576260000000048
2017-04-10 17:00:00,23.75,86.5,285.4084,290.02533,12.258399999999995,16.87533000000002
2017-04-10 17:00:00,23.75,86.75,285.8854,290.8318,12.735400000000027,17.68180000000001
2017-04-10 17:00:00,23.75,87.0,285.87228,290.96744,12.722280000000012,17.817440000000033
2017-04-10 17:00:00,23.75,87.25,285.35013,290.05014,12.200130000000001,16.90014000000002
2017-04-10 17:00:00,23.75,87.5,286.40503,291.34033,13.255030000000033,18.190330000000017
2017-04-10 17:00:00,23.75,87.75,287.56,291.4359,14.410000000000025,18.285900000000026
2017-04-10 17:00:00,23.75,88.0,287.4538,290.66577,14.303800000000024,17.515770000000032
2017-04-10 17:00:00,23.75,88.25,287.4538,290.66577,14.303800000000024,17.515770000000032
2017-04-10 17:00:00,23.75,88.5,287.14795,291.68018,13.997950000000003,18.53018000000003
2017-04-10 17:00:00,23.75,88.75,287.38422,292.34387,14.23422000000005,19.193870000000004
2017-04-10 17:00:00,23.75,89.0,288.41302,293.25528,15.26302000000004,20.10528000000005
2017-04-10 17:00:00,23.75,89.25,289.95526,295.34045,16.805260000000033,22.19045
2017-04-10 17:00:00,23.75,89.5,291.23712,296.33725,18.087120000000027,23.187250000000006
2017-04-10 17:00:00,23.75,89.75,291.9546,297.03516,18.80460000000005,23.88516000000004
2017-04-10 17:00:00,23.75,90.0,293.16415,298.11386,20.01415000000003,24.96386000000001
2017-04-10 17:00:00,23.5,85.5,283.6244,288.2216,10.474400000000003,15.071600000000046
2017-04-10 17:00:00,23.5,85.75,284.88602,289.80307,11.736019999999996,16.653070000000014
2017-04-10 17:00:00,23.5,86.0,284.88602,289.80307,11.736019999999996,16.653070000000014
2017-04-10 17:00:00,23.5,86.25,285.8311,290.76962,12.681100000000015,17.619619999999998
2017-04-10 17:00:00,23.5,86.5,286.1873,291.29187,13.037300000000016,18.14187000000004
2017-04-10 17:00:00,23.5,86.75,285.45154,289.457,12.301540000000045,16.307000000000016
2017-04-10 17:00:00,23.5,87.0,285.54517,289.15903,12.395170000000007,16.009029999999996
2017-04-10 17:00:00,23.5,87.25,286.00436,290.6307,12.854360000000042,17.480700000000013
2017-04-10 17:00:00,23.5,87.5,286.76074,291.62244,13.610740000000021,18.472440000000006
2017-04-10 17:00:00,23.5,87.75,287.61688,292.00534,14.466880000000003,18.855340000000012
2017-04-10 17:00:00,23.5,88.0,288.00217,292.69485,14.852170000000001,19.544849999999997
2017-04-10 17:00:00,23.5,88.25,288.00217,292.69485,14.852170000000001,19.544849999999997
2017-04-10 17:00:00,23.5,88.5,288.3286,293.8236,15.178600000000017,20.67360000000002
2017-04-10 17:00:00,23.5,88.75,289.4169,295.07642,16.26690000000002,21.926420000000007
2017-04-10 17:00:00,23.5,89.0,290.76825,296.11307,17.618250000000046,22.963070000000016
2017-04-10 17:00:00,23.5,89.25,291.64694,296.92477,18.496939999999995,23.774770000000046
2017-04-10 17:00:00,23.5,89.5,292.225,297.4562,19.075000000000045,24.306200000000047
2017-04-10 17:00:00,23.5,89.75,292.78256,297.5983,19.632560000000012,24.448300000000017
2017-04-10 17:00:00,23.5,90.0,293.78207,298.19687,20.63207,25.046870000000013
2017-04-10 17:00:00,23.25,85.5,284.86252,289.83023,11.71252000000004,16.680229999999995
2017-04-10 17:00:00,23.25,85.75,285.19965,290.76056,12.049650000000042,17.61056000000002
2017-04-10 17:00:00,23.25,86.0,285.19965,290.76056,12.049650000000042,17.61056000000002
2017-04-10 17:00:00,23.25,86.25,286.78293,291.01355,13.632930000000044,17.863550000000032
2017-04-10 17:00:00,23.25,86.5,286.23907,293.35037,13.08907000000005,20.20037000000002
2017-04-10 17:00:00,23.25,86.75,287.28473,292.1181,14.134730000000047,18.96810000000005
2017-04-10 17:00:00,23.25,87.0,288.665,292.21054,15.515000000000043,19.060540000000003
2017-04-10 17:00:00,23.25,87.25,289.63654,293.79706,16.486540000000048,20.64706000000001
2017-04-10 17:00:00,23.25,87.5,290.2801,295.0129,17.130100000000027,21.862900000000025
2017-04-10 17:00:00,23.25,87.75,290.7242,295.6308,17.57420000000002,22.480800000000045
2017-04-10 17:00:00,23.25,88.0,291.17206,296.0281,18.02206000000001,22.878100000000018
2017-04-10 17:00:00,23.25,88.25,291.17206,296.0281,18.02206000000001,22.878100000000018
2017-04-10 17:00:00,23.25,88.5,291.86856,296.94955,18.718560000000025,23.79955000000001
2017-04-10 17:00:00,23.25,88.75,292.61682,298.5106,19.46682000000004,25.360600000000034
2017-04-10 17:00:00,23.25,89.0,293.03595,299.19843,19.885950000000037,26.048429999999996
2017-04-10 17:00:00,23.25,89.25,293.40283,299.2959,20.252830000000017,26.14590000000004
2017-04-10 17:00:00,23.25,89.5,293.53442,299.40396,20.384420000000034,26.253960000000006
2017-04-10 17:00:00,23.25,89.75,293.6917,299.26834,20.54170000000005,26.118340000000046
2017-04-10 17:00:00,23.25,90.0,293.6119,298.44464,20.461900000000014,25.294640000000015
2017-04-10 17:00:00,23.0,85.5,286.40305,290.36597,13.25305000000003,17.215970000000027
2017-04-10 17:00:00,23.0,85.75,287.02728,291.5475,13.877280000000042,18.397500000000036
2017-04-10 17:00:00,23.0,86.0,287.02728,291.5475,13.877280000000042,18.397500000000036
2017-04-10 17:00:00,23.0,86.25,287.7424,293.4758,14.592399999999998,20.325800000000015
2017-04-10 17:00:00,23.0,86.5,288.5385,296.594,15.388500000000022,23.444000000000017
2017-04-10 17:00:00,23.0,86.75,290.01166,298.47086,16.86166000000003,25.32086000000004
2017-04-10 17:00:00,23.0,87.0,291.33426,297.78513,18.184259999999995,24.635130000000004
2017-04-10 17:00:00,23.0,87.25,292.6172,298.04172,19.467200000000048,24.89172000000002
2017-04-10 17:00:00,23.0,87.5,293.31064,298.78806,20.16064,25.638059999999996
2017-04-10 17:00:00,23.0,87.75,293.60016,299.34518,20.45016000000004,26.19518000000005
2017-04-10 17:00:00,23.0,88.0,293.8622,299.79956,20.712199999999996,26.649560000000008
2017-04-10 17:00:00,23.0,88.25,293.8622,299.79956,20.712199999999996,26.649560000000008
2017-04-10 17:00:00,23.0,88.5,294.1882,300.12915,21.038200000000018,26.979150000000004
2017-04-10 17:00:00,23.0,88.75,294.52756,300.35754,21.377560000000017,27.207539999999995
2017-04-10 17:00:00,23.0,89.0,294.5705,300.28998,21.420500000000004,27.139980000000037
2017-04-10 17:00:00,23.0,89.25,294.59637,300.4369,21.44637,27.286900000000003
2017-04-10 17:00:00,23.0,89.5,294.46555,300.48096,21.31555000000003,27.330960000000005
2017-04-10 17:00:00,23.0,89.75,294.15695,300.17746,21.006950000000018,27.02746000000002
2017-04-10 17:00:00,23.0,90.0,293.84467,299.70737,20.69467000000003,26.55737000000005
2017-04-10 17:00:00,22.75,85.5,286.7907,291.6389,13.640700000000038,18.4889
2017-04-10 17:00:00,22.75,85.75,288.34338,294.55716,15.193380000000047,21.407160000000033
2017-04-10 17:00:00,22.75,86.0,288.34338,294.55716,15.193380000000047,21.407160000000033
2017-04-10 17:00:00,22.75,86.25,290.1888,297.4597,17.038800000000037,24.30970000000002
2017-04-10 17:00:00,22.75,86.5,291.51752,300.21442,18.367520000000013,27.06442000000004
2017-04-10 17:00:00,22.75,86.75,293.1029,300.4581,19.9529,27.308100000000024
2017-04-10 17:00:00,22.75,87.0,294.2639,300.9586,21.1139,27.808600000000013
2017-04-10 17:00:00,22.75,87.25,294.6929,300.79285,21.54290000000003,27.64285000000001
2017-04-10 17:00:00,22.75,87.5,294.65198,300.3039,21.501980000000003,27.15390000000002
2017-04-10 17:00:00,22.75,87.75,294.65085,299.9748,21.500850000000014,26.82480000000004
2017-04-10 17:00:00,22.75,88.0,294.86496,300.0153,21.71496000000002,26.865300000000047
2017-04-10 17:00:00,22.75,88.25,294.86496,300.0153,21.71496000000002,26.865300000000047
2017-04-10 17:00:00,22.75,88.5,295.18314,300.31665,22.033140000000003,27.166650000000004
2017-04-10 17:00:00,22.75,88.75,295.4186,300.6468,22.26860000000005,27.496800000000007
2017-04-10 17:00:00,22.75,89.0,295.652,300.99954,22.50200000000001,27.849540000000047
2017-04-10 17:00:00,22.75,89.25,295.7218,301.2518,22.571799999999996,28.101800000000026
2017-04-10 17:00:00,22.75,89.5,295.23007,300.98196,22.080070000000035,27.831960000000038
2017-04-10 17:00:00,22.75,89.75,294.59445,300.3976,21.444450000000018,27.247600000000034
2017-04-10 17:00:00,22.75,90.0,294.5549,300.3152,21.404899999999998,27.165200000000027
2017-04-10 17:00:00,22.5,85.5,286.7907,291.6389,13.640700000000038,18.4889
2017-04-10 17:00:00,22.5,85.75,288.34338,294.55716,15.193380000000047,21.407160000000033
2017-04-10 17:00:00,22.5,86.0,288.34338,294.55716,15.193380000000047,21.407160000000033
2017-04-10 17:00:00,22.5,86.25,290.1888,297.4597,17.038800000000037,24.30970000000002
2017-04-10 17:00:00,22.5,86.5,291.51752,300.21442,18.367520000000013,27.06442000000004
2017-04-10 17:00:00,22.5,86.75,293.1029,300.4581,19.9529,27.308100000000024
2017-04-10 17:00:00,22.5,87.0,294.2639,300.9586,21.1139,27.808600000000013
2017-04-10 17:00:00,22.5,87.25,294.6929,300.79285,21.54290000000003,27.64285000000001
2017-04-10 17:00:00,22.5,87.5,294.65198,300.3039,21.501980000000003,27.15390000000002
2017-04-10 17:00:00,22.5,87.75,294.65085,299.9748,21.500850000000014,26.82480000000004
2017-04-10 17:00:00,22.5,88.0,294.86496,300.0153,21.71496000000002,26.865300000000047
2017-04-10 17:00:00,22.5,88.25,294.86496,300.0153,21.71496000000002,26.865300000000047
2017-04-10 17:00:00,22.5,88.5,295.18314,300.31665,22.033140000000003,27.166650000000004
2017-04-10 17:00:00,22.5,88.75,295.4186,300.6468,22.26860000000005,27.496800000000007
2017-04-10 17:00:00,22.5,89.0,295.652,300.99954,22.50200000000001,27.849540000000047
2017-04-10 17:00:00,22.5,89.25,295.7218,301.2518,22.571799999999996,28.101800000000026
2017-04-10 17:00:00,22.5,89.5,295.23007,300.98196,22.080070000000035,27.831960000000038
2017-04-10 17:00:00,22.5,89.75,294.59445,300.3976,21.444450000000018,27.247600000000034
2017-04-10 17:00:00,22.5,90.0,294.5549,300.3152,21.404899999999998,27.165200000000027
2017-04-10 17:00:00,22.25,85.5,288.08685,297.00586,14.93685000000005,23.855860000000007
2017-04-10 17:00:00,22.25,85.75,289.9433,298.651,16.793300000000045,25.501000000000033
2017-04-10 17:00:00,22.25,86.0,289.9433,298.651,16.793300000000045,25.501000000000033
2017-04-10 17:00:00,22.25,86.25,292.3847,299.05527,19.234700000000032,25.90527000000003
2017-04-10 17:00:00,22.25,86.5,292.82596,299.32755,19.675960000000032,26.177549999999997
2017-04-10 17:00:00,22.25,86.75,294.3811,300.7436,21.231100000000026,27.593600000000038
2017-04-10 17:00:00,22.25,87.0,294.6499,300.35944,21.499900000000025,27.20944000000003
2017-04-10 17:00:00,22.25,87.25,294.84244,300.0057,21.692440000000033,26.855700000000013
2017-04-10 17:00:00,22.25,87.5,294.81436,299.99603,21.664360000000045,26.84603000000004
2017-04-10 17:00:00,22.25,87.75,294.9223,300.3034,21.77230000000003,27.153400000000033
2017-04-10 17:00:00,22.25,88.0,294.8554,300.2793,21.705399999999997,27.1293
2017-04-10 17:00:00,22.25,88.25,294.8554,300.2793,21.705399999999997,27.1293
2017-04-10 17:00:00,22.25,88.5,294.83423,300.2692,21.684230000000014,27.119200000000035
2017-04-10 17:00:00,22.25,88.75,295.08472,300.45602,21.934720000000027,27.306020000000046
2017-04-10 17:00:00,22.25,89.0,295.50687,300.67847,22.356870000000015,27.528470000000027
2017-04-10 17:00:00,22.25,89.25,295.48035,300.77716,22.33035000000001,27.627160000000003
2017-04-10 17:00:00,22.25,89.5,295.0016,300.6755,21.85160000000002,27.525500000000022
2017-04-10 17:00:00,22.25,89.75,294.88632,300.54883,21.736320000000035,27.398830000000032
2017-04-10 17:00:00,22.25,90.0,294.72504,300.43857,21.57504,27.28857000000005
2017-04-10 17:00:00,22.0,85.5,287.03497,291.34875,13.88497000000001,18.198750000000018
2017-04-10 17:00:00,22.0,85.75,290.27518,296.91055,17.12518,23.760550000000023
2017-04-10 17:00:00,22.0,86.0,290.27518,296.91055,17.12518,23.760550000000023
2017-04-10 17:00:00,22.0,86.25,292.61346,298.73914,19.463459999999998,25.589140000000043
2017-04-10 17:00:00,22.0,86.5,293.41663,299.94934,20.26663000000002,26.79934000000003
2017-04-10 17:00:00,22.0,86.75,295.30594,301.49698,22.155940000000044,28.34698000000003
2017-04-10 17:00:00,22.0,87.0,294.99777,300.46213,21.847770000000025,27.312130000000025
2017-04-10 17:00:00,22.0,87.25,294.7993,300.17572,21.64930000000004,27.025720000000035
2017-04-10 17:00:00,22.0,87.5,294.72,300.1563,21.57000000000005,27.00630000000001
2017-04-10 17:00:00,22.0,87.75,294.76874,299.97226,21.618740000000003,26.82226000000003
2017-04-10 17:00:00,22.0,88.0,294.80862,300.17813,21.65862000000004,27.028130000000033
2017-04-10 17:00:00,22.0,88.25,294.80862,300.17813,21.65862000000004,27.028130000000033
2017-04-10 17:00:00,22.0,88.5,294.82916,300.11728,21.679160000000024,26.967280000000017
2017-04-10 17:00:00,22.0,88.75,294.9479,300.11722,21.797900000000027,26.967219999999998
2017-04-10 17:00:00,22.0,89.0,295.12195,300.43835,21.97195000000005,27.288350000000037
2017-04-10 17:00:00,22.0,89.25,295.2482,300.47522,22.09820000000002,27.32522
2017-04-10 17:00:00,22.0,89.5,295.28796,300.33298,22.13796000000002,27.182980000000043
2017-04-10 17:00:00,22.0,89.75,295.31174,300.4222,22.16174000000001,27.272199999999998
2017-04-10 17:00:00,22.0,90.0,295.45926,300.60654,22.309259999999995,27.456540000000018
2017-04-10 17:00:00,21.75,85.5,289.57465,296.81372,16.424650000000042,23.663720000000012
2017-04-10 17:00:00,21.75,85.75,291.9244,297.56693,18.774400000000014,24.416930000000036
2017-04-10 17:00:00,21.75,86.0,291.9244,297.56693,18.774400000000014,24.416930000000036
2017-04-10 17:00:00,21.75,86.25,293.01352,298.12747,19.86352000000005,24.97747000000004
2017-04-10 17:00:00,21.75,86.5,293.93695,299.19724,20.786950000000047,26.047240000000045
2017-04-10 17:00:00,21.75,86.75,295.76724,301.4896,22.617240000000038,28.33960000000002
2017-04-10 17:00:00,21.75,87.0,295.57236,300.45596,22.422360000000026,27.305960000000027
2017-04-10 17:00:00,21.75,87.25,295.32614,300.01166,22.176140000000032,26.86166000000003
2017-04-10 17:00:00,21.75,87.5,295.16315,299.83597,22.013149999999996,26.685969999999998
2017-04-10 17:00:00,21.75,87.75,295.61655,299.37726,22.46655000000004,26.22726
2017-04-10 17:00:00,21.75,88.0,295.48822,299.4571,22.338220000000035,26.307100000000048
2017-04-10 17:00:00,21.75,88.25,295.48822,299.4571,22.338220000000035,26.307100000000048
2017-04-10 17:00:00,21.75,88.5,295.5033,299.22186,22.353300000000047,26.071860000000015
2017-04-10 17:00:00,21.75,88.75,295.53952,299.2766,22.389520000000005,26.126599999999996
2017-04-10 17:00:00,21.75,89.0,295.24475,299.62946,22.094750000000033,26.479460000000017
2017-04-10 17:00:00,21.75,89.25,295.46497,299.29337,22.314970000000017,26.143370000000004
2017-04-10 17:00:00,21.75,89.5,296.01712,298.8121,22.86712,25.66210000000001
2017-04-10 17:00:00,21.75,89.75,296.06308,298.71915,22.913080000000036,25.569150000000036
2017-04-10 17:00:00,21.75,90.0,296.09464,298.77505,22.94464000000005,25.625050000000044
2017-04-10 17:00:00,21.5,85.5,291.45822,297.2501,18.308220000000006,24.100099999999998
2017-04-10 17:00:00,21.5,85.75,293.15555,299.43884,20.005550000000028,26.28884000000005
2017-04-10 17:00:00,21.5,86.0,293.15555,299.43884,20.005550000000028,26.28884000000005
2017-04-10 17:00:00,21.5,86.25,294.34634,300.1229,21.19634000000002,26.97290000000004
2017-04-10 17:00:00,21.5,86.5,295.35,301.75702,22.200000000000045,28.607020000000034
2017-04-10 17:00:00,21.5,86.75,296.6335,302.33847,23.48350000000005,29.188469999999995
2017-04-10 17:00:00,21.5,87.0,296.8705,300.07495,23.720500000000015,26.924950000000024
2017-04-10 17:00:00,21.5,87.25,296.75162,298.97168,23.601620000000025,25.821680000000015
2017-04-10 17:00:00,21.5,87.5,296.5293,298.68045,23.3793,25.53045000000003
2017-04-10 17:00:00,21.5,87.75,296.33963,298.48703,23.189630000000022,25.337030000000027
2017-04-10 17:00:00,21.5,88.0,296.23444,298.37646,23.08444000000003,25.22646000000003
2017-04-10 17:00:00,21.5,88.25,296.23444,298.37646,23.08444000000003,25.22646000000003
2017-04-10 17:00:00,21.5,88.5,296.18533,298.26752,23.035330000000044,25.117520000000013
2017-04-10 17:00:00,21.5,88.75,296.17715,298.29498,23.027150000000006,25.144980000000032
2017-04-10 17:00:00,21.5,89.0,296.15762,298.4951,23.00762000000003,25.345100000000002
2017-04-10 17:00:00,21.5,89.25,296.0983,298.56512,22.948300000000017,25.41512
2017-04-10 17:00:00,21.5,89.5,296.08008,298.529,22.930080000000032,25.37900000000002
2017-04-10 17:00:00,21.5,89.75,296.10318,298.6073,22.95318000000003,25.457300000000032
2017-04-10 17:00:00,21.5,90.0,296.04745,298.61084,22.89745000000005,25.46084000000002
2017-04-10 17:00:00,21.25,85.5,293.90125,299.90448,20.751250000000027,26.75448
2017-04-10 17:00:00,21.25,85.75,294.69608,301.39,21.546080000000018,28.24000000000001
2017-04-10 17:00:00,21.25,86.0,294.69608,301.39,21.546080000000018,28.24000000000001
2017-04-10 17:00:00,21.25,86.25,295.94742,302.3545,22.797420000000045,29.204499999999996
2017-04-10 17:00:00,21.25,86.5,296.17688,302.57175,23.026880000000006,29.42175000000003
2017-04-10 17:00:00,21.25,86.75,297.16104,301.42822,24.011040000000037,28.278220000000033
2017-04-10 17:00:00,21.25,87.0,296.97964,299.2874,23.82964000000004,26.137400000000014
2017-04-10 17:00:00,21.25,87.25,296.76297,298.4281,23.61297000000002,25.278099999999995
2017-04-10 17:00:00,21.25,87.5,296.59253,298.3022,23.442530000000033,25.15220000000005
2017-04-10 17:00:00,21.25,87.75,296.46497,298.26477,23.314970000000017,25.11477000000002
2017-04-10 17:00:00,21.25,88.0,296.38193,298.20166,23.231930000000034,25.051660000000027
2017-04-10 17:00:00,21.25,88.25,296.38193,298.20166,23.231930000000034,25.051660000000027
2017-04-10 17:00:00,21.25,88.5,296.29785,298.16455,23.147850000000005,25.014550000000042
2017-04-10 17:00:00,21.25,88.75,296.23386,298.13208,23.083860000000016,24.982079999999996
2017-04-10 17:00:00,21.25,89.0,296.20282,298.13828,23.052819999999997,24.98828000000003
2017-04-10 17:00:00,21.25,89.25,296.17322,298.28912,23.023220000000038,25.139120000000048
2017-04-10 17:00:00,21.25,89.5,296.17056,298.5035,23.020560000000046,25.353499999999997
2017-04-10 17:00:00,21.25,89.75,296.1664,298.60373,23.016400000000033,25.453730000000007
2017-04-10 17:00:00,21.25,90.0,296.0346,298.63,22.884600000000034,25.480000000000018
2017-04-10 17:00:00,21.0,85.5,295.31726,300.73364,22.16726,27.583640000000003
2017-04-10 17:00:00,21.0,85.75,295.74405,301.43842,22.59405000000004,28.28842000000003
2017-04-10 17:00:00,21.0,86.0,295.74405,301.43842,22.59405000000004,28.28842000000003
2017-04-10 17:00:00,21.0,86.25,296.12155,301.30933,22.971550000000036,28.15933000000001
2017-04-10 17:00:00,21.0,86.5,296.04022,300.63196,22.89022,27.481960000000015
2017-04-10 17:00:00,21.0,86.75,296.77197,299.76462,23.621970000000033,26.614620000000002
2017-04-10 17:00:00,21.0,87.0,296.6076,298.62167,23.457600000000014,25.471670000000017
2017-04-10 17:00:00,21.0,87.25,296.50522,298.11926,23.35522000000003,24.96926000000002
2017-04-10 17:00:00,21.0,87.5,296.5409,298.1068,23.390900000000045,24.956800000000044
2017-04-10 17:00:00,21.0,87.75,296.5198,298.06683,23.369799999999998,24.916830000000004
2017-04-10 17:00:00,21.0,88.0,296.40387,298.01938,23.253870000000006,24.869380000000035
2017-04-10 17:00:00,21.0,88.25,296.40387,298.01938,23.253870000000006,24.869380000000035
2017-04-10 17:00:00,21.0,88.5,296.2623,297.98508,23.112300000000005,24.835080000000005
2017-04-10 17:00:00,21.0,88.75,296.19287,298.03793,23.04287000000005,24.88793000000004
2017-04-10 17:00:00,21.0,89.0,296.20233,298.21436,23.05233000000004,25.064360000000022
2017-04-10 17:00:00,21.0,89.25,296.20944,298.4081,23.059439999999995,25.258100000000013
2017-04-10 17:00:00,21.0,89.5,296.18042,298.49146,23.03042000000005,25.34146000000004
2017-04-10 17:00:00,21.0,89.75,296.11713,298.47552,22.967129999999997,25.32552000000004
2017-04-10 17:00:00,21.0,90.0,295.99664,298.52194,22.846640000000036,25.371939999999995
2017-04-10 18:00:00,27.5,85.5,279.8178,285.33804,6.6678,12.18804
2017-04-10 18:00:00,27.5,85.75,277.64,285.30975,4.490000000000009,12.159750000000031
2017-04-10 18:00:00,27.5,86.0,277.64,285.30975,4.490000000000009,12.159750000000031
2017-04-10 18:00:00,27.5,86.25,275.56448,282.32642,2.414480000000026,9.176420000000007
2017-04-10 18:00:00,27.5,86.5,272.50894,281.2734,-0.6410599999999818,8.123400000000004
2017-04-10 18:00:00,27.5,86.75,268.76566,280.1947,-4.384339999999952,7.044700000000034
2017-04-10 18:00:00,27.5,87.0,266.40326,279.05606,-6.746739999999988,5.906060000000025
2017-04-10 18:00:00,27.5,87.25,265.58047,278.19412,-7.569529999999986,5.044120000000021
2017-04-10 18:00:00,27.5,87.5,265.35828,277.7342,-7.791719999999998,4.58420000000001
2017-04-10 18:00:00,27.5,87.75,266.0643,276.46808,-7.085699999999974,3.318080000000009
2017-04-10 18:00:00,27.5,88.0,269.36935,276.8247,-3.78064999999998,3.67470000000003
2017-04-10 18:00:00,27.5,88.25,269.36935,276.8247,-3.78064999999998,3.67470000000003
2017-04-10 18:00:00,27.5,88.5,274.1681,279.57605,1.018100000000004,6.426050000000032
2017-04-10 18:00:00,27.5,88.75,275.0615,278.71225,1.9115000000000464,5.562250000000006
2017-04-10 18:00:00,27.5,89.0,269.87216,272.1328,-3.2778399999999692,-1.0172000000000025
2017-04-10 18:00:00,27.5,89.25,266.16583,268.39102,-6.984169999999949,-4.758979999999951
2017-04-10 18:00:00,27.5,89.5,269.9931,273.78174,-3.1568999999999505,0.6317400000000362
2017-04-10 18:00:00,27.5,89.75,274.9265,277.5722,1.7764999999999986,4.422200000000032
2017-04-10 18:00:00,27.5,90.0,279.3776,281.64154,6.227599999999995,8.491540000000043
2017-04-10 18:00:00,27.25,85.5,284.2941,289.3608,11.144100000000037,16.210800000000006
2017-04-10 18:00:00,27.25,85.75,282.3247,285.91473,9.17470000000003,12.764730000000043
2017-04-10 18:00:00,27.25,86.0,282.3247,285.91473,9.17470000000003,12.764730000000043
2017-04-10 18:00:00,27.25,86.25,280.74002,287.4055,7.590020000000038,14.25550000000004
2017-04-10 18:00:00,27.25,86.5,277.79712,287.14868,4.6471200000000294,13.998680000000036
2017-04-10 18:00:00,27.25,86.75,276.03293,283.03177,2.8829300000000444,9.881770000000017
2017-04-10 18:00:00,27.25,87.0,273.8128,280.35556,0.6628000000000043,7.205560000000048
2017-04-10 18:00:00,27.25,87.25,272.49887,280.98056,-0.6511299999999665,7.830560000000048
2017-04-10 18:00:00,27.25,87.5,272.15994,281.8743,-0.9900599999999713,8.724300000000028
2017-04-10 18:00:00,27.25,87.75,272.23477,281.40503,-0.9152299999999514,8.255030000000033
2017-04-10 18:00:00,27.25,88.0,273.80676,280.86264,0.6567600000000198,7.712640000000022
2017-04-10 18:00:00,27.25,88.25,273.80676,280.86264,0.6567600000000198,7.712640000000022
2017-04-10 18:00:00,27.25,88.5,277.14856,282.6489,3.9985599999999977,9.498900000000049
2017-04-10 18:00:00,27.25,88.75,278.6961,283.83453,5.546100000000024,10.684529999999995
2017-04-10 18:00:00,27.25,89.0,275.41296,279.66318,2.262960000000021,6.513180000000034
2017-04-10 18:00:00,27.25,89.25,271.78506,278.35754,-1.36493999999999,5.2075399999999945
2017-04-10 18:00:00,27.25,89.5,273.18555,278.45053,0.03555000000000064,5.3005300000000375
2017-04-10 18:00:00,27.25,89.75,275.13898,278.52103,1.9889800000000264,5.371030000000019
2017-04-10 18:00:00,27.25,90.0,278.62506,283.07614,5.475060000000042,9.926140000000032
2017-04-10 18:00:00,27.0,85.5,284.2941,289.3608,11.144100000000037,16.210800000000006
2017-04-10 18:00:00,27.0,85.75,282.3247,285.91473,9.17470000000003,12.764730000000043
2017-04-10 18:00:00,27.0,86.0,282.3247,285.91473,9.17470000000003,12.764730000000043
2017-04-10 18:00:00,27.0,86.25,280.74002,287.4055,7.590020000000038,14.25550000000004
2017-04-10 18:00:00,27.0,86.5,277.79712,287.14868,4.6471200000000294,13.998680000000036
2017-04-10 18:00:00,27.0,86.75,276.03293,283.03177,2.8829300000000444,9.881770000000017
2017-04-10 18:00:00,27.0,87.0,273.8128,280.35556,0.6628000000000043,7.205560000000048
2017-04-10 18:00:00,27.0,87.25,272.49887,280.98056,-0.6511299999999665,7.830560000000048
2017-04-10 18:00:00,27.0,87.5,272.15994,281.8743,-0.9900599999999713,8.724300000000028
2017-04-10 18:00:00,27.0,87.75,272.23477,281.40503,-0.9152299999999514,8.255030000000033
2017-04-10 18:00:00,27.0,88.0,273.80676,280.86264,0.6567600000000198,7.712640000000022
2017-04-10 18:00:00,27.0,88.25,273.80676,280.86264,0.6567600000000198,7.712640000000022
2017-04-10 18:00:00,27.0,88.5,277.14856,282.6489,3.9985599999999977,9.498900000000049
2017-04-10 18:00:00,27.0,88.75,278.6961,283.83453,5.546100000000024,10.684529999999995
2017-04-10 18:00:00,27.0,89.0,275.41296,279.66318,2.262960000000021,6.513180000000034
2017-04-10 18:00:00,27.0,89.25,271.78506,278.35754,-1.36493999999999,5.2075399999999945
2017-04-10 18:00:00,27.0,89.5,273.18555,278.45053,0.03555000000000064,5.3005300000000375
2017-04-10 18:00:00,27.0,89.75,275.13898,278.52103,1.9889800000000264,5.371030000000019
2017-04-10 18:00:00,27.0,90.0,278.62506,283.07614,5.475060000000042,9.926140000000032
2017-04-10 18:00:00,26.75,85.5,285.86563,290.20944,12.715630000000033,17.059439999999995
2017-04-10 18:00:00,26.75,85.75,285.1003,289.9706,11.950300000000027,16.820600000000013
2017-04-10 18:00:00,26.75,86.0,285.1003,289.9706,11.950300000000027,16.820600000000013
2017-04-10 18:00:00,26.75,86.25,283.97855,288.5359,10.828550000000007,15.38590000000005
2017-04-10 18:00:00,26.75,86.5,282.3271,286.99216,9.177099999999996,13.842160000000035
2017-04-10 18:00:00,26.75,86.75,281.1332,286.3676,7.983200000000011,13.217600000000004
2017-04-10 18:00:00,26.75,87.0,279.72656,285.7764,6.576560000000029,12.626400000000046
2017-04-10 18:00:00,26.75,87.25,278.3935,285.05942,5.24350000000004,11.909420000000011
2017-04-10 18:00:00,26.75,87.5,277.71497,285.1167,4.564970000000017,11.966700000000003
2017-04-10 18:00:00,26.75,87.75,277.53653,284.77957,4.38653000000005,11.629570000000001
2017-04-10 18:00:00,26.75,88.0,278.31638,285.04153,5.166380000000004,11.891530000000046
2017-04-10 18:00:00,26.75,88.25,278.31638,285.04153,5.166380000000004,11.891530000000046
2017-04-10 18:00:00,26.75,88.5,280.36203,286.8629,7.212030000000027,13.712900000000047
2017-04-10 18:00:00,26.75,88.75,282.04144,287.7548,8.891440000000046,14.604800000000012
2017-04-10 18:00:00,26.75,89.0,281.8464,287.11212,8.69640000000004,13.962120000000027
2017-04-10 18:00:00,26.75,89.25,281.12396,286.89767,7.973960000000034,13.747670000000028
2017-04-10 18:00:00,26.75,89.5,280.82996,286.50327,7.679960000000051,13.353270000000009
2017-04-10 18:00:00,26.75,89.75,280.15024,285.6741,7.000240000000019,12.524100000000033
2017-04-10 18:00:00,26.75,90.0,282.60324,287.8169,9.45324000000005,14.666899999999998
2017-04-10 18:00:00,26.5,85.5,286.51187,290.33047,13.36187000000001,17.180470000000014
2017-04-10 18:00:00,26.5,85.75,286.38837,290.11682,13.238370000000032,16.96682000000004
2017-04-10 18:00:00,26.5,86.0,286.38837,290.11682,13.238370000000032,16.96682000000004
2017-04-10 18:00:00,26.5,86.25,285.1023,289.4208,11.952300000000037,16.27080000000001
2017-04-10 18:00:00,26.5,86.5,284.6943,289.18903,11.544300000000021,16.039030000000025
2017-04-10 18:00:00,26.5,86.75,284.0799,288.46265,10.929900000000032,15.31265000000002
2017-04-10 18:00:00,26.5,87.0,281.7786,285.94406,8.628600000000006,12.794060000000002
2017-04-10 18:00:00,26.5,87.25,280.90344,289.2145,7.753440000000012,16.06450000000001
2017-04-10 18:00:00,26.5,87.5,280.78607,289.1079,7.636070000000018,15.957899999999995
2017-04-10 18:00:00,26.5,87.75,280.91382,286.35242,7.76382000000001,13.202420000000018
2017-04-10 18:00:00,26.5,88.0,281.6449,286.8332,8.49490000000003,13.6832
2017-04-10 18:00:00,26.5,88.25,281.6449,286.8332,8.49490000000003,13.6832
2017-04-10 18:00:00,26.5,88.5,282.44867,288.53024,9.298670000000016,15.380240000000015
2017-04-10 18:00:00,26.5,88.75,282.7054,289.38126,9.55540000000002,16.23126000000002
2017-04-10 18:00:00,26.5,89.0,282.4294,290.71268,9.27940000000001,17.56268
2017-04-10 18:00:00,26.5,89.25,282.45816,291.20435,9.308160000000044,18.05435
2017-04-10 18:00:00,26.5,89.5,284.18817,289.36786,11.038170000000036,16.21786000000003
2017-04-10 18:00:00,26.5,89.75,284.6264,288.71838,11.476400000000012,15.568380000000047
2017-04-10 18:00:00,26.5,90.0,285.20398,288.93912,12.053980000000024,15.789120000000025
2017-04-10 18:00:00,26.25,85.5,285.59512,289.56415,12.445120000000031,16.414150000000006
2017-04-10 18:00:00,26.25,85.75,285.67395,289.76685,12.523950000000013,16.61685
2017-04-10 18:00:00,26.25,86.0,285.67395,289.76685,12.523950000000013,16.61685
2017-04-10 18:00:00,26.25,86.25,285.57178,289.54526,12.421780000000012,16.395260000000007
2017-04-10 18:00:00,26.25,86.5,285.00125,289.24536,11.85125000000005,16.095360000000028
2017-04-10 18:00:00,26.25,86.75,284.84006,288.83118,11.690060000000017,15.68118000000004
2017-04-10 18:00:00,26.25,87.0,284.55795,288.20538,11.407950000000028,15.055380000000014
2017-04-10 18:00:00,26.25,87.25,283.95538,288.1183,10.805380000000014,14.9683
2017-04-10 18:00:00,26.25,87.5,283.4786,287.97412,10.328599999999994,14.82412000000005
2017-04-10 18:00:00,26.25,87.75,282.45316,287.74683,9.303160000000048,14.596830000000011
2017-04-10 18:00:00,26.25,88.0,281.76566,289.13858,8.615660000000048,15.988580000000013
2017-04-10 18:00:00,26.25,88.25,281.76566,289.13858,8.615660000000048,15.988580000000013
2017-04-10 18:00:00,26.25,88.5,282.30106,290.67532,9.15106000000003,17.525320000000022
2017-04-10 18:00:00,26.25,88.75,282.81998,290.15894,9.66998000000001,17.008939999999996
2017-04-10 18:00:00,26.25,89.0,282.95462,290.50772,9.80462,17.35772000000003
2017-04-10 18:00:00,26.25,89.25,283.2585,290.78723,10.10850000000005,17.637230000000045
2017-04-10 18:00:00,26.25,89.5,283.97913,288.07623,10.82913000000002,14.926230000000032
2017-04-10 18:00:00,26.25,89.75,285.02094,290.90878,11.870940000000019,17.75878
2017-04-10 18:00:00,26.25,90.0,285.96707,291.75223,12.817070000000001,18.60223000000002
2017-04-10 18:00:00,26.0,85.5,285.39215,289.60254,12.242150000000038,16.45254
2017-04-10 18:00:00,26.0,85.75,285.5122,289.41907,12.36220000000003,16.26907
2017-04-10 18:00:00,26.0,86.0,285.5122,289.41907,12.36220000000003,16.26907
2017-04-10 18:00:00,26.0,86.25,285.30188,289.31036,12.151880000000006,16.160360000000026
2017-04-10 18:00:00,26.0,86.5,285.29675,289.08386,12.146749999999997,15.933860000000038
2017-04-10 18:00:00,26.0,86.75,284.95764,288.99237,11.807640000000049,15.842370000000017
2017-04-10 18:00:00,26.0,87.0,284.79477,288.65952,11.644770000000051,15.509520000000009
2017-04-10 18:00:00,26.0,87.25,284.73697,288.3908,11.586970000000008,15.240800000000036
2017-04-10 18:00:00,26.0,87.5,284.94504,288.5512,11.795040000000029,15.401200000000017
2017-04-10 18:00:00,26.0,87.75,285.25458,288.81546,12.104579999999999,15.665459999999996
2017-04-10 18:00:00,26.0,88.0,285.21097,289.0511,12.060969999999998,15.901100000000042
2017-04-10 18:00:00,26.0,88.25,285.21097,289.0511,12.060969999999998,15.901100000000042
2017-04-10 18:00:00,26.0,88.5,284.54,288.43536,11.390000000000043,15.285360000000026
2017-04-10 18:00:00,26.0,88.75,283.41458,286.6185,10.264580000000024,13.468500000000006
2017-04-10 18:00:00,26.0,89.0,282.63705,286.0897,9.48705000000001,12.939700000000016
2017-04-10 18:00:00,26.0,89.25,282.88095,287.39792,9.730950000000007,14.247920000000022
2017-04-10 18:00:00,26.0,89.5,283.3749,287.285,10.224900000000048,14.135000000000048
2017-04-10 18:00:00,26.0,89.75,285.008,290.79532,11.858000000000004,17.645320000000027
2017-04-10 18:00:00,26.0,90.0,285.74725,288.58505,12.597250000000031,15.435050000000047
2017-04-10 18:00:00,25.75,85.5,284.9985,289.3607,11.848500000000001,16.21070000000003
2017-04-10 18:00:00,25.75,85.75,284.8595,289.2367,11.709500000000048,16.086700000000008
2017-04-10 18:00:00,25.75,86.0,284.8595,289.2367,11.709500000000048,16.086700000000008
2017-04-10 18:00:00,25.75,86.25,285.02438,289.1016,11.87438000000003,15.951600000000042
2017-04-10 18:00:00,25.75,86.5,285.07745,289.0283,11.927450000000022,15.878300000000024
2017-04-10 18:00:00,25.75,86.75,285.1841,288.89185,12.034100000000024,15.74185
2017-04-10 18:00:00,25.75,87.0,285.2413,289.01767,12.091300000000047,15.867670000000032
2017-04-10 18:00:00,25.75,87.25,285.14386,288.9338,11.99386000000004,15.783800000000042
2017-04-10 18:00:00,25.75,87.5,284.83426,288.66168,11.684259999999995,15.511680000000013
2017-04-10 18:00:00,25.75,87.75,284.70596,288.55438,11.555960000000027,15.404380000000003
2017-04-10 18:00:00,25.75,88.0,284.82288,288.69803,11.67288000000002,15.54803000000004
2017-04-10 18:00:00,25.75,88.25,284.82288,288.69803,11.67288000000002,15.54803000000004
2017-04-10 18:00:00,25.75,88.5,284.8852,288.87332,11.73520000000002,15.723320000000001
2017-04-10 18:00:00,25.75,88.75,284.74747,288.86517,11.597470000000044,15.71517
2017-04-10 18:00:00,25.75,89.0,284.29724,288.52213,11.14724000000001,15.372130000000027
2017-04-10 18:00:00,25.75,89.25,283.57687,287.51923,10.426870000000008,14.369230000000016
2017-04-10 18:00:00,25.75,89.5,283.11438,286.8112,9.964380000000006,13.661200000000008
2017-04-10 18:00:00,25.75,89.75,285.63733,292.26492,12.487330000000043,19.11492000000004
2017-04-10 18:00:00,25.75,90.0,286.5735,290.99234,13.423500000000047,17.842340000000036
2017-04-10 18:00:00,25.5,85.5,284.94092,289.17258,11.790920000000028,16.022580000000005
2017-04-10 18:00:00,25.5,85.75,285.033,289.29874,11.883000000000038,16.148740000000032
2017-04-10 18:00:00,25.5,86.0,285.033,289.29874,11.883000000000038,16.148740000000032
2017-04-10 18:00:00,25.5,86.25,285.18484,289.20178,12.034840000000031,16.051780000000008
2017-04-10 18:00:00,25.5,86.5,285.32364,289.5599,12.173640000000034,16.40990000000005
2017-04-10 18:00:00,25.5,86.75,285.29706,289.70523,12.14706000000001,16.555229999999995
2017-04-10 18:00:00,25.5,87.0,284.95453,289.61264,11.80453,16.46264000000002
2017-04-10 18:00:00,25.5,87.25,284.8038,289.3879,11.653800000000047,16.237900000000025
2017-04-10 18:00:00,25.5,87.5,285.05563,289.47443,11.90563000000003,16.324430000000007
2017-04-10 18:00:00,25.5,87.75,285.28925,289.71436,12.139250000000004,16.564360000000022
2017-04-10 18:00:00,25.5,88.0,285.26868,289.7743,12.11868000000004,16.624300000000005
2017-04-10 18:00:00,25.5,88.25,285.26868,289.7743,12.11868000000004,16.624300000000005
2017-04-10 18:00:00,25.5,88.5,285.18445,289.65042,12.03445000000005,16.50042000000002
2017-04-10 18:00:00,25.5,88.75,285.03574,289.46518,11.885739999999998,16.315179999999998
2017-04-10 18:00:00,25.5,89.0,284.53848,289.09564,11.388480000000015,15.945640000000026
2017-04-10 18:00:00,25.5,89.25,283.71808,288.15167,10.568080000000009,15.001670000000047
2017-04-10 18:00:00,25.5,89.5,283.25574,288.22488,10.105740000000026,15.074880000000007
2017-04-10 18:00:00,25.5,89.75,285.76413,292.98135,12.614130000000046,19.831350000000043
2017-04-10 18:00:00,25.5,90.0,286.37012,291.9999,13.220120000000009,18.849900000000048
2017-04-10 18:00:00,25.25,85.5,285.32806,289.3298,12.178060000000016,16.1798
2017-04-10 18:00:00,25.25,85.75,285.08337,289.52478,11.933370000000025,16.374780000000044
2017-04-10 18:00:00,25.25,86.0,285.08337,289.52478,11.933370000000025,16.374780000000044
2017-04-10 18:00:00,25.25,86.25,285.05963,289.79794,11.90963000000005,16.647940000000006
2017-04-10 18:00:00,25.25,86.5,285.47742,290.20328,12.327420000000018,17.05328000000003
2017-04-10 18:00:00,25.25,86.75,285.39337,290.18506,12.243370000000027,17.035060000000044
2017-04-10 18:00:00,25.25,87.0,285.13565,290.04623,11.985650000000021,16.896230000000003
2017-04-10 18:00:00,25.25,87.25,285.11197,289.96448,11.961970000000008,16.814480000000003
2017-04-10 18:00:00,25.25,87.5,285.09927,290.1182,11.949270000000013,16.968200000000024
2017-04-10 18:00:00,25.25,87.75,284.65332,289.9492,11.50332000000003,16.79920000000004
2017-04-10 18:00:00,25.25,88.0,284.37143,289.6233,11.221429999999998,16.473299999999995
2017-04-10 18:00:00,25.25,88.25,284.37143,289.6233,11.221429999999998,16.473299999999995
2017-04-10 18:00:00,25.25,88.5,284.70444,289.62704,11.55444,16.477040000000045
2017-04-10 18:00:00,25.25,88.75,285.00568,289.64243,11.855680000000007,16.492430000000013
2017-04-10 18:00:00,25.25,89.0,284.73306,289.3284,11.583060000000046,16.17840000000001
2017-04-10 18:00:00,25.25,89.25,283.50153,287.9271,10.351530000000025,14.777100000000019
2017-04-10 18:00:00,25.25,89.5,282.2871,285.8306,9.137100000000032,12.680600000000027
2017-04-10 18:00:00,25.25,89.75,284.26584,292.29813,11.115840000000048,19.148130000000037
2017-04-10 18:00:00,25.25,90.0,285.04504,290.52597,11.895039999999995,17.375969999999995
2017-04-10 18:00:00,25.0,85.5,285.11948,289.81195,11.969480000000033,16.661950000000047
2017-04-10 18:00:00,25.0,85.75,285.24777,290.02097,12.097770000000025,16.87097
2017-04-10 18:00:00,25.0,86.0,285.24777,290.02097,12.097770000000025,16.87097
2017-04-10 18:00:00,25.0,86.25,285.01294,289.9049,11.862940000000037,16.75490000000002
2017-04-10 18:00:00,25.0,86.5,285.016,289.85287,11.866000000000042,16.70287000000002
2017-04-10 18:00:00,25.0,86.75,284.84998,289.67587,11.69998000000004,16.525869999999998
2017-04-10 18:00:00,25.0,87.0,284.9554,289.89313,11.80540000000002,16.743130000000008
2017-04-10 18:00:00,25.0,87.25,284.8614,289.8731,11.711400000000026,16.723100000000045
2017-04-10 18:00:00,25.0,87.5,284.30005,289.46777,11.150050000000022,16.317769999999996
2017-04-10 18:00:00,25.0,87.75,284.327,289.6681,11.177000000000021,16.518100000000004
2017-04-10 18:00:00,25.0,88.0,284.89096,290.27298,11.74096000000003,17.12298000000004
2017-04-10 18:00:00,25.0,88.25,284.89096,290.27298,11.74096000000003,17.12298000000004
2017-04-10 18:00:00,25.0,88.5,285.30963,290.28726,12.15963000000005,17.137260000000026
2017-04-10 18:00:00,25.0,88.75,285.2093,289.77756,12.059300000000007,16.627560000000017
2017-04-10 18:00:00,25.0,89.0,284.0586,288.97433,10.908600000000035,15.824330000000032
2017-04-10 18:00:00,25.0,89.25,283.2586,287.76517,10.108600000000024,14.615170000000035
2017-04-10 18:00:00,25.0,89.5,283.182,287.64413,10.032000000000039,14.494130000000041
2017-04-10 18:00:00,25.0,89.75,285.21695,290.02347,12.06695000000002,16.873469999999998
2017-04-10 18:00:00,25.0,90.0,285.91846,290.62042,12.768460000000005,17.470420000000047
2017-04-10 18:00:00,24.75,85.5,285.11948,289.81195,11.969480000000033,16.661950000000047
2017-04-10 18:00:00,24.75,85.75,285.24777,290.02097,12.097770000000025,16.87097
2017-04-10 18:00:00,24.75,86.0,285.24777,290.02097,12.097770000000025,16.87097
2017-04-10 18:00:00,24.75,86.25,285.01294,289.9049,11.862940000000037,16.75490000000002
2017-04-10 18:00:00,24.75,86.5,285.016,289.85287,11.866000000000042,16.70287000000002
2017-04-10 18:00:00,24.75,86.75,284.84998,289.67587,11.69998000000004,16.525869999999998
2017-04-10 18:00:00,24.75,87.0,284.9554,289.89313,11.80540000000002,16.743130000000008
2017-04-10 18:00:00,24.75,87.25,284.8614,289.8731,11.711400000000026,16.723100000000045
2017-04-10 18:00:00,24.75,87.5,284.30005,289.46777,11.150050000000022,16.317769999999996
2017-04-10 18:00:00,24.75,87.75,284.327,289.6681,11.177000000000021,16.518100000000004
2017-04-10 18:00:00,24.75,88.0,284.89096,290.27298,11.74096000000003,17.12298000000004
2017-04-10 18:00:00,24.75,88.25,284.89096,290.27298,11.74096000000003,17.12298000000004
2017-04-10 18:00:00,24.75,88.5,285.30963,290.28726,12.15963000000005,17.137260000000026
2017-04-10 18:00:00,24.75,88.75,285.2093,289.77756,12.059300000000007,16.627560000000017
2017-04-10 18:00:00,24.75,89.0,284.0586,288.97433,10.908600000000035,15.824330000000032
2017-04-10 18:00:00,24.75,89.25,283.2586,287.76517,10.108600000000024,14.615170000000035
2017-04-10 18:00:00,24.75,89.5,283.182,287.64413,10.032000000000039,14.494130000000041
2017-04-10 18:00:00,24.75,89.75,285.21695,290.02347,12.06695000000002,16.873469999999998
2017-04-10 18:00:00,24.75,90.0,285.91846,290.62042,12.768460000000005,17.470420000000047
2017-04-10 18:00:00,24.5,85.5,284.13022,289.21967,10.980220000000031,16.06967000000003
2017-04-10 18:00:00,24.5,85.75,283.72,289.2295,10.57000000000005,16.079499999999996
2017-04-10 18:00:00,24.5,86.0,283.72,289.2295,10.57000000000005,16.079499999999996
2017-04-10 18:00:00,24.5,86.25,283.6596,288.98434,10.509600000000034,15.834339999999997
2017-04-10 18:00:00,24.5,86.5,284.20404,289.09708,11.054040000000043,15.947080000000028
2017-04-10 18:00:00,24.5,86.75,284.27896,288.9763,11.128960000000006,15.826300000000003
2017-04-10 18:00:00,24.5,87.0,284.3818,289.12546,11.231800000000021,15.975459999999998
2017-04-10 18:00:00,24.5,87.25,284.3016,289.0758,11.15160000000003,15.925800000000038
2017-04-10 18:00:00,24.5,87.5,283.78592,288.6453,10.635919999999999,15.495300000000043
2017-04-10 18:00:00,24.5,87.75,283.6936,288.48764,10.543600000000026,15.337640000000022
2017-04-10 18:00:00,24.5,88.0,284.1856,289.04428,11.035600000000045,15.894280000000037
2017-04-10 18:00:00,24.5,88.25,284.1856,289.04428,11.035600000000045,15.894280000000037
2017-04-10 18:00:00,24.5,88.5,284.74686,289.53766,11.59686000000005,16.38766000000004
2017-04-10 18:00:00,24.5,88.75,284.59186,288.81927,11.44186000000002,15.66927000000004
2017-04-10 18:00:00,24.5,89.0,283.25333,287.34116,10.103330000000028,14.191160000000025
2017-04-10 18:00:00,24.5,89.25,283.10797,286.97977,9.957970000000046,13.829769999999996
2017-04-10 18:00:00,24.5,89.5,284.0899,288.26596,10.939900000000023,15.11596000000003
2017-04-10 18:00:00,24.5,89.75,286.38416,291.30975,13.234160000000031,18.15975000000003
2017-04-10 18:00:00,24.5,90.0,287.64658,293.55368,14.496579999999994,20.40368000000001
2017-04-10 18:00:00,24.25,85.5,282.93777,287.98798,9.787770000000023,14.837980000000016
2017-04-10 18:00:00,24.25,85.75,282.56064,287.4961,9.41064,14.346100000000035
2017-04-10 18:00:00,24.25,86.0,282.56064,287.4961,9.41064,14.346100000000035
2017-04-10 18:00:00,24.25,86.25,283.26666,288.06958,10.116660000000024,14.919579999999996
2017-04-10 18:00:00,24.25,86.5,283.70624,288.36884,10.556240000000003,15.21884
2017-04-10 18:00:00,24.25,86.75,283.89862,288.5737,10.748620000000017,15.423699999999997
2017-04-10 18:00:00,24.25,87.0,284.18835,288.96542,11.038350000000037,15.815420000000017
2017-04-10 18:00:00,24.25,87.25,284.6698,289.14444,11.519800000000032,15.994439999999997
2017-04-10 18:00:00,24.25,87.5,285.05002,289.57483,11.90002000000004,16.424830000000043
2017-04-10 18:00:00,24.25,87.75,285.6553,290.22247,12.505300000000034,17.07247000000001
2017-04-10 18:00:00,24.25,88.0,285.73206,290.2824,12.582060000000013,17.13240000000002
2017-04-10 18:00:00,24.25,88.25,285.73206,290.2824,12.582060000000013,17.13240000000002
2017-04-10 18:00:00,24.25,88.5,285.10648,289.86172,11.956479999999999,16.711720000000014
2017-04-10 18:00:00,24.25,88.75,284.56738,289.0397,11.417380000000037,15.889700000000005
2017-04-10 18:00:00,24.25,89.0,283.84756,287.58755,10.69756000000001,14.437550000000044
2017-04-10 18:00:00,24.25,89.25,284.3321,288.2002,11.182100000000048,15.050200000000018
2017-04-10 18:00:00,24.25,89.5,285.71777,290.53604,12.567769999999996,17.386040000000037
2017-04-10 18:00:00,24.25,89.75,287.86688,293.8634,14.716880000000003,20.713400000000036
2017-04-10 18:00:00,24.25,90.0,289.01187,294.80417,15.86187000000001,21.654170000000022
2017-04-10 18:00:00,24.0,85.5,281.7257,286.32828,8.57570000000004,13.17828000000003
2017-04-10 18:00:00,24.0,85.75,281.41046,286.3908,8.260460000000023,13.240800000000036
2017-04-10 18:00:00,24.0,86.0,281.41046,286.3908,8.260460000000023,13.240800000000036
2017-04-10 18:00:00,24.0,86.25,282.34357,287.5069,9.193570000000022,14.356899999999996
2017-04-10 18:00:00,24.0,86.5,282.78018,287.62997,9.630179999999996,14.479970000000037
2017-04-10 18:00:00,24.0,86.75,283.53076,287.91583,10.38076000000001,14.76583000000005
2017-04-10 18:00:00,24.0,87.0,284.58517,288.80875,11.435170000000028,15.658749999999998
2017-04-10 18:00:00,24.0,87.25,285.1251,289.64703,11.975099999999998,16.497029999999995
2017-04-10 18:00:00,24.0,87.5,285.78058,290.5524,12.630580000000009,17.4024
2017-04-10 18:00:00,24.0,87.75,286.5147,291.62323,13.364700000000028,18.47323
2017-04-10 18:00:00,24.0,88.0,286.2621,291.32593,13.112099999999998,18.17593000000005
2017-04-10 18:00:00,24.0,88.25,286.2621,291.32593,13.112099999999998,18.17593000000005
2017-04-10 18:00:00,24.0,88.5,285.50537,289.86505,12.35537000000005,16.71505000000002
2017-04-10 18:00:00,24.0,88.75,285.60184,289.95062,12.451840000000004,16.800620000000038
2017-04-10 18:00:00,24.0,89.0,286.227,291.31467,13.076999999999998,18.16467
2017-04-10 18:00:00,24.0,89.25,287.17188,291.7833,14.02188000000001,18.63330000000002
2017-04-10 18:00:00,24.0,89.5,288.26315,294.03815,15.113150000000019,20.888149999999996
2017-04-10 18:00:00,24.0,89.75,289.82117,295.52554,16.671170000000018,22.37554
2017-04-10 18:00:00,24.0,90.0,290.8985,296.2968,17.748500000000035,23.14680000000004
2017-04-10 18:00:00,23.75,85.5,282.24396,287.58755,9.093960000000038,14.437550000000044
2017-04-10 18:00:00,23.75,85.75,282.50995,287.7979,9.359950000000026,14.64790000000005
2017-04-10 18:00:00,23.75,86.0,282.50995,287.7979,9.359950000000026,14.64790000000005
2017-04-10 18:00:00,23.75,86.25,283.7121,288.72653,10.562100000000044,15.576530000000048
2017-04-10 18:00:00,23.75,86.5,284.6665,289.20114,11.516500000000008,16.051140000000032
2017-04-10 18:00:00,23.75,86.75,284.98682,289.81357,11.836820000000046,16.66357000000005
2017-04-10 18:00:00,23.75,87.0,284.66214,288.14178,11.512140000000045,14.991780000000006
2017-04-10 18:00:00,23.75,87.25,284.19965,287.94403,11.049650000000042,14.79403000000002
2017-04-10 18:00:00,23.75,87.5,285.3847,290.00888,12.234700000000032,16.85888
2017-04-10 18:00:00,23.75,87.75,286.54556,290.4966,13.395560000000046,17.346600000000024
2017-04-10 18:00:00,23.75,88.0,286.43518,290.1389,13.285180000000025,16.9889
2017-04-10 18:00:00,23.75,88.25,286.43518,290.1389,13.285180000000025,16.9889
2017-04-10 18:00:00,23.75,88.5,286.3289,291.15463,13.178899999999999,18.00463000000002
2017-04-10 18:00:00,23.75,88.75,287.1356,292.41867,13.985600000000034,19.268670000000043
2017-04-10 18:00:00,23.75,89.0,288.74478,294.04327,15.594780000000014,20.89327000000003
2017-04-10 18:00:00,23.75,89.25,290.31146,295.46457,17.161460000000034,22.314570000000003
2017-04-10 18:00:00,23.75,89.5,291.38474,296.5434,18.234740000000045,23.393400000000042
2017-04-10 18:00:00,23.75,89.75,292.0168,297.20062,18.866800000000012,24.050620000000038
2017-04-10 18:00:00,23.75,90.0,293.06653,298.27222,19.916530000000023,25.122220000000027
2017-04-10 18:00:00,23.5,85.5,283.01562,287.41486,9.865620000000035,14.264859999999999
2017-04-10 18:00:00,23.5,85.75,284.203,288.8492,11.052999999999997,15.699200000000019
2017-04-10 18:00:00,23.5,86.0,284.203,288.8492,11.052999999999997,15.699200000000019
2017-04-10 18:00:00,23.5,86.25,284.93784,289.91016,11.787840000000017,16.76016000000004
2017-04-10 18:00:00,23.5,86.5,284.77808,288.608,11.628080000000011,15.458000000000027
2017-04-10 18:00:00,23.5,86.75,284.31473,288.5224,11.16473000000002,15.372400000000027
2017-04-10 18:00:00,23.5,87.0,284.69083,288.76065,11.540830000000028,15.610650000000021
2017-04-10 18:00:00,23.5,87.25,285.3589,289.97208,12.208900000000028,16.822080000000028
2017-04-10 18:00:00,23.5,87.5,286.10684,290.72577,12.95684,17.575770000000034
2017-04-10 18:00:00,23.5,87.75,286.91705,291.30054,13.76705000000004,18.150540000000035
2017-04-10 18:00:00,23.5,88.0,287.61075,292.6568,14.460750000000019,19.5068
2017-04-10 18:00:00,23.5,88.25,287.61075,292.6568,14.460750000000019,19.5068
2017-04-10 18:00:00,23.5,88.5,288.5636,294.2286,15.41360000000003,21.078599999999994
2017-04-10 18:00:00,23.5,88.75,290.0892,295.4914,16.939200000000028,22.34140000000002
2017-04-10 18:00:00,23.5,89.0,291.44168,296.67575,18.291680000000042,23.525750000000016
2017-04-10 18:00:00,23.5,89.25,292.29373,297.48022,19.143730000000005,24.330219999999997
2017-04-10 18:00:00,23.5,89.5,292.69305,297.9906,19.54305000000005,24.840599999999995
2017-04-10 18:00:00,23.5,89.75,292.92554,298.172,19.775540000000035,25.022000000000048
2017-04-10 18:00:00,23.5,90.0,293.52246,298.56158,20.372460000000046,25.411580000000015
2017-04-10 18:00:00,23.25,85.5,284.29922,288.82175,11.149220000000014,15.671750000000031
2017-04-10 18:00:00,23.25,85.75,284.30963,289.74023,11.15963000000005,16.59023000000002
2017-04-10 18:00:00,23.25,86.0,284.30963,289.74023,11.15963000000005,16.59023000000002
2017-04-10 18:00:00,23.25,86.25,285.6969,289.12354,12.54690000000005,15.973540000000014
2017-04-10 18:00:00,23.25,86.5,285.68143,291.05026,12.53143,17.900260000000003
2017-04-10 18:00:00,23.25,86.75,286.90915,291.31815,13.759150000000034,18.168150000000026
2017-04-10 18:00:00,23.25,87.0,288.26193,291.46353,15.11193000000003,18.313530000000014
2017-04-10 18:00:00,23.25,87.25,289.23975,293.37234,16.089750000000038,20.22234000000003
2017-04-10 18:00:00,23.25,87.5,289.97476,295.25806,16.824760000000026,22.108060000000023
2017-04-10 18:00:00,23.25,87.75,290.45193,296.1087,17.301930000000027,22.95870000000002
2017-04-10 18:00:00,23.25,88.0,290.8668,296.50955,17.716800000000035,23.359550000000013
2017-04-10 18:00:00,23.25,88.25,290.8668,296.50955,17.716800000000035,23.359550000000013
2017-04-10 18:00:00,23.25,88.5,291.65393,297.31314,18.503930000000025,24.16314
2017-04-10 18:00:00,23.25,88.75,292.64743,298.48956,19.49743000000001,25.339560000000006
2017-04-10 18:00:00,23.25,89.0,293.22177,298.9812,20.071770000000015,25.831200000000024
2017-04-10 18:00:00,23.25,89.25,293.5086,299.16156,20.358600000000024,26.01156000000003
2017-04-10 18:00:00,23.25,89.5,293.48602,299.3605,20.33602000000002,26.210500000000025
2017-04-10 18:00:00,23.25,89.75,293.48776,299.23877,20.337760000000003,26.08877000000001
2017-04-10 18:00:00,23.25,90.0,293.107,298.2646,19.95700000000005,25.114599999999996
2017-04-10 18:00:00,23.0,85.5,285.20398,289.0833,12.053980000000024,15.933300000000031
2017-04-10 18:00:00,23.0,85.75,285.8801,291.95142,12.73010000000005,18.801420000000007
2017-04-10 18:00:00,23.0,86.0,285.8801,291.95142,12.73010000000005,18.801420000000007
2017-04-10 18:00:00,23.0,86.25,287.05304,294.57047,13.903040000000033,21.420470000000023
2017-04-10 18:00:00,23.0,86.5,288.3019,296.21454,15.151900000000012,23.064540000000022
2017-04-10 18:00:00,23.0,86.75,289.9668,298.2194,16.8168,25.06940000000003
2017-04-10 18:00:00,23.0,87.0,291.41684,298.40524,18.266840000000002,25.255240000000015
2017-04-10 18:00:00,23.0,87.25,292.58115,298.9143,19.431150000000002,25.76430000000005
2017-04-10 18:00:00,23.0,87.5,293.04037,299.48862,19.89037000000002,26.33862000000005
2017-04-10 18:00:00,23.0,87.75,293.18704,299.64233,20.037040000000047,26.492330000000038
2017-04-10 18:00:00,23.0,88.0,293.47363,299.66766,20.323630000000037,26.517660000000035
2017-04-10 18:00:00,23.0,88.25,293.47363,299.66766,20.323630000000037,26.517660000000035
2017-04-10 18:00:00,23.0,88.5,293.93015,299.7352,20.78015000000005,26.585200000000043
2017-04-10 18:00:00,23.0,88.75,294.34552,299.8236,21.195520000000045,26.67360000000002
2017-04-10 18:00:00,23.0,89.0,294.31274,299.8147,21.162740000000042,26.66470000000004
2017-04-10 18:00:00,23.0,89.25,294.16675,299.976,21.016750000000002,26.826000000000022
2017-04-10 18:00:00,23.0,89.5,293.91306,300.0271,20.763059999999996,26.87710000000004
2017-04-10 18:00:00,23.0,89.75,293.4649,299.65744,20.314900000000023,26.50744000000003
2017-04-10 18:00:00,23.0,90.0,293.13657,299.0292,19.98657000000003,25.879200000000026
2017-04-10 18:00:00,22.75,85.5,285.88446,292.8949,12.734460000000013,19.74490000000003
2017-04-10 18:00:00,22.75,85.75,287.66592,294.1868,14.515920000000051,21.036800000000028
2017-04-10 18:00:00,22.75,86.0,287.66592,294.1868,14.515920000000051,21.036800000000028
2017-04-10 18:00:00,22.75,86.25,289.766,295.84012,16.616000000000042,22.690120000000036
2017-04-10 18:00:00,22.75,86.5,291.2274,299.3502,18.07740000000001,26.200199999999995
2017-04-10 18:00:00,22.75,86.75,292.72723,299.14438,19.577230000000043,25.994380000000035
2017-04-10 18:00:00,22.75,87.0,294.01407,300.7117,20.864070000000027,27.56170000000003
2017-04-10 18:00:00,22.75,87.25,294.6292,300.85034,21.47920000000005,27.70034000000004
2017-04-10 18:00:00,22.75,87.5,294.7432,300.42538,21.593200000000024,27.27538000000004
2017-04-10 18:00:00,22.75,87.75,294.77594,300.1745,21.625940000000014,27.024500000000046
2017-04-10 18:00:00,22.75,88.0,294.88147,300.15967,21.73147,27.00967000000003
2017-04-10 18:00:00,22.75,88.25,294.88147,300.15967,21.73147,27.00967000000003
2017-04-10 18:00:00,22.75,88.5,295.03107,300.30576,21.881070000000022,27.155760000000043
2017-04-10 18:00:00,22.75,88.75,295.07632,300.42648,21.926320000000032,27.27648000000005
2017-04-10 18:00:00,22.75,89.0,295.12912,300.548,21.979120000000023,27.398000000000025
2017-04-10 18:00:00,22.75,89.25,295.07358,300.67538,21.923580000000015,27.52538000000004
2017-04-10 18:00:00,22.75,89.5,294.48404,300.4132,21.334040000000016,27.26320000000004
2017-04-10 18:00:00,22.75,89.75,293.80423,299.84952,20.65423000000004,26.699520000000007
2017-04-10 18:00:00,22.75,90.0,293.855,299.80518,20.70500000000004,26.65518000000003
2017-04-10 18:00:00,22.5,85.5,285.88446,292.8949,12.734460000000013,19.74490000000003
2017-04-10 18:00:00,22.5,85.75,287.66592,294.1868,14.515920000000051,21.036800000000028
2017-04-10 18:00:00,22.5,86.0,287.66592,294.1868,14.515920000000051,21.036800000000028
2017-04-10 18:00:00,22.5,86.25,289.766,295.84012,16.616000000000042,22.690120000000036
2017-04-10 18:00:00,22.5,86.5,291.2274,299.3502,18.07740000000001,26.200199999999995
2017-04-10 18:00:00,22.5,86.75,292.72723,299.14438,19.577230000000043,25.994380000000035
2017-04-10 18:00:00,22.5,87.0,294.01407,300.7117,20.864070000000027,27.56170000000003
2017-04-10 18:00:00,22.5,87.25,294.6292,300.85034,21.47920000000005,27.70034000000004
2017-04-10 18:00:00,22.5,87.5,294.7432,300.42538,21.593200000000024,27.27538000000004
2017-04-10 18:00:00,22.5,87.75,294.77594,300.1745,21.625940000000014,27.024500000000046
2017-04-10 18:00:00,22.5,88.0,294.88147,300.15967,21.73147,27.00967000000003
2017-04-10 18:00:00,22.5,88.25,294.88147,300.15967,21.73147,27.00967000000003
2017-04-10 18:00:00,22.5,88.5,295.03107,300.30576,21.881070000000022,27.155760000000043
2017-04-10 18:00:00,22.5,88.75,295.07632,300.42648,21.926320000000032,27.27648000000005
2017-04-10 18:00:00,22.5,89.0,295.12912,300.548,21.979120000000023,27.398000000000025
2017-04-10 18:00:00,22.5,89.25,295.07358,300.67538,21.923580000000015,27.52538000000004
2017-04-10 18:00:00,22.5,89.5,294.48404,300.4132,21.334040000000016,27.26320000000004
2017-04-10 18:00:00,22.5,89.75,293.80423,299.84952,20.65423000000004,26.699520000000007
2017-04-10 18:00:00,22.5,90.0,293.855,299.80518,20.70500000000004,26.65518000000003
2017-04-10 18:00:00,22.25,85.5,287.5785,296.24377,14.428500000000042,23.093770000000006
2017-04-10 18:00:00,22.25,85.75,289.39267,298.16156,16.242670000000032,25.01156000000003
2017-04-10 18:00:00,22.25,86.0,289.39267,298.16156,16.242670000000032,25.01156000000003
2017-04-10 18:00:00,22.25,86.25,291.75278,300.58484,18.602779999999996,27.43484000000001
2017-04-10 18:00:00,22.25,86.5,292.25793,301.13773,19.10793000000001,27.98773
2017-04-10 18:00:00,22.25,86.75,293.9839,301.42355,20.83390000000003,28.27355
2017-04-10 18:00:00,22.25,87.0,294.49008,300.58536,21.34008,27.435360000000003
2017-04-10 18:00:00,22.25,87.25,295.03064,300.1752,21.880640000000028,27.02520000000004
2017-04-10 18:00:00,22.25,87.5,295.3264,300.16492,22.1764,27.014920000000018
2017-04-10 18:00:00,22.25,87.75,295.4918,300.43826,22.341800000000035,27.288260000000037
2017-04-10 18:00:00,22.25,88.0,295.11386,300.2075,21.96386000000001,27.057500000000005
2017-04-10 18:00:00,22.25,88.25,295.11386,300.2075,21.96386000000001,27.057500000000005
2017-04-10 18:00:00,22.25,88.5,294.62875,300.0501,21.478750000000048,26.90010000000001
2017-04-10 18:00:00,22.25,88.75,294.56143,300.23718,21.411429999999996,27.087180000000046
2017-04-10 18:00:00,22.25,89.0,294.84204,300.48312,21.69204000000002,27.333120000000008
2017-04-10 18:00:00,22.25,89.25,294.7878,300.5456,21.637800000000027,27.3956
2017-04-10 18:00:00,22.25,89.5,294.3822,300.3447,21.232200000000034,27.19470000000001
2017-04-10 18:00:00,22.25,89.75,294.34216,300.21133,21.19216,27.061329999999998
2017-04-10 18:00:00,22.25,90.0,294.23682,300.23483,21.086820000000046,27.08483000000001
2017-04-10 18:00:00,22.0,85.5,286.9998,294.88205,13.849800000000016,21.732050000000015
2017-04-10 18:00:00,22.0,85.75,290.01288,297.26694,16.86288000000002,24.11694
2017-04-10 18:00:00,22.0,86.0,290.01288,297.26694,16.86288000000002,24.11694
2017-04-10 18:00:00,22.0,86.25,292.00342,298.42224,18.85342000000003,25.27224000000001
2017-04-10 18:00:00,22.0,86.5,292.72574,299.1258,19.575739999999996,25.97580000000005
2017-04-10 18:00:00,22.0,86.75,294.7119,301.23727,21.561900000000037,28.087270000000046
2017-04-10 18:00:00,22.0,87.0,294.7744,300.45886,21.624400000000037,27.30886000000004
2017-04-10 18:00:00,22.0,87.25,295.06836,300.19724,21.918360000000007,27.047240000000045
2017-04-10 18:00:00,22.0,87.5,295.44482,300.1874,22.294820000000016,27.037400000000048
2017-04-10 18:00:00,22.0,87.75,295.5535,300.07376,22.403500000000008,26.923760000000016
2017-04-10 18:00:00,22.0,88.0,295.1493,300.2346,21.999300000000005,27.084600000000023
2017-04-10 18:00:00,22.0,88.25,295.1493,300.2346,21.999300000000005,27.084600000000023
2017-04-10 18:00:00,22.0,88.5,294.60046,300.03583,21.45046000000002,26.88583
2017-04-10 18:00:00,22.0,88.75,294.41528,299.91415,21.26528000000002,26.76415000000003
2017-04-10 18:00:00,22.0,89.0,294.50113,300.1593,21.351130000000012,27.009299999999996
2017-04-10 18:00:00,22.0,89.25,294.6543,300.19556,21.5043,27.045560000000023
2017-04-10 18:00:00,22.0,89.5,294.8426,300.127,21.692600000000027,26.977000000000032
2017-04-10 18:00:00,22.0,89.75,294.99268,300.3129,21.84268000000003,27.162900000000036
2017-04-10 18:00:00,22.0,90.0,295.21622,300.58124,22.066220000000044,27.431240000000003
2017-04-10 18:00:00,21.75,85.5,289.35065,297.05237,16.200649999999996,23.90237000000002
2017-04-10 18:00:00,21.75,85.75,291.32938,297.3988,18.179380000000037,24.248800000000017
2017-04-10 18:00:00,21.75,86.0,291.32938,297.3988,18.179380000000037,24.248800000000017
2017-04-10 18:00:00,21.75,86.25,292.19208,297.70956,19.04208,24.559560000000033
2017-04-10 18:00:00,21.75,86.5,293.2353,298.5394,20.085300000000018,25.389400000000023
2017-04-10 18:00:00,21.75,86.75,295.12637,300.90686,21.97637000000003,27.756860000000017
2017-04-10 18:00:00,21.75,87.0,295.30887,300.41098,22.158870000000036,27.260980000000018
2017-04-10 18:00:00,21.75,87.25,295.4411,300.08722,22.29110000000003,26.937220000000025
2017-04-10 18:00:00,21.75,87.5,295.5937,299.84207,22.443700000000035,26.69207
2017-04-10 18:00:00,21.75,87.75,296.0858,299.28622,22.93580000000003,26.136220000000037
2017-04-10 18:00:00,21.75,88.0,295.6367,299.26132,22.48670000000004,26.111320000000035
2017-04-10 18:00:00,21.75,88.25,295.6367,299.26132,22.48670000000004,26.111320000000035
2017-04-10 18:00:00,21.75,88.5,295.31207,298.97464,22.16207000000003,25.824640000000045
2017-04-10 18:00:00,21.75,88.75,295.11615,298.9948,21.966150000000027,25.84480000000002
2017-04-10 18:00:00,21.75,89.0,294.6818,299.28357,21.531800000000032,26.13357000000002
2017-04-10 18:00:00,21.75,89.25,294.99924,298.9856,21.84924000000001,25.8356
2017-04-10 18:00:00,21.75,89.5,295.78308,298.6479,22.633080000000007,25.497900000000016
2017-04-10 18:00:00,21.75,89.75,295.91995,298.61298,22.769949999999994,25.462980000000016
2017-04-10 18:00:00,21.75,90.0,296.0144,298.69272,22.864400000000046,25.54272000000003
2017-04-10 18:00:00,21.5,85.5,290.9812,297.54547,17.831200000000024,24.395470000000046
2017-04-10 18:00:00,21.5,85.75,292.31854,299.15576,19.168540000000007,26.00576000000001
2017-04-10 18:00:00,21.5,86.0,292.31854,299.15576,19.168540000000007,26.00576000000001
2017-04-10 18:00:00,21.5,86.25,293.39297,299.51956,20.242970000000014,26.369560000000035
2017-04-10 18:00:00,21.5,86.5,294.53442,300.7786,21.384420000000034,27.628600000000006
2017-04-10 18:00:00,21.5,86.75,295.9098,301.20596,22.75980000000004,28.055960000000027
2017-04-10 18:00:00,21.5,87.0,296.6293,299.6994,23.479300000000023,26.54940000000005
2017-04-10 18:00:00,21.5,87.25,296.746,298.87192,23.596000000000004,25.72192000000001
2017-04-10 18:00:00,21.5,87.5,296.62994,298.66547,23.47994,25.51547000000005
2017-04-10 18:00:00,21.5,87.75,296.42102,298.44852,23.27102000000002,25.298519999999996
2017-04-10 18:00:00,21.5,88.0,296.17395,298.2808,23.023950000000013,25.130800000000022
2017-04-10 18:00:00,21.5,88.25,296.17395,298.2808,23.023950000000013,25.130800000000022
2017-04-10 18:00:00,21.5,88.5,295.95526,298.08633,22.805260000000033,24.936329999999998
2017-04-10 18:00:00,21.5,88.75,295.8811,298.021,22.731100000000026,24.871000000000038
2017-04-10 18:00:00,21.5,89.0,295.9,298.13748,22.75,24.987480000000005
2017-04-10 18:00:00,21.5,89.25,295.90176,298.2069,22.751760000000047,25.05690000000004
2017-04-10 18:00:00,21.5,89.5,295.9402,298.25412,22.790200000000027,25.104120000000023
2017-04-10 18:00:00,21.5,89.75,296.00995,298.3738,22.859950000000026,25.22380000000004
2017-04-10 18:00:00,21.5,90.0,295.98248,298.43323,22.832480000000032,25.283230000000003
2017-04-10 18:00:00,21.25,85.5,293.22314,299.96454,20.073140000000024,26.814540000000022
2017-04-10 18:00:00,21.25,85.75,294.1282,301.02963,20.978200000000015,27.87963000000002
2017-04-10 18:00:00,21.25,86.0,294.1282,301.02963,20.978200000000015,27.87963000000002
2017-04-10 18:00:00,21.25,86.25,295.32178,301.7734,22.171780000000012,28.623400000000004
2017-04-10 18:00:00,21.25,86.5,295.5921,301.82483,22.44210000000004,28.674830000000043
2017-04-10 18:00:00,21.25,86.75,296.64352,300.87497,23.493520000000046,27.72497000000004
2017-04-10 18:00:00,21.25,87.0,296.69983,299.04733,23.549830000000043,25.89733000000001
2017-04-10 18:00:00,21.25,87.25,296.55887,298.27383,23.408870000000036,25.123829999999998
2017-04-10 18:00:00,21.25,87.5,296.40317,298.16107,23.25317000000001,25.011070000000018
2017-04-10 18:00:00,21.25,87.75,296.27274,298.11514,23.12274000000002,24.96514000000002
2017-04-10 18:00:00,21.25,88.0,296.17728,298.03772,23.02728000000002,24.88772
2017-04-10 18:00:00,21.25,88.25,296.17728,298.03772,23.02728000000002,24.88772
2017-04-10 18:00:00,21.25,88.5,296.08582,297.94324,22.935820000000035,24.793240000000026
2017-04-10 18:00:00,21.25,88.75,296.03592,297.87662,22.88592,24.726620000000025
2017-04-10 18:00:00,21.25,89.0,296.03897,297.8678,22.88897000000003,24.71780000000001
2017-04-10 18:00:00,21.25,89.25,296.04126,297.9892,22.891260000000045,24.839200000000005
2017-04-10 18:00:00,21.25,89.5,296.05463,298.1944,22.904629999999997,25.044399999999996
2017-04-10 18:00:00,21.25,89.75,296.06174,298.2921,22.91174000000001,25.142100000000028
2017-04-10 18:00:00,21.25,90.0,295.95453,298.3339,22.80453,25.18390000000005
2017-04-10 18:00:00,21.0,85.5,294.81992,300.6537,21.669920000000047,27.503700000000038
2017-04-10 18:00:00,21.0,85.75,295.48605,301.2654,22.33605,28.115400000000022
2017-04-10 18:00:00,21.0,86.0,295.48605,301.2654,22.33605,28.115400000000022
2017-04-10 18:00:00,21.0,86.25,296.0088,301.01132,22.85880000000003,27.861320000000035
2017-04-10 18:00:00,21.0,86.5,295.9381,300.41608,22.788100000000043,27.266080000000045
2017-04-10 18:00:00,21.0,86.75,296.4137,299.49463,23.26370000000003,26.344629999999995
2017-04-10 18:00:00,21.0,87.0,296.29456,298.35077,23.144560000000013,25.200770000000034
2017-04-10 18:00:00,21.0,87.25,296.15216,297.9055,23.002160000000003,24.75550000000004
2017-04-10 18:00:00,21.0,87.5,296.1563,297.9274,23.00630000000001,24.7774
2017-04-10 18:00:00,21.0,87.75,296.17166,297.90036,23.021659999999997,24.75036
2017-04-10 18:00:00,21.0,88.0,296.15256,297.86118,23.002560000000017,24.711180000000013
2017-04-10 18:00:00,21.0,88.25,296.15256,297.86118,23.002560000000017,24.711180000000013
2017-04-10 18:00:00,21.0,88.5,296.12384,297.77936,22.973839999999996,24.62936000000002
2017-04-10 18:00:00,21.0,88.75,296.11945,297.77075,22.969449999999995,24.620750000000044
2017-04-10 18:00:00,21.0,89.0,296.14032,297.86627,22.990319999999997,24.71627000000001
2017-04-10 18:00:00,21.0,89.25,296.13312,297.9804,22.983120000000042,24.830399999999997
2017-04-10 18:00:00,21.0,89.5,296.07266,298.06308,22.922660000000008,24.913080000000036
2017-04-10 18:00:00,21.0,89.75,295.9861,298.07883,22.836100000000044,24.928830000000005
2017-04-10 18:00:00,21.0,90.0,295.89536,298.16885,22.745360000000005,25.018850000000043
2017-04-10 19:00:00,27.5,85.5,278.8232,284.32727,5.6732000000000085,11.177270000000021
2017-04-10 19:00:00,27.5,85.75,276.49286,283.619,3.34286000000003,10.469000000000051
2017-04-10 19:00:00,27.5,86.0,276.49286,283.619,3.34286000000003,10.469000000000051
2017-04-10 19:00:00,27.5,86.25,274.3408,281.1139,1.1908000000000243,7.963900000000024
2017-04-10 19:00:00,27.5,86.5,271.51465,281.0642,-1.63534999999996,7.914200000000051
2017-04-10 19:00:00,27.5,86.75,268.21225,279.92035,-4.937749999999994,6.770350000000008
2017-04-10 19:00:00,27.5,87.0,266.22882,278.50772,-6.921179999999993,5.357720000000029
2017-04-10 19:00:00,27.5,87.25,264.98306,275.4506,-8.166939999999954,2.3006000000000313
2017-04-10 19:00:00,27.5,87.5,263.9402,274.45227,-9.209799999999973,1.3022700000000214
2017-04-10 19:00:00,27.5,87.75,264.22165,274.5015,-8.928349999999966,1.351500000000044
2017-04-10 19:00:00,27.5,88.0,267.82513,275.76758,-5.324869999999976,2.617580000000032
2017-04-10 19:00:00,27.5,88.25,267.82513,275.76758,-5.324869999999976,2.617580000000032
2017-04-10 19:00:00,27.5,88.5,273.17,279.051,0.020000000000038654,5.9010000000000105
2017-04-10 19:00:00,27.5,88.75,273.9035,278.461,0.7535000000000309,5.3110000000000355
2017-04-10 19:00:00,27.5,89.0,267.6624,271.17706,-5.487599999999986,-1.9729399999999941
2017-04-10 19:00:00,27.5,89.25,263.15195,267.04538,-9.998049999999978,-6.104619999999954
2017-04-10 19:00:00,27.5,89.5,267.26562,272.26257,-5.884379999999965,-0.8874299999999948
2017-04-10 19:00:00,27.5,89.75,273.42917,276.18088,0.2791700000000219,3.0308800000000247
2017-04-10 19:00:00,27.5,90.0,279.28403,282.84143,6.134029999999996,9.691430000000025
2017-04-10 19:00:00,27.25,85.5,282.61447,287.63727,9.464470000000006,14.487270000000024
2017-04-10 19:00:00,27.25,85.75,281.09412,286.79944,7.944119999999998,13.649440000000027
2017-04-10 19:00:00,27.25,86.0,281.09412,286.79944,7.944119999999998,13.649440000000027
2017-04-10 19:00:00,27.25,86.25,279.54013,286.83954,6.390129999999999,13.689540000000022
2017-04-10 19:00:00,27.25,86.5,276.75256,285.30115,3.6025600000000395,12.15115000000003
2017-04-10 19:00:00,27.25,86.75,275.09598,281.8899,1.94598000000002,8.739900000000034
2017-04-10 19:00:00,27.25,87.0,272.97528,279.45605,-0.17471999999997934,6.3060500000000275
2017-04-10 19:00:00,27.25,87.25,271.54416,280.17606,-1.6058400000000006,7.0260600000000295
2017-04-10 19:00:00,27.25,87.5,270.98907,280.39334,-2.1609299999999507,7.243340000000046
2017-04-10 19:00:00,27.25,87.75,270.9966,279.17065,-2.1533999999999764,6.020650000000046
2017-04-10 19:00:00,27.25,88.0,272.65717,279.0464,-0.49282999999996946,5.896400000000028
2017-04-10 19:00:00,27.25,88.25,272.65717,279.0464,-0.49282999999996946,5.896400000000028
2017-04-10 19:00:00,27.25,88.5,276.08105,281.6619,2.9310500000000275,8.511900000000026
2017-04-10 19:00:00,27.25,88.75,277.72958,283.2651,4.579580000000021,10.11510000000004
2017-04-10 19:00:00,27.25,89.0,274.7004,279.76453,1.5504000000000246,6.614530000000002
2017-04-10 19:00:00,27.25,89.25,271.24817,278.62408,-1.9018299999999613,5.474080000000015
2017-04-10 19:00:00,27.25,89.5,272.7178,278.95584,-0.43219999999996617,5.805840000000046
2017-04-10 19:00:00,27.25,89.75,275.09125,278.6728,1.941250000000025,5.522800000000018
2017-04-10 19:00:00,27.25,90.0,279.0796,283.52716,5.92960000000005,10.377160000000003
2017-04-10 19:00:00,27.0,85.5,282.61447,287.63727,9.464470000000006,14.487270000000024
2017-04-10 19:00:00,27.0,85.75,281.09412,286.79944,7.944119999999998,13.649440000000027
2017-04-10 19:00:00,27.0,86.0,281.09412,286.79944,7.944119999999998,13.649440000000027
2017-04-10 19:00:00,27.0,86.25,279.54013,286.83954,6.390129999999999,13.689540000000022
2017-04-10 19:00:00,27.0,86.5,276.75256,285.30115,3.6025600000000395,12.15115000000003
2017-04-10 19:00:00,27.0,86.75,275.09598,281.8899,1.94598000000002,8.739900000000034
2017-04-10 19:00:00,27.0,87.0,272.97528,279.45605,-0.17471999999997934,6.3060500000000275
2017-04-10 19:00:00,27.0,87.25,271.54416,280.17606,-1.6058400000000006,7.0260600000000295
2017-04-10 19:00:00,27.0,87.5,270.98907,280.39334,-2.1609299999999507,7.243340000000046
2017-04-10 19:00:00,27.0,87.75,270.9966,279.17065,-2.1533999999999764,6.020650000000046
2017-04-10 19:00:00,27.0,88.0,272.65717,279.0464,-0.49282999999996946,5.896400000000028
2017-04-10 19:00:00,27.0,88.25,272.65717,279.0464,-0.49282999999996946,5.896400000000028
2017-04-10 19:00:00,27.0,88.5,276.08105,281.6619,2.9310500000000275,8.511900000000026
2017-04-10 19:00:00,27.0,88.75,277.72958,283.2651,4.579580000000021,10.11510000000004
2017-04-10 19:00:00,27.0,89.0,274.7004,279.76453,1.5504000000000246,6.614530000000002
2017-04-10 19:00:00,27.0,89.25,271.24817,278.62408,-1.9018299999999613,5.474080000000015
2017-04-10 19:00:00,27.0,89.5,272.7178,278.95584,-0.43219999999996617,5.805840000000046
2017-04-10 19:00:00,27.0,89.75,275.09125,278.6728,1.941250000000025,5.522800000000018
2017-04-10 19:00:00,27.0,90.0,279.0796,283.52716,5.92960000000005,10.377160000000003
2017-04-10 19:00:00,26.75,85.5,284.1302,287.34656,10.980200000000025,14.196560000000034
2017-04-10 19:00:00,26.75,85.75,283.1873,285.7313,10.037300000000016,12.581299999999999
2017-04-10 19:00:00,26.75,86.0,283.1873,285.7313,10.037300000000016,12.581299999999999
2017-04-10 19:00:00,26.75,86.25,282.22043,286.58203,9.070430000000044,13.432029999999997
2017-04-10 19:00:00,26.75,86.5,281.06946,286.65576,7.919460000000015,13.50576000000001
2017-04-10 19:00:00,26.75,86.75,279.9791,285.93228,6.8291000000000395,12.782280000000014
2017-04-10 19:00:00,26.75,87.0,278.57806,285.02194,5.428060000000016,11.871939999999995
2017-04-10 19:00:00,26.75,87.25,277.311,283.951,4.161000000000001,10.801000000000045
2017-04-10 19:00:00,26.75,87.5,276.70798,282.75052,3.557980000000043,9.600520000000017
2017-04-10 19:00:00,26.75,87.75,276.75388,282.90897,3.6038800000000037,9.758970000000033
2017-04-10 19:00:00,26.75,88.0,277.68015,284.20233,4.530150000000049,11.05233000000004
2017-04-10 19:00:00,26.75,88.25,277.68015,284.20233,4.530150000000049,11.05233000000004
2017-04-10 19:00:00,26.75,88.5,279.6493,285.82132,6.499300000000005,12.671320000000037
2017-04-10 19:00:00,26.75,88.75,281.33258,287.01245,8.18258000000003,13.862450000000024
2017-04-10 19:00:00,26.75,89.0,281.32852,286.4341,8.178520000000049,13.284100000000024
2017-04-10 19:00:00,26.75,89.25,281.06113,286.74576,7.911130000000014,13.595760000000041
2017-04-10 19:00:00,26.75,89.5,281.05695,286.58273,7.906949999999995,13.43273000000005
2017-04-10 19:00:00,26.75,89.75,280.41788,285.92474,7.267880000000048,12.774740000000008
2017-04-10 19:00:00,26.75,90.0,283.08817,289.05054,9.938170000000014,15.900540000000035
2017-04-10 19:00:00,26.5,85.5,285.18112,289.3019,12.031120000000044,16.151900000000012
2017-04-10 19:00:00,26.5,85.75,285.0178,289.08786,11.867800000000045,15.93786
2017-04-10 19:00:00,26.5,86.0,285.0178,289.08786,11.867800000000045,15.93786
2017-04-10 19:00:00,26.5,86.25,283.67645,288.33948,10.526450000000011,15.189480000000003
2017-04-10 19:00:00,26.5,86.5,283.18878,287.8592,10.038780000000031,14.70920000000001
2017-04-10 19:00:00,26.5,86.75,282.1518,286.95932,9.001800000000003,13.809320000000014
2017-04-10 19:00:00,26.5,87.0,280.3361,287.5333,7.18610000000001,14.38330000000002
2017-04-10 19:00:00,26.5,87.25,279.86267,288.16638,6.712670000000003,15.016380000000026
2017-04-10 19:00:00,26.5,87.5,279.8263,287.22623,6.676300000000026,14.07623000000001
2017-04-10 19:00:00,26.5,87.75,279.96127,285.93088,6.811270000000036,12.780880000000025
2017-04-10 19:00:00,26.5,88.0,280.6636,286.3604,7.513599999999997,13.21040000000005
2017-04-10 19:00:00,26.5,88.25,280.6636,286.3604,7.513599999999997,13.21040000000005
2017-04-10 19:00:00,26.5,88.5,281.50018,287.23227,8.350180000000023,14.082270000000051
2017-04-10 19:00:00,26.5,88.75,281.92044,288.004,8.770440000000008,14.854000000000042
2017-04-10 19:00:00,26.5,89.0,281.8198,290.5093,8.66980000000001,17.35930000000002
2017-04-10 19:00:00,26.5,89.25,282.11737,290.00726,8.967370000000017,16.857259999999997
2017-04-10 19:00:00,26.5,89.5,284.10983,289.5752,10.95983000000001,16.425200000000018
2017-04-10 19:00:00,26.5,89.75,284.73325,289.75198,11.583250000000021,16.601980000000026
2017-04-10 19:00:00,26.5,90.0,285.44858,289.5347,12.298580000000015,16.38470000000001
2017-04-10 19:00:00,26.25,85.5,284.57678,288.7075,11.426780000000008,15.557500000000005
2017-04-10 19:00:00,26.25,85.75,284.572,288.73282,11.422000000000025,15.582820000000027
2017-04-10 19:00:00,26.25,86.0,284.572,288.73282,11.422000000000025,15.582820000000027
2017-04-10 19:00:00,26.25,86.25,284.36383,288.4315,11.21383000000003,15.281500000000051
2017-04-10 19:00:00,26.25,86.5,283.81918,288.2136,10.66918000000004,15.063600000000008
2017-04-10 19:00:00,26.25,86.75,283.78073,287.88116,10.630730000000028,14.731160000000045
2017-04-10 19:00:00,26.25,87.0,283.38834,287.3702,10.23834000000005,14.220200000000034
2017-04-10 19:00:00,26.25,87.25,282.61523,286.94684,9.46523000000002,13.796840000000032
2017-04-10 19:00:00,26.25,87.5,281.9225,285.69135,8.772500000000036,12.541350000000023
2017-04-10 19:00:00,26.25,87.75,281.16,287.03433,8.010000000000048,13.884330000000034
2017-04-10 19:00:00,26.25,88.0,280.95087,289.46573,7.800870000000032,16.31573000000003
2017-04-10 19:00:00,26.25,88.25,280.95087,289.46573,7.800870000000032,16.31573000000003
2017-04-10 19:00:00,26.25,88.5,281.6145,289.72263,8.464500000000044,16.572630000000004
2017-04-10 19:00:00,26.25,88.75,282.1307,289.9952,8.980700000000013,16.845200000000034
2017-04-10 19:00:00,26.25,89.0,282.2219,290.85254,9.071900000000028,17.70254
2017-04-10 19:00:00,26.25,89.25,282.5072,290.8355,9.357200000000034,17.685500000000047
2017-04-10 19:00:00,26.25,89.5,283.3987,288.82327,10.248700000000042,15.673270000000002
2017-04-10 19:00:00,26.25,89.75,284.6274,289.3412,11.477400000000046,16.191200000000038
2017-04-10 19:00:00,26.25,90.0,286.03738,290.4548,12.887380000000007,17.3048
2017-04-10 19:00:00,26.0,85.5,284.47894,288.6012,11.328940000000046,15.451200000000028
2017-04-10 19:00:00,26.0,85.75,284.62485,288.57697,11.474850000000004,15.42697000000004
2017-04-10 19:00:00,26.0,86.0,284.62485,288.57697,11.474850000000004,15.42697000000004
2017-04-10 19:00:00,26.0,86.25,284.44254,288.52496,11.29254000000003,15.374960000000044
2017-04-10 19:00:00,26.0,86.5,284.4566,288.34515,11.306600000000003,15.195150000000012
2017-04-10 19:00:00,26.0,86.75,284.04996,288.19983,10.899960000000021,15.049830000000043
2017-04-10 19:00:00,26.0,87.0,283.9065,287.78775,10.756500000000017,14.63775000000004
2017-04-10 19:00:00,26.0,87.25,283.82938,287.52353,10.679380000000037,14.373530000000017
2017-04-10 19:00:00,26.0,87.5,283.93323,287.62805,10.783230000000003,14.478049999999996
2017-04-10 19:00:00,26.0,87.75,284.06265,287.8153,10.912650000000042,14.665300000000002
2017-04-10 19:00:00,26.0,88.0,283.81937,287.8941,10.669370000000015,14.744100000000003
2017-04-10 19:00:00,26.0,88.25,283.81937,287.8941,10.669370000000015,14.744100000000003
2017-04-10 19:00:00,26.0,88.5,283.23257,287.63547,10.082570000000032,14.48547000000002
2017-04-10 19:00:00,26.0,88.75,282.6334,286.93173,9.483400000000017,13.781730000000039
2017-04-10 19:00:00,26.0,89.0,282.22385,286.1546,9.07385000000005,13.004600000000039
2017-04-10 19:00:00,26.0,89.25,282.2095,285.99152,9.059500000000014,12.841520000000003
2017-04-10 19:00:00,26.0,89.5,282.7558,288.8436,9.605800000000045,15.693600000000004
2017-04-10 19:00:00,26.0,89.75,284.24286,290.7388,11.09286000000003,17.58880000000005
2017-04-10 19:00:00,26.0,90.0,285.51007,291.85452,12.360070000000007,18.704520000000002
2017-04-10 19:00:00,25.75,85.5,284.32648,288.89307,11.176480000000026,15.743070000000046
2017-04-10 19:00:00,25.75,85.75,284.13843,288.5691,10.98843000000005,15.419100000000014
2017-04-10 19:00:00,25.75,86.0,284.13843,288.5691,10.98843000000005,15.419100000000014
2017-04-10 19:00:00,25.75,86.25,284.29468,288.37897,11.14468000000005,15.228970000000004
2017-04-10 19:00:00,25.75,86.5,284.37973,288.2635,11.229730000000018,15.113500000000045
2017-04-10 19:00:00,25.75,86.75,284.4302,288.18228,11.280200000000036,15.032280000000014
2017-04-10 19:00:00,25.75,87.0,284.4634,288.2351,11.313400000000001,15.085100000000011
2017-04-10 19:00:00,25.75,87.25,284.3409,288.11847,11.1909,14.968470000000025
2017-04-10 19:00:00,25.75,87.5,284.09726,287.85306,10.947260000000028,14.70306000000005
2017-04-10 19:00:00,25.75,87.75,284.0754,287.87454,10.925400000000025,14.724540000000047
2017-04-10 19:00:00,25.75,88.0,284.20905,288.26776,11.059050000000013,15.117760000000033
2017-04-10 19:00:00,25.75,88.25,284.20905,288.26776,11.059050000000013,15.117760000000033
2017-04-10 19:00:00,25.75,88.5,284.19174,288.52332,11.041740000000004,15.373320000000035
2017-04-10 19:00:00,25.75,88.75,283.98328,288.3464,10.833280000000002,15.19640000000004
2017-04-10 19:00:00,25.75,89.0,283.54224,287.91708,10.392240000000015,14.767080000000021
2017-04-10 19:00:00,25.75,89.25,282.88223,287.05978,9.732230000000015,13.909780000000012
2017-04-10 19:00:00,25.75,89.5,282.7047,286.84183,9.554700000000025,13.691830000000039
2017-04-10 19:00:00,25.75,89.75,285.5328,292.04678,12.382800000000032,18.896780000000035
2017-04-10 19:00:00,25.75,90.0,286.70743,291.9723,13.55743000000001,18.82230000000004
2017-04-10 19:00:00,25.5,85.5,284.3512,288.6873,11.201200000000028,15.537300000000016
2017-04-10 19:00:00,25.5,85.75,284.44702,288.84863,11.297020000000032,15.698630000000037
2017-04-10 19:00:00,25.5,86.0,284.44702,288.84863,11.297020000000032,15.698630000000037
2017-04-10 19:00:00,25.5,86.25,284.46533,288.73734,11.315330000000017,15.58734000000004
2017-04-10 19:00:00,25.5,86.5,284.54584,288.89722,11.395840000000021,15.747220000000027
2017-04-10 19:00:00,25.5,86.75,284.5002,288.9048,11.35020000000003,15.754800000000046
2017-04-10 19:00:00,25.5,87.0,284.2092,288.76962,11.059200000000033,15.619619999999998
2017-04-10 19:00:00,25.5,87.25,284.11383,288.6072,10.96383000000003,15.4572
2017-04-10 19:00:00,25.5,87.5,284.44974,288.76474,11.299740000000043,15.61474000000004
2017-04-10 19:00:00,25.5,87.75,284.7734,289.12146,11.623400000000004,15.971460000000036
2017-04-10 19:00:00,25.5,88.0,284.87445,289.30774,11.724450000000047,16.157740000000047
2017-04-10 19:00:00,25.5,88.25,284.87445,289.30774,11.724450000000047,16.157740000000047
2017-04-10 19:00:00,25.5,88.5,284.89352,289.3291,11.743520000000046,16.179100000000005
2017-04-10 19:00:00,25.5,88.75,284.7537,289.32635,11.603700000000003,16.176350000000014
2017-04-10 19:00:00,25.5,89.0,284.1552,288.97186,11.005200000000002,15.821860000000015
2017-04-10 19:00:00,25.5,89.25,282.96902,288.11145,9.819020000000023,14.961450000000013
2017-04-10 19:00:00,25.5,89.5,282.7415,288.65283,9.591499999999996,15.502830000000017
2017-04-10 19:00:00,25.5,89.75,285.95795,293.24704,12.807950000000005,20.09704000000005
2017-04-10 19:00:00,25.5,90.0,286.99136,292.51773,13.841360000000009,19.367729999999995
2017-04-10 19:00:00,25.25,85.5,284.63882,288.8339,11.488820000000032,15.683900000000051
2017-04-10 19:00:00,25.25,85.75,284.3156,288.87415,11.16560000000004,15.724150000000009
2017-04-10 19:00:00,25.25,86.0,284.3156,288.87415,11.16560000000004,15.724150000000009
2017-04-10 19:00:00,25.25,86.25,284.23807,289.04373,11.088070000000016,15.893730000000005
2017-04-10 19:00:00,25.25,86.5,284.65466,289.48743,11.504660000000001,16.33743000000004
2017-04-10 19:00:00,25.25,86.75,284.62585,289.45828,11.475850000000037,16.308280000000025
2017-04-10 19:00:00,25.25,87.0,284.37164,289.28107,11.221640000000036,16.131070000000022
2017-04-10 19:00:00,25.25,87.25,284.31473,289.19418,11.16473000000002,16.04418000000004
2017-04-10 19:00:00,25.25,87.5,284.37674,289.38052,11.226740000000007,16.230520000000013
2017-04-10 19:00:00,25.25,87.75,284.13232,289.3661,10.982320000000016,16.21610000000004
2017-04-10 19:00:00,25.25,88.0,284.07568,289.30234,10.92568,16.152340000000038
2017-04-10 19:00:00,25.25,88.25,284.07568,289.30234,10.92568,16.152340000000038
2017-04-10 19:00:00,25.25,88.5,284.4789,289.42325,11.328900000000033,16.27325000000002
2017-04-10 19:00:00,25.25,88.75,284.72397,289.42404,11.573970000000031,16.274040000000014
2017-04-10 19:00:00,25.25,89.0,284.28674,288.7887,11.136740000000032,15.638700000000028
2017-04-10 19:00:00,25.25,89.25,282.61636,287.1101,9.466360000000009,13.960100000000011
2017-04-10 19:00:00,25.25,89.5,282.5089,289.06506,9.358900000000006,15.91506000000004
2017-04-10 19:00:00,25.25,89.75,284.86874,290.12497,11.718740000000025,16.97497000000004
2017-04-10 19:00:00,25.25,90.0,286.21558,292.607,13.065580000000011,19.45700000000005
2017-04-10 19:00:00,25.0,85.5,284.47556,289.26617,11.325559999999996,16.11617000000001
2017-04-10 19:00:00,25.0,85.75,284.5569,289.4371,11.406900000000007,16.28710000000001
2017-04-10 19:00:00,25.0,86.0,284.5569,289.4371,11.406900000000007,16.28710000000001
2017-04-10 19:00:00,25.0,86.25,284.26862,289.28827,11.118620000000021,16.138270000000034
2017-04-10 19:00:00,25.0,86.5,284.26617,289.16486,11.116170000000011,16.01486
2017-04-10 19:00:00,25.0,86.75,284.2004,288.99338,11.050400000000025,15.843380000000025
2017-04-10 19:00:00,25.0,87.0,284.40927,289.23654,11.259270000000015,16.086540000000014
2017-04-10 19:00:00,25.0,87.25,284.2859,289.23563,11.13590000000005,16.085630000000037
2017-04-10 19:00:00,25.0,87.5,283.6388,288.8931,10.488800000000026,15.743100000000027
2017-04-10 19:00:00,25.0,87.75,283.7986,289.26968,10.648600000000044,16.119680000000017
2017-04-10 19:00:00,25.0,88.0,284.47894,289.99634,11.328940000000046,16.846339999999998
2017-04-10 19:00:00,25.0,88.25,284.47894,289.99634,11.328940000000046,16.846339999999998
2017-04-10 19:00:00,25.0,88.5,284.9254,289.92038,11.775400000000047,16.770380000000046
2017-04-10 19:00:00,25.0,88.75,284.81836,289.30685,11.668360000000007,16.15685000000002
2017-04-10 19:00:00,25.0,89.0,283.3104,287.9494,10.160400000000038,14.799400000000048
2017-04-10 19:00:00,25.0,89.25,282.7408,285.74664,9.590800000000002,12.596640000000036
2017-04-10 19:00:00,25.0,89.5,283.4856,289.20126,10.3356,16.051260000000013
2017-04-10 19:00:00,25.0,89.75,285.89603,291.56152,12.746030000000019,18.411519999999996
2017-04-10 19:00:00,25.0,90.0,287.1206,292.9414,13.970600000000047,19.79140000000001
2017-04-10 19:00:00,24.75,85.5,284.47556,289.26617,11.325559999999996,16.11617000000001
2017-04-10 19:00:00,24.75,85.75,284.5569,289.4371,11.406900000000007,16.28710000000001
2017-04-10 19:00:00,24.75,86.0,284.5569,289.4371,11.406900000000007,16.28710000000001
2017-04-10 19:00:00,24.75,86.25,284.26862,289.28827,11.118620000000021,16.138270000000034
2017-04-10 19:00:00,24.75,86.5,284.26617,289.16486,11.116170000000011,16.01486
2017-04-10 19:00:00,24.75,86.75,284.2004,288.99338,11.050400000000025,15.843380000000025
2017-04-10 19:00:00,24.75,87.0,284.40927,289.23654,11.259270000000015,16.086540000000014
2017-04-10 19:00:00,24.75,87.25,284.2859,289.23563,11.13590000000005,16.085630000000037
2017-04-10 19:00:00,24.75,87.5,283.6388,288.8931,10.488800000000026,15.743100000000027
2017-04-10 19:00:00,24.75,87.75,283.7986,289.26968,10.648600000000044,16.119680000000017
2017-04-10 19:00:00,24.75,88.0,284.47894,289.99634,11.328940000000046,16.846339999999998
2017-04-10 19:00:00,24.75,88.25,284.47894,289.99634,11.328940000000046,16.846339999999998
2017-04-10 19:00:00,24.75,88.5,284.9254,289.92038,11.775400000000047,16.770380000000046
2017-04-10 19:00:00,24.75,88.75,284.81836,289.30685,11.668360000000007,16.15685000000002
2017-04-10 19:00:00,24.75,89.0,283.3104,287.9494,10.160400000000038,14.799400000000048
2017-04-10 19:00:00,24.75,89.25,282.7408,285.74664,9.590800000000002,12.596640000000036
2017-04-10 19:00:00,24.75,89.5,283.4856,289.20126,10.3356,16.051260000000013
2017-04-10 19:00:00,24.75,89.75,285.89603,291.56152,12.746030000000019,18.411519999999996
2017-04-10 19:00:00,24.75,90.0,287.1206,292.9414,13.970600000000047,19.79140000000001
2017-04-10 19:00:00,24.5,85.5,283.68744,288.87357,10.537440000000004,15.723569999999995
2017-04-10 19:00:00,24.5,85.75,283.09647,288.63516,9.946470000000033,15.485160000000008
2017-04-10 19:00:00,24.5,86.0,283.09647,288.63516,9.946470000000033,15.485160000000008
2017-04-10 19:00:00,24.5,86.25,283.1802,288.46957,10.030200000000036,15.319569999999999
2017-04-10 19:00:00,24.5,86.5,283.80875,288.49692,10.658749999999998,15.346920000000011
2017-04-10 19:00:00,24.5,86.75,283.88745,288.43622,10.737450000000024,15.286220000000014
2017-04-10 19:00:00,24.5,87.0,284.01904,288.59344,10.869040000000041,15.44344000000001
2017-04-10 19:00:00,24.5,87.25,283.9391,288.44666,10.789100000000019,15.296660000000031
2017-04-10 19:00:00,24.5,87.5,283.3089,288.072,10.158900000000017,14.922000000000025
2017-04-10 19:00:00,24.5,87.75,283.1728,287.9824,10.022800000000018,14.832400000000007
2017-04-10 19:00:00,24.5,88.0,283.76093,288.6102,10.610929999999996,15.460200000000043
2017-04-10 19:00:00,24.5,88.25,283.76093,288.6102,10.610929999999996,15.460200000000043
2017-04-10 19:00:00,24.5,88.5,284.3989,289.32507,11.248900000000049,16.175070000000005
2017-04-10 19:00:00,24.5,88.75,284.14233,288.27762,10.992330000000038,15.127620000000036
2017-04-10 19:00:00,24.5,89.0,282.75555,286.46872,9.60555000000005,13.318720000000042
2017-04-10 19:00:00,24.5,89.25,283.29926,288.6039,10.149260000000027,15.453900000000033
2017-04-10 19:00:00,24.5,89.5,284.9431,290.4658,11.793100000000038,17.315800000000024
2017-04-10 19:00:00,24.5,89.75,287.77542,293.75427,14.62542000000002,20.604270000000042
2017-04-10 19:00:00,24.5,90.0,289.4742,294.66943,16.32420000000002,21.51943
2017-04-10 19:00:00,24.25,85.5,282.55457,287.71643,9.404570000000035,14.566430000000025
2017-04-10 19:00:00,24.25,85.75,282.30173,287.23947,9.151730000000043,14.089470000000006
2017-04-10 19:00:00,24.25,86.0,282.30173,287.23947,9.151730000000043,14.089470000000006
2017-04-10 19:00:00,24.25,86.25,283.06784,287.80972,9.917840000000012,14.65972000000005
2017-04-10 19:00:00,24.25,86.5,283.66684,288.07632,10.516840000000002,14.926320000000032
2017-04-10 19:00:00,24.25,86.75,284.01233,288.1235,10.862330000000043,14.973500000000001
2017-04-10 19:00:00,24.25,87.0,284.2889,288.4684,11.138900000000035,15.318399999999997
2017-04-10 19:00:00,24.25,87.25,284.5845,288.88858,11.434500000000014,15.738580000000013
2017-04-10 19:00:00,24.25,87.5,284.63498,289.32346,11.484980000000007,16.173460000000034
2017-04-10 19:00:00,24.25,87.75,285.10025,289.7022,11.95025000000004,16.552200000000028
2017-04-10 19:00:00,24.25,88.0,285.17178,288.97867,12.021780000000035,15.828670000000045
2017-04-10 19:00:00,24.25,88.25,285.17178,288.97867,12.021780000000035,15.828670000000045
2017-04-10 19:00:00,24.25,88.5,284.3745,288.69833,11.224500000000035,15.548330000000021
2017-04-10 19:00:00,24.25,88.75,283.7611,289.72522,10.611100000000022,16.57522
2017-04-10 19:00:00,24.25,89.0,283.51056,289.34244,10.36056000000002,16.192440000000033
2017-04-10 19:00:00,24.25,89.25,284.89355,290.97852,11.743550000000027,17.828520000000026
2017-04-10 19:00:00,24.25,89.5,287.36136,291.82236,14.211360000000013,18.672360000000026
2017-04-10 19:00:00,24.25,89.75,289.90372,294.89133,16.753720000000044,21.741330000000005
2017-04-10 19:00:00,24.25,90.0,291.27744,295.98163,18.127440000000036,22.83163000000002
2017-04-10 19:00:00,24.0,85.5,281.74582,286.31564,8.595820000000003,13.165639999999996
2017-04-10 19:00:00,24.0,85.75,281.6472,286.58603,8.49720000000002,13.436030000000017
2017-04-10 19:00:00,24.0,86.0,281.6472,286.58603,8.49720000000002,13.436030000000017
2017-04-10 19:00:00,24.0,86.25,282.56866,287.50565,9.418660000000045,14.355650000000026
2017-04-10 19:00:00,24.0,86.5,282.96506,287.4692,9.815060000000017,14.319200000000023
2017-04-10 19:00:00,24.0,86.75,283.5047,288.18332,10.354700000000037,15.033320000000003
2017-04-10 19:00:00,24.0,87.0,284.1412,289.08746,10.991200000000049,15.937460000000044
2017-04-10 19:00:00,24.0,87.25,284.39847,289.23767,11.248469999999998,16.087670000000003
2017-04-10 19:00:00,24.0,87.5,285.2499,289.20996,12.099900000000048,16.059960000000046
2017-04-10 19:00:00,24.0,87.75,286.42737,290.5184,13.277370000000019,17.36840000000001
2017-04-10 19:00:00,24.0,88.0,286.34677,291.02997,13.196770000000015,17.879970000000014
2017-04-10 19:00:00,24.0,88.25,286.34677,291.02997,13.196770000000015,17.879970000000014
2017-04-10 19:00:00,24.0,88.5,285.5838,290.3829,12.43380000000002,17.23290000000003
2017-04-10 19:00:00,24.0,88.75,286.0056,291.46112,12.855600000000038,18.311120000000017
2017-04-10 19:00:00,24.0,89.0,287.19797,293.04626,14.04797000000002,19.89626000000004
2017-04-10 19:00:00,24.0,89.25,288.52402,294.37213,15.37402000000003,21.22213000000005
2017-04-10 19:00:00,24.0,89.5,289.74088,295.42117,16.590880000000027,22.27117000000004
2017-04-10 19:00:00,24.0,89.75,291.3115,296.76962,18.161500000000046,23.619619999999998
2017-04-10 19:00:00,24.0,90.0,292.13165,297.39462,18.981650000000002,24.244619999999998
2017-04-10 19:00:00,23.75,85.5,282.41806,287.61502,9.268060000000048,14.465020000000038
2017-04-10 19:00:00,23.75,85.75,282.6909,287.75406,9.540900000000022,14.604060000000004
2017-04-10 19:00:00,23.75,86.0,282.6909,287.75406,9.540900000000022,14.604060000000004
2017-04-10 19:00:00,23.75,86.25,283.55087,288.79868,10.400869999999998,15.648680000000013
2017-04-10 19:00:00,23.75,86.5,283.66766,288.78604,10.517660000000035,15.636040000000037
2017-04-10 19:00:00,23.75,86.75,283.5199,289.72745,10.36990000000003,16.57745
2017-04-10 19:00:00,23.75,87.0,283.61328,288.576,10.463279999999997,15.426000000000045
2017-04-10 19:00:00,23.75,87.25,284.0593,288.08517,10.90930000000003,14.935170000000028
2017-04-10 19:00:00,23.75,87.5,286.08264,290.5404,12.932640000000049,17.3904
2017-04-10 19:00:00,23.75,87.75,287.98138,292.33844,14.831380000000024,19.188440000000014
2017-04-10 19:00:00,23.75,88.0,288.63583,292.9841,15.485830000000021,19.834100000000035
2017-04-10 19:00:00,23.75,88.25,288.63583,292.9841,15.485830000000021,19.834100000000035
2017-04-10 19:00:00,23.75,88.5,289.1216,294.1211,15.971600000000024,20.971100000000035
2017-04-10 19:00:00,23.75,88.75,289.91214,295.09296,16.762140000000045,21.942960000000028
2017-04-10 19:00:00,23.75,89.0,290.7954,296.54337,17.645399999999995,23.393370000000004
2017-04-10 19:00:00,23.75,89.25,291.54437,297.57043,18.394370000000038,24.42043000000001
2017-04-10 19:00:00,23.75,89.5,292.09042,298.00595,18.940420000000017,24.855950000000007
2017-04-10 19:00:00,23.75,89.75,292.4512,298.08786,19.301199999999994,24.93786
2017-04-10 19:00:00,23.75,90.0,293.1116,298.76706,19.961600000000033,25.617060000000038
2017-04-10 19:00:00,23.5,85.5,283.0683,286.9876,9.918300000000045,13.837600000000009
2017-04-10 19:00:00,23.5,85.75,283.99008,289.07144,10.84008,15.921440000000018
2017-04-10 19:00:00,23.5,86.0,283.99008,289.07144,10.84008,15.921440000000018
2017-04-10 19:00:00,23.5,86.25,283.8538,288.3602,10.703800000000001,15.210200000000043
2017-04-10 19:00:00,23.5,86.5,284.0029,288.8729,10.852900000000034,15.722900000000038
2017-04-10 19:00:00,23.5,86.75,284.09512,287.8809,10.945120000000031,14.73090000000002
2017-04-10 19:00:00,23.5,87.0,284.9365,288.86798,11.786500000000046,15.717980000000011
2017-04-10 19:00:00,23.5,87.25,286.04593,290.77374,12.895930000000021,17.623739999999998
2017-04-10 19:00:00,23.5,87.5,287.5314,292.58432,14.381400000000042,19.434320000000014
2017-04-10 19:00:00,23.5,87.75,289.3129,294.7806,16.162900000000036,21.630600000000015
2017-04-10 19:00:00,23.5,88.0,290.77295,296.6983,17.622950000000003,23.54830000000004
2017-04-10 19:00:00,23.5,88.25,290.77295,296.6983,17.622950000000003,23.54830000000004
2017-04-10 19:00:00,23.5,88.5,291.78445,297.58673,18.634450000000015,24.43673000000001
2017-04-10 19:00:00,23.5,88.75,292.6582,297.99777,19.508200000000045,24.847770000000025
2017-04-10 19:00:00,23.5,89.0,293.20456,298.1824,20.054560000000038,25.032399999999996
2017-04-10 19:00:00,23.5,89.25,293.20728,298.33334,20.05728000000005,25.183340000000044
2017-04-10 19:00:00,23.5,89.5,292.9273,298.44458,19.777300000000025,25.294579999999996
2017-04-10 19:00:00,23.5,89.75,292.563,298.15057,19.41300000000001,25.00057000000004
2017-04-10 19:00:00,23.5,90.0,292.79752,298.05826,19.647520000000043,24.90826000000004
2017-04-10 19:00:00,23.25,85.5,283.83496,289.1488,10.684960000000046,15.998800000000017
2017-04-10 19:00:00,23.25,85.75,283.51624,288.7529,10.366240000000005,15.602900000000034
2017-04-10 19:00:00,23.25,86.0,283.51624,288.7529,10.366240000000005,15.602900000000034
2017-04-10 19:00:00,23.25,86.25,286.1544,289.62344,13.004400000000032,16.47344000000004
2017-04-10 19:00:00,23.25,86.5,287.11957,290.316,13.969570000000033,17.165999999999997
2017-04-10 19:00:00,23.25,86.75,288.23138,292.14886,15.081380000000024,18.998860000000036
2017-04-10 19:00:00,23.25,87.0,289.2242,293.48178,16.07420000000002,20.331780000000037
2017-04-10 19:00:00,23.25,87.25,290.12708,295.99243,16.97708,22.842430000000036
2017-04-10 19:00:00,23.25,87.5,290.9766,298.0767,17.82660000000004,24.92670000000004
2017-04-10 19:00:00,23.25,87.75,291.71548,298.7864,18.565480000000036,25.636400000000037
2017-04-10 19:00:00,23.25,88.0,292.31573,298.6923,19.165729999999996,25.54230000000001
2017-04-10 19:00:00,23.25,88.25,292.31573,298.6923,19.165729999999996,25.54230000000001
2017-04-10 19:00:00,23.25,88.5,292.93323,298.55234,19.783230000000003,25.402340000000038
2017-04-10 19:00:00,23.25,88.75,293.5283,298.7943,20.378300000000024,25.644300000000044
2017-04-10 19:00:00,23.25,89.0,293.7291,298.92505,20.57910000000004,25.77505000000002
2017-04-10 19:00:00,23.25,89.25,293.69998,298.88837,20.549980000000005,25.73837000000003
2017-04-10 19:00:00,23.25,89.5,293.3593,298.8204,20.20930000000004,25.67040000000003
2017-04-10 19:00:00,23.25,89.75,293.0938,298.5474,19.94380000000001,25.397400000000005
2017-04-10 19:00:00,23.25,90.0,292.63968,297.8968,19.48968000000002,24.746800000000007
2017-04-10 19:00:00,23.0,85.5,284.60825,287.839,11.458250000000021,14.689000000000021
2017-04-10 19:00:00,23.0,85.75,286.06104,290.74014,12.911040000000014,17.59014000000002
2017-04-10 19:00:00,23.0,86.0,286.06104,290.74014,12.911040000000014,17.59014000000002
2017-04-10 19:00:00,23.0,86.25,288.5435,292.3545,15.393500000000017,19.204499999999996
2017-04-10 19:00:00,23.0,86.5,290.82938,294.25787,17.679380000000037,21.107870000000048
2017-04-10 19:00:00,23.0,86.75,292.216,298.28766,19.06600000000003,25.13766000000004
2017-04-10 19:00:00,23.0,87.0,292.95618,300.33658,19.80618000000004,27.18658000000005
2017-04-10 19:00:00,23.0,87.25,293.29135,300.18515,20.141350000000045,27.035150000000044
2017-04-10 19:00:00,23.0,87.5,293.34747,299.71182,20.19747000000001,26.56182000000001
2017-04-10 19:00:00,23.0,87.75,293.3898,299.52063,20.239800000000002,26.370630000000006
2017-04-10 19:00:00,23.0,88.0,293.48303,299.39658,20.333030000000008,26.246579999999994
2017-04-10 19:00:00,23.0,88.25,293.48303,299.39658,20.333030000000008,26.246579999999994
2017-04-10 19:00:00,23.0,88.5,293.63962,299.35565,20.489620000000002,26.20565000000005
2017-04-10 19:00:00,23.0,88.75,293.83737,299.3338,20.687370000000044,26.18380000000002
2017-04-10 19:00:00,23.0,89.0,293.83246,299.20602,20.68246000000005,26.056020000000046
2017-04-10 19:00:00,23.0,89.25,293.80652,299.28732,20.65652,26.137320000000045
2017-04-10 19:00:00,23.0,89.5,293.66568,299.36172,20.51568000000003,26.211720000000014
2017-04-10 19:00:00,23.0,89.75,293.29446,299.1534,20.144460000000038,26.0034
2017-04-10 19:00:00,23.0,90.0,293.08673,298.8308,19.93673000000001,25.680800000000033
2017-04-10 19:00:00,22.75,85.5,286.34335,290.8199,13.19335000000001,17.66990000000004
2017-04-10 19:00:00,22.75,85.75,288.87082,293.92007,15.720820000000003,20.770070000000032
2017-04-10 19:00:00,22.75,86.0,288.87082,293.92007,15.720820000000003,20.770070000000032
2017-04-10 19:00:00,22.75,86.25,291.59875,297.9083,18.448750000000018,24.75830000000002
2017-04-10 19:00:00,22.75,86.5,293.16055,301.1527,20.010550000000023,28.002700000000004
2017-04-10 19:00:00,22.75,86.75,294.24542,301.38907,21.095420000000047,28.239070000000027
2017-04-10 19:00:00,22.75,87.0,294.81204,300.85574,21.662040000000047,27.70574000000005
2017-04-10 19:00:00,22.75,87.25,294.81702,300.19055,21.667020000000036,27.040549999999996
2017-04-10 19:00:00,22.75,87.5,294.44418,299.6818,21.29418000000004,26.531800000000032
2017-04-10 19:00:00,22.75,87.75,294.10693,299.43518,20.95693,26.285180000000025
2017-04-10 19:00:00,22.75,88.0,294.0169,299.31488,20.866900000000044,26.16488000000004
2017-04-10 19:00:00,22.75,88.25,294.0169,299.31488,20.866900000000044,26.16488000000004
2017-04-10 19:00:00,22.75,88.5,294.14056,299.34174,20.990560000000016,26.19174000000004
2017-04-10 19:00:00,22.75,88.75,294.3106,299.5272,21.160600000000045,26.377200000000016
2017-04-10 19:00:00,22.75,89.0,294.5366,299.94864,21.386600000000044,26.798640000000034
2017-04-10 19:00:00,22.75,89.25,294.66412,300.31732,21.514120000000048,27.167320000000018
2017-04-10 19:00:00,22.75,89.5,294.29596,300.05078,21.145960000000002,26.900779999999997
2017-04-10 19:00:00,22.75,89.75,293.79758,299.4719,20.647580000000005,26.321900000000028
2017-04-10 19:00:00,22.75,90.0,293.99857,299.40216,20.848569999999995,26.252160000000003
2017-04-10 19:00:00,22.5,85.5,286.34335,290.8199,13.19335000000001,17.66990000000004
2017-04-10 19:00:00,22.5,85.75,288.87082,293.92007,15.720820000000003,20.770070000000032
2017-04-10 19:00:00,22.5,86.0,288.87082,293.92007,15.720820000000003,20.770070000000032
2017-04-10 19:00:00,22.5,86.25,291.59875,297.9083,18.448750000000018,24.75830000000002
2017-04-10 19:00:00,22.5,86.5,293.16055,301.1527,20.010550000000023,28.002700000000004
2017-04-10 19:00:00,22.5,86.75,294.24542,301.38907,21.095420000000047,28.239070000000027
2017-04-10 19:00:00,22.5,87.0,294.81204,300.85574,21.662040000000047,27.70574000000005
2017-04-10 19:00:00,22.5,87.25,294.81702,300.19055,21.667020000000036,27.040549999999996
2017-04-10 19:00:00,22.5,87.5,294.44418,299.6818,21.29418000000004,26.531800000000032
2017-04-10 19:00:00,22.5,87.75,294.10693,299.43518,20.95693,26.285180000000025
2017-04-10 19:00:00,22.5,88.0,294.0169,299.31488,20.866900000000044,26.16488000000004
2017-04-10 19:00:00,22.5,88.25,294.0169,299.31488,20.866900000000044,26.16488000000004
2017-04-10 19:00:00,22.5,88.5,294.14056,299.34174,20.990560000000016,26.19174000000004
2017-04-10 19:00:00,22.5,88.75,294.3106,299.5272,21.160600000000045,26.377200000000016
2017-04-10 19:00:00,22.5,89.0,294.5366,299.94864,21.386600000000044,26.798640000000034
2017-04-10 19:00:00,22.5,89.25,294.66412,300.31732,21.514120000000048,27.167320000000018
2017-04-10 19:00:00,22.5,89.5,294.29596,300.05078,21.145960000000002,26.900779999999997
2017-04-10 19:00:00,22.5,89.75,293.79758,299.4719,20.647580000000005,26.321900000000028
2017-04-10 19:00:00,22.5,90.0,293.99857,299.40216,20.848569999999995,26.252160000000003
2017-04-10 19:00:00,22.25,85.5,289.13135,295.9073,15.98135000000002,22.757300000000043
2017-04-10 19:00:00,22.25,85.75,290.83588,295.71478,17.685879999999997,22.56478000000004
2017-04-10 19:00:00,22.25,86.0,290.83588,295.71478,17.685879999999997,22.56478000000004
2017-04-10 19:00:00,22.25,86.25,292.53986,299.05087,19.38986,25.900869999999998
2017-04-10 19:00:00,22.25,86.5,292.79987,301.2971,19.64987000000002,28.147100000000023
2017-04-10 19:00:00,22.25,86.75,294.46317,301.5679,21.313170000000014,28.41790000000003
2017-04-10 19:00:00,22.25,87.0,295.06702,300.3724,21.917020000000036,27.22240000000005
2017-04-10 19:00:00,22.25,87.25,295.10986,299.73682,21.95986000000005,26.586820000000046
2017-04-10 19:00:00,22.25,87.5,294.75177,299.5737,21.601770000000045,26.423699999999997
2017-04-10 19:00:00,22.25,87.75,294.55487,299.73022,21.404870000000017,26.580219999999997
2017-04-10 19:00:00,22.25,88.0,294.2369,299.54843,21.086900000000014,26.39843000000002
2017-04-10 19:00:00,22.25,88.25,294.2369,299.54843,21.086900000000014,26.39843000000002
2017-04-10 19:00:00,22.25,88.5,294.0646,299.45935,20.914600000000007,26.309349999999995
2017-04-10 19:00:00,22.25,88.75,294.22223,299.6388,21.072230000000047,26.488800000000026
2017-04-10 19:00:00,22.25,89.0,294.5556,299.8168,21.40560000000005,26.666800000000023
2017-04-10 19:00:00,22.25,89.25,294.55045,299.9314,21.400450000000035,26.78140000000002
2017-04-10 19:00:00,22.25,89.5,294.21698,299.9971,21.06698,26.84710000000001
2017-04-10 19:00:00,22.25,89.75,294.23038,299.9831,21.080380000000048,26.8331
2017-04-10 19:00:00,22.25,90.0,294.2636,299.8742,21.11360000000002,26.724199999999996
2017-04-10 19:00:00,22.0,85.5,289.6016,295.35455,16.45160000000004,22.20455000000004
2017-04-10 19:00:00,22.0,85.75,291.72906,297.57245,18.579060000000027,24.422450000000026
2017-04-10 19:00:00,22.0,86.0,291.72906,297.57245,18.579060000000027,24.422450000000026
2017-04-10 19:00:00,22.0,86.25,292.61496,298.44626,19.46496000000002,25.296260000000018
2017-04-10 19:00:00,22.0,86.5,292.76733,299.45645,19.617330000000038,26.30645000000004
2017-04-10 19:00:00,22.0,86.75,294.7976,301.02423,21.64760000000001,27.87423000000001
2017-04-10 19:00:00,22.0,87.0,295.22162,300.3045,22.071619999999996,27.15450000000004
2017-04-10 19:00:00,22.0,87.25,295.11847,300.11606,21.968470000000025,26.966060000000027
2017-04-10 19:00:00,22.0,87.5,294.81638,299.76782,21.666380000000004,26.617819999999995
2017-04-10 19:00:00,22.0,87.75,294.651,299.29944,21.501000000000033,26.149440000000027
2017-04-10 19:00:00,22.0,88.0,294.52838,299.50723,21.37838000000005,26.357230000000015
2017-04-10 19:00:00,22.0,88.25,294.52838,299.50723,21.37838000000005,26.357230000000015
2017-04-10 19:00:00,22.0,88.5,294.4419,299.47906,21.2919,26.329060000000027
2017-04-10 19:00:00,22.0,88.75,294.44696,299.42667,21.296960000000013,26.276670000000024
2017-04-10 19:00:00,22.0,89.0,294.45996,299.71222,21.309960000000046,26.562220000000025
2017-04-10 19:00:00,22.0,89.25,294.5109,299.81735,21.360900000000015,26.66735
2017-04-10 19:00:00,22.0,89.5,294.63242,299.8195,21.482420000000047,26.669500000000028
2017-04-10 19:00:00,22.0,89.75,294.75754,299.9305,21.60754000000003,26.780500000000018
2017-04-10 19:00:00,22.0,90.0,295.01996,299.96243,21.86996000000005,26.812430000000006
2017-04-10 19:00:00,21.75,85.5,291.62292,297.89612,18.472920000000045,24.74612000000002
2017-04-10 19:00:00,21.75,85.75,293.72153,298.37152,20.571529999999996,25.221519999999998
2017-04-10 19:00:00,21.75,86.0,293.72153,298.37152,20.571529999999996,25.221519999999998
2017-04-10 19:00:00,21.75,86.25,294.17337,297.53455,21.02337,24.384550000000047
2017-04-10 19:00:00,21.75,86.5,294.99182,298.91595,21.84182000000004,25.765950000000032
2017-04-10 19:00:00,21.75,86.75,296.06976,300.39374,22.919759999999997,27.243740000000003
2017-04-10 19:00:00,21.75,87.0,295.59186,299.69708,22.44186000000002,26.54708000000005
2017-04-10 19:00:00,21.75,87.25,295.19547,299.5178,22.045470000000023,26.367800000000045
2017-04-10 19:00:00,21.75,87.5,295.0461,299.17902,21.896100000000047,26.029020000000003
2017-04-10 19:00:00,21.75,87.75,295.50012,298.52185,22.350120000000004,25.371849999999995
2017-04-10 19:00:00,21.75,88.0,295.26245,298.50128,22.112450000000024,25.35128000000003
2017-04-10 19:00:00,21.75,88.25,295.26245,298.50128,22.112450000000024,25.35128000000003
2017-04-10 19:00:00,21.75,88.5,295.21133,298.40878,22.061329999999998,25.25878
2017-04-10 19:00:00,21.75,88.75,295.1352,298.59695,21.98520000000002,25.446950000000015
2017-04-10 19:00:00,21.75,89.0,294.65686,298.92102,21.506860000000017,25.77102000000002
2017-04-10 19:00:00,21.75,89.25,294.86786,298.50827,21.71786000000003,25.358270000000005
2017-04-10 19:00:00,21.75,89.5,295.5444,297.9969,22.39440000000002,24.846900000000005
2017-04-10 19:00:00,21.75,89.75,295.6193,298.00174,22.469300000000032,24.851740000000007
2017-04-10 19:00:00,21.75,90.0,295.72778,298.09244,22.57778000000002,24.942440000000033
2017-04-10 19:00:00,21.5,85.5,292.80307,298.77737,19.653070000000014,25.62737000000004
2017-04-10 19:00:00,21.5,85.75,295.39334,300.10657,22.243340000000046,26.95657
2017-04-10 19:00:00,21.5,86.0,295.39334,300.10657,22.243340000000046,26.95657
2017-04-10 19:00:00,21.5,86.25,297.21405,300.6274,24.06405000000001,27.477400000000046
2017-04-10 19:00:00,21.5,86.5,298.14026,301.05374,24.990260000000035,27.903740000000028
2017-04-10 19:00:00,21.5,86.75,297.72885,300.8391,24.578850000000045,27.689099999999996
2017-04-10 19:00:00,21.5,87.0,296.7073,299.15698,23.557299999999998,26.00698
2017-04-10 19:00:00,21.5,87.25,296.25986,298.42206,23.109860000000026,25.27206000000001
2017-04-10 19:00:00,21.5,87.5,296.15277,298.2875,23.002769999999998,25.137500000000045
2017-04-10 19:00:00,21.5,87.75,296.0946,298.05798,22.944600000000037,24.90798000000001
2017-04-10 19:00:00,21.5,88.0,295.9867,297.8658,22.836700000000008,24.7158
2017-04-10 19:00:00,21.5,88.25,295.9867,297.8658,22.836700000000008,24.7158
2017-04-10 19:00:00,21.5,88.5,295.87164,297.72562,22.721640000000036,24.575620000000015
2017-04-10 19:00:00,21.5,88.75,295.82495,297.73367,22.674950000000024,24.58367000000004
2017-04-10 19:00:00,21.5,89.0,295.79486,297.8358,22.64486000000005,24.68580000000003
2017-04-10 19:00:00,21.5,89.25,295.7154,297.81558,22.56540000000001,24.665580000000034
2017-04-10 19:00:00,21.5,89.5,295.66055,297.76813,22.510550000000023,24.618130000000008
2017-04-10 19:00:00,21.5,89.75,295.65466,297.80908,22.50466,24.659080000000017
2017-04-10 19:00:00,21.5,90.0,295.60403,297.84558,22.454030000000046,24.695580000000007
2017-04-10 19:00:00,21.25,85.5,294.2874,300.3189,21.137400000000014,27.168900000000008
2017-04-10 19:00:00,21.25,85.75,296.57785,301.4692,23.427850000000035,28.319200000000023
2017-04-10 19:00:00,21.25,86.0,296.57785,301.4692,23.427850000000035,28.319200000000023
2017-04-10 19:00:00,21.25,86.25,298.76614,302.20822,25.61614000000003,29.058220000000006
2017-04-10 19:00:00,21.25,86.5,299.1424,301.88953,25.992400000000032,28.739530000000002
2017-04-10 19:00:00,21.25,86.75,298.33704,300.68497,25.187040000000025,27.534970000000044
2017-04-10 19:00:00,21.25,87.0,296.72186,298.64642,23.571860000000015,25.49642
2017-04-10 19:00:00,21.25,87.25,296.08032,297.91547,22.930319999999995,24.76547000000005
2017-04-10 19:00:00,21.25,87.5,295.98343,297.8287,22.83343000000002,24.67870000000005
2017-04-10 19:00:00,21.25,87.75,296.0141,297.8362,22.864100000000008,24.686200000000042
2017-04-10 19:00:00,21.25,88.0,296.02368,297.80524,22.873680000000036,24.65524000000005
2017-04-10 19:00:00,21.25,88.25,296.02368,297.80524,22.873680000000036,24.65524000000005
2017-04-10 19:00:00,21.25,88.5,295.98453,297.73495,22.83453000000003,24.58495000000005
2017-04-10 19:00:00,21.25,88.75,295.92606,297.66745,22.77606000000003,24.517449999999997
2017-04-10 19:00:00,21.25,89.0,295.86688,297.60168,22.716880000000003,24.45168000000001
2017-04-10 19:00:00,21.25,89.25,295.8029,297.62555,22.652900000000045,24.47555
2017-04-10 19:00:00,21.25,89.5,295.77008,297.7417,22.62008000000003,24.591700000000003
2017-04-10 19:00:00,21.25,89.75,295.74918,297.76584,22.599180000000047,24.61584000000005
2017-04-10 19:00:00,21.25,90.0,295.62888,297.77972,22.478880000000004,24.62972000000002
2017-04-10 19:00:00,21.0,85.5,294.9757,300.4212,21.82570000000004,27.27120000000002
2017-04-10 19:00:00,21.0,85.75,296.46503,301.27118,23.315030000000036,28.121180000000038
2017-04-10 19:00:00,21.0,86.0,296.46503,301.27118,23.315030000000036,28.121180000000038
2017-04-10 19:00:00,21.0,86.25,297.91956,301.25363,24.769560000000013,28.10363000000001
2017-04-10 19:00:00,21.0,86.5,298.06165,300.69266,24.91165000000001,27.542660000000012
2017-04-10 19:00:00,21.0,86.75,297.56525,299.39124,24.415250000000015,26.241240000000005
2017-04-10 19:00:00,21.0,87.0,296.3632,298.09787,23.21320000000003,24.947870000000023
2017-04-10 19:00:00,21.0,87.25,295.82312,297.6697,22.67312000000004,24.5197
2017-04-10 19:00:00,21.0,87.5,295.77002,297.62286,22.62002000000001,24.472860000000026
2017-04-10 19:00:00,21.0,87.75,295.8386,297.6158,22.688600000000008,24.4658
2017-04-10 19:00:00,21.0,88.0,295.90356,297.58304,22.75356000000005,24.433040000000005
2017-04-10 19:00:00,21.0,88.25,295.90356,297.58304,22.75356000000005,24.433040000000005
2017-04-10 19:00:00,21.0,88.5,295.94757,297.54962,22.797570000000007,24.399620000000027
2017-04-10 19:00:00,21.0,88.75,295.9325,297.57883,22.782500000000027,24.428830000000005
2017-04-10 19:00:00,21.0,89.0,295.87433,297.62756,22.72433000000001,24.47756000000004
2017-04-10 19:00:00,21.0,89.25,295.82294,297.65164,22.67294000000004,24.50164000000001
2017-04-10 19:00:00,21.0,89.5,295.7926,297.62604,22.642600000000016,24.476040000000012
2017-04-10 19:00:00,21.0,89.75,295.7655,297.5721,22.615499999999997,24.4221
2017-04-10 19:00:00,21.0,90.0,295.70868,297.67575,22.558680000000038,24.525750000000016
2017-04-10 20:00:00,27.5,85.5,278.36447,283.3961,5.214470000000006,10.246100000000013
2017-04-10 20:00:00,27.5,85.75,276.16315,282.0147,3.013149999999996,8.864700000000028
2017-04-10 20:00:00,27.5,86.0,276.16315,282.0147,3.013149999999996,8.864700000000028
2017-04-10 20:00:00,27.5,86.25,274.0569,279.884,0.9069000000000074,6.734000000000037
2017-04-10 20:00:00,27.5,86.5,270.99478,280.34976,-2.1552199999999857,7.199760000000026
2017-04-10 20:00:00,27.5,86.75,267.15866,279.1437,-5.99133999999998,5.993700000000047
2017-04-10 20:00:00,27.5,87.0,264.60135,277.5918,-8.548649999999952,4.441800000000001
2017-04-10 20:00:00,27.5,87.25,263.1905,274.5321,-9.959499999999991,1.3821000000000367
2017-04-10 20:00:00,27.5,87.5,262.379,273.7707,-10.770999999999958,0.6206999999999994
2017-04-10 20:00:00,27.5,87.75,262.9892,274.0529,-10.160799999999995,0.9029000000000451
2017-04-10 20:00:00,27.5,88.0,266.8333,275.02692,-6.316699999999969,1.876920000000041
2017-04-10 20:00:00,27.5,88.25,266.8333,275.02692,-6.316699999999969,1.876920000000041
2017-04-10 20:00:00,27.5,88.5,272.37122,278.306,-0.7787799999999834,5.156000000000006
2017-04-10 20:00:00,27.5,88.75,273.49554,278.40137,0.34554000000002816,5.2513700000000085
2017-04-10 20:00:00,27.5,89.0,267.99582,271.31427,-5.154179999999997,-1.8357299999999555
2017-04-10 20:00:00,27.5,89.25,264.09537,268.26126,-9.054629999999975,-4.888739999999984
2017-04-10 20:00:00,27.5,89.5,268.08548,273.38702,-5.064519999999959,0.23702000000002954
2017-04-10 20:00:00,27.5,89.75,273.7038,276.43347,0.5538000000000238,3.2834700000000225
2017-04-10 20:00:00,27.5,90.0,278.79413,282.1776,5.644130000000018,9.027600000000007
2017-04-10 20:00:00,27.25,85.5,282.1391,287.35367,8.989100000000008,14.203670000000045
2017-04-10 20:00:00,27.25,85.75,280.68503,286.64874,7.535030000000006,13.498739999999998
2017-04-10 20:00:00,27.25,86.0,280.68503,286.64874,7.535030000000006,13.498739999999998
2017-04-10 20:00:00,27.25,86.25,279.1496,285.70404,5.999600000000044,12.554040000000043
2017-04-10 20:00:00,27.25,86.5,276.37885,283.943,3.2288500000000226,10.793000000000006
2017-04-10 20:00:00,27.25,86.75,274.5917,280.8849,1.4417000000000257,7.734900000000039
2017-04-10 20:00:00,27.25,87.0,272.324,278.59735,-0.825999999999965,5.447350000000029
2017-04-10 20:00:00,27.25,87.25,270.83096,279.4973,-2.3190399999999727,6.347300000000018
2017-04-10 20:00:00,27.25,87.5,270.27246,279.29297,-2.8775399999999536,6.142970000000048
2017-04-10 20:00:00,27.25,87.75,270.3159,277.56442,-2.834099999999978,4.414420000000007
2017-04-10 20:00:00,27.25,88.0,272.02847,277.98306,-1.1215299999999502,4.833060000000046
2017-04-10 20:00:00,27.25,88.25,272.02847,277.98306,-1.1215299999999502,4.833060000000046
2017-04-10 20:00:00,27.25,88.5,275.51132,281.45236,2.3613200000000347,8.302360000000022
2017-04-10 20:00:00,27.25,88.75,277.16226,282.92215,4.012260000000026,9.77215000000001
2017-04-10 20:00:00,27.25,89.0,273.97583,279.05807,0.8258299999999963,5.908070000000009
2017-04-10 20:00:00,27.25,89.25,270.37643,278.11096,-2.7735699999999497,4.96096
2017-04-10 20:00:00,27.25,89.5,271.77832,278.78436,-1.3716799999999694,5.634360000000015
2017-04-10 20:00:00,27.25,89.75,274.12424,278.25565,0.9742400000000089,5.105650000000026
2017-04-10 20:00:00,27.25,90.0,277.70163,282.33698,4.551630000000046,9.186980000000005
2017-04-10 20:00:00,27.0,85.5,282.1391,287.35367,8.989100000000008,14.203670000000045
2017-04-10 20:00:00,27.0,85.75,280.68503,286.64874,7.535030000000006,13.498739999999998
2017-04-10 20:00:00,27.0,86.0,280.68503,286.64874,7.535030000000006,13.498739999999998
2017-04-10 20:00:00,27.0,86.25,279.1496,285.70404,5.999600000000044,12.554040000000043
2017-04-10 20:00:00,27.0,86.5,276.37885,283.943,3.2288500000000226,10.793000000000006
2017-04-10 20:00:00,27.0,86.75,274.5917,280.8849,1.4417000000000257,7.734900000000039
2017-04-10 20:00:00,27.0,87.0,272.324,278.59735,-0.825999999999965,5.447350000000029
2017-04-10 20:00:00,27.0,87.25,270.83096,279.4973,-2.3190399999999727,6.347300000000018
2017-04-10 20:00:00,27.0,87.5,270.27246,279.29297,-2.8775399999999536,6.142970000000048
2017-04-10 20:00:00,27.0,87.75,270.3159,277.56442,-2.834099999999978,4.414420000000007
2017-04-10 20:00:00,27.0,88.0,272.02847,277.98306,-1.1215299999999502,4.833060000000046
2017-04-10 20:00:00,27.0,88.25,272.02847,277.98306,-1.1215299999999502,4.833060000000046
2017-04-10 20:00:00,27.0,88.5,275.51132,281.45236,2.3613200000000347,8.302360000000022
2017-04-10 20:00:00,27.0,88.75,277.16226,282.92215,4.012260000000026,9.77215000000001
2017-04-10 20:00:00,27.0,89.0,273.97583,279.05807,0.8258299999999963,5.908070000000009
2017-04-10 20:00:00,27.0,89.25,270.37643,278.11096,-2.7735699999999497,4.96096
2017-04-10 20:00:00,27.0,89.5,271.77832,278.78436,-1.3716799999999694,5.634360000000015
2017-04-10 20:00:00,27.0,89.75,274.12424,278.25565,0.9742400000000089,5.105650000000026
2017-04-10 20:00:00,27.0,90.0,277.70163,282.33698,4.551630000000046,9.186980000000005
2017-04-10 20:00:00,26.75,85.5,283.3442,285.95917,10.194200000000023,12.809169999999995
2017-04-10 20:00:00,26.75,85.75,282.4652,286.04977,9.315200000000004,12.899770000000046
2017-04-10 20:00:00,26.75,86.0,282.4652,286.04977,9.315200000000004,12.899770000000046
2017-04-10 20:00:00,26.75,86.25,281.73468,288.45914,8.584680000000048,15.309140000000014
2017-04-10 20:00:00,26.75,86.5,280.6415,286.84564,7.4915000000000305,13.695640000000026
2017-04-10 20:00:00,26.75,86.75,279.79544,285.89465,6.645440000000008,12.744650000000036
2017-04-10 20:00:00,26.75,87.0,278.61182,284.98145,5.461820000000046,11.831450000000018
2017-04-10 20:00:00,26.75,87.25,277.14005,283.46173,3.9900499999999965,10.311730000000011
2017-04-10 20:00:00,26.75,87.5,276.35254,282.52466,3.202539999999999,9.374660000000006
2017-04-10 20:00:00,26.75,87.75,276.4993,282.61176,3.349300000000028,9.461760000000027
2017-04-10 20:00:00,26.75,88.0,277.38843,283.51425,4.238430000000051,10.364250000000027
2017-04-10 20:00:00,26.75,88.25,277.38843,283.51425,4.238430000000051,10.364250000000027
2017-04-10 20:00:00,26.75,88.5,279.09314,285.20474,5.943140000000028,12.054740000000038
2017-04-10 20:00:00,26.75,88.75,280.57092,286.32977,7.420920000000024,13.179770000000019
2017-04-10 20:00:00,26.75,89.0,280.28424,285.64502,7.134240000000034,12.495020000000011
2017-04-10 20:00:00,26.75,89.25,279.8298,285.72864,6.6798,12.578640000000007
2017-04-10 20:00:00,26.75,89.5,279.8046,285.56897,6.654600000000016,12.418970000000002
2017-04-10 20:00:00,26.75,89.75,279.11676,285.17926,5.966760000000022,12.029260000000022
2017-04-10 20:00:00,26.75,90.0,281.89624,287.90662,8.74624,14.756619999999998
2017-04-10 20:00:00,26.5,85.5,284.48645,288.62756,11.336450000000013,15.47756000000004
2017-04-10 20:00:00,26.5,85.75,284.32913,288.5086,11.179130000000043,15.358600000000024
2017-04-10 20:00:00,26.5,86.0,284.32913,288.5086,11.179130000000043,15.358600000000024
2017-04-10 20:00:00,26.5,86.25,282.95032,287.4192,9.80032,14.269200000000012
2017-04-10 20:00:00,26.5,86.5,282.4705,286.6236,9.320500000000038,13.473600000000033
2017-04-10 20:00:00,26.5,86.75,281.80127,286.1702,8.651270000000011,13.020200000000045
2017-04-10 20:00:00,26.5,87.0,280.0213,287.02066,6.871300000000019,13.870660000000044
2017-04-10 20:00:00,26.5,87.25,279.42944,287.99896,6.279440000000022,14.848960000000034
2017-04-10 20:00:00,26.5,87.5,279.3193,286.95273,6.169300000000021,13.802729999999997
2017-04-10 20:00:00,26.5,87.75,279.39554,285.6084,6.245540000000005,12.45840000000004
2017-04-10 20:00:00,26.5,88.0,280.03165,286.2132,6.881650000000036,13.063199999999995
2017-04-10 20:00:00,26.5,88.25,280.03165,286.2132,6.881650000000036,13.063199999999995
2017-04-10 20:00:00,26.5,88.5,280.8149,287.35104,7.664900000000046,14.201040000000035
2017-04-10 20:00:00,26.5,88.75,281.1447,288.41144,7.994700000000023,15.26144000000005
2017-04-10 20:00:00,26.5,89.0,280.8951,289.78906,7.745100000000036,16.63906000000003
2017-04-10 20:00:00,26.5,89.25,281.10776,287.20593,7.9577600000000075,14.055930000000046
2017-04-10 20:00:00,26.5,89.5,282.93753,288.33157,9.787530000000004,15.181570000000022
2017-04-10 20:00:00,26.5,89.75,283.69324,289.4129,10.543240000000026,16.262900000000002
2017-04-10 20:00:00,26.5,90.0,284.49072,289.40778,11.340720000000033,16.257780000000025
2017-04-10 20:00:00,26.25,85.5,283.91876,288.06802,10.768760000000043,14.918020000000013
2017-04-10 20:00:00,26.25,85.75,283.85855,288.067,10.708550000000002,14.91700000000003
2017-04-10 20:00:00,26.25,86.0,283.85855,288.067,10.708550000000002,14.91700000000003
2017-04-10 20:00:00,26.25,86.25,283.66388,287.81833,10.513880000000029,14.668330000000026
2017-04-10 20:00:00,26.25,86.5,283.0602,287.49835,9.910200000000032,14.348350000000039
2017-04-10 20:00:00,26.25,86.75,283.0543,287.3469,9.904300000000035,14.196900000000028
2017-04-10 20:00:00,26.25,87.0,282.69876,286.77246,9.548760000000016,13.622460000000046
2017-04-10 20:00:00,26.25,87.25,281.97552,286.18954,8.82552000000004,13.039540000000045
2017-04-10 20:00:00,26.25,87.5,281.31403,285.10654,8.164030000000025,11.956540000000018
2017-04-10 20:00:00,26.25,87.75,280.574,285.85187,7.424000000000035,12.701870000000042
2017-04-10 20:00:00,26.25,88.0,280.36484,288.13562,7.214840000000038,14.98562000000004
2017-04-10 20:00:00,26.25,88.25,280.36484,288.13562,7.214840000000038,14.98562000000004
2017-04-10 20:00:00,26.25,88.5,281.0051,289.5534,7.85510000000005,16.403400000000033
2017-04-10 20:00:00,26.25,88.75,281.52408,290.32532,8.374080000000049,17.17532
2017-04-10 20:00:00,26.25,89.0,281.6194,290.8367,8.469400000000007,17.68670000000003
2017-04-10 20:00:00,26.25,89.25,281.9159,290.1536,8.765900000000045,17.003600000000006
2017-04-10 20:00:00,26.25,89.5,282.97165,287.53433,9.821650000000034,14.384330000000034
2017-04-10 20:00:00,26.25,89.75,284.2514,289.392,11.101400000000012,16.24200000000002
2017-04-10 20:00:00,26.25,90.0,285.5983,290.4064,12.448300000000017,17.256400000000042
2017-04-10 20:00:00,26.0,85.5,284.0206,287.97037,10.870600000000024,14.820370000000025
2017-04-10 20:00:00,26.0,85.75,284.0607,288.00067,10.91070000000002,14.850670000000036
2017-04-10 20:00:00,26.0,86.0,284.0607,288.00067,10.91070000000002,14.850670000000036
2017-04-10 20:00:00,26.0,86.25,283.8274,287.99515,10.677400000000034,14.845150000000046
2017-04-10 20:00:00,26.0,86.5,283.80133,287.79083,10.65133000000003,14.64083000000005
2017-04-10 20:00:00,26.0,86.75,283.31277,287.54855,10.162770000000023,14.39855
2017-04-10 20:00:00,26.0,87.0,283.10834,287.15323,9.958340000000021,14.00323000000003
2017-04-10 20:00:00,26.0,87.25,283.0049,286.89493,9.854900000000043,13.74493000000001
2017-04-10 20:00:00,26.0,87.5,283.12015,286.95453,9.970150000000046,13.80453
2017-04-10 20:00:00,26.0,87.75,283.27826,287.14703,10.128260000000012,13.997029999999995
2017-04-10 20:00:00,26.0,88.0,283.01086,287.11322,9.860860000000002,13.963220000000035
2017-04-10 20:00:00,26.0,88.25,283.01086,287.11322,9.860860000000002,13.963220000000035
2017-04-10 20:00:00,26.0,88.5,282.35577,286.3541,9.20577000000003,13.20410000000004
2017-04-10 20:00:00,26.0,88.75,281.80194,285.12155,8.651940000000025,11.971550000000036
2017-04-10 20:00:00,26.0,89.0,281.59592,284.4883,8.445920000000001,11.338300000000004
2017-04-10 20:00:00,26.0,89.25,281.6933,284.87515,8.543300000000045,11.725150000000042
2017-04-10 20:00:00,26.0,89.5,282.2237,287.9951,9.07370000000003,14.845100000000002
2017-04-10 20:00:00,26.0,89.75,283.73022,289.57883,10.580219999999997,16.428830000000005
2017-04-10 20:00:00,26.0,90.0,285.06937,291.40347,11.919370000000015,18.25347000000005
2017-04-10 20:00:00,25.75,85.5,283.83826,288.386,10.688260000000014,15.236000000000047
2017-04-10 20:00:00,25.75,85.75,283.5679,287.9466,10.417900000000031,14.796600000000012
2017-04-10 20:00:00,25.75,86.0,283.5679,287.9466,10.417900000000031,14.796600000000012
2017-04-10 20:00:00,25.75,86.25,283.6596,287.6644,10.509600000000034,14.514400000000023
2017-04-10 20:00:00,25.75,86.5,283.73245,287.59622,10.582449999999994,14.44622000000004
2017-04-10 20:00:00,25.75,86.75,283.77652,287.58752,10.626520000000028,14.437520000000006
2017-04-10 20:00:00,25.75,87.0,283.8251,287.62326,10.675100000000043,14.473260000000039
2017-04-10 20:00:00,25.75,87.25,283.7187,287.49646,10.568700000000035,14.346460000000036
2017-04-10 20:00:00,25.75,87.5,283.45325,287.30408,10.303250000000048,14.154080000000022
2017-04-10 20:00:00,25.75,87.75,283.39154,287.36453,10.241540000000043,14.214530000000025
2017-04-10 20:00:00,25.75,88.0,283.44385,287.61658,10.29385000000002,14.466580000000022
2017-04-10 20:00:00,25.75,88.25,283.44385,287.61658,10.29385000000002,14.466580000000022
2017-04-10 20:00:00,25.75,88.5,283.28452,287.572,10.134520000000009,14.422000000000025
2017-04-10 20:00:00,25.75,88.75,282.9446,287.15277,9.794600000000003,14.002769999999998
2017-04-10 20:00:00,25.75,89.0,282.51883,286.74847,9.368830000000003,13.59847000000002
2017-04-10 20:00:00,25.75,89.25,282.06287,285.92233,8.912869999999998,12.77233000000001
2017-04-10 20:00:00,25.75,89.5,281.73666,284.97546,8.586659999999995,11.825460000000021
2017-04-10 20:00:00,25.75,89.75,284.39392,289.18835,11.243920000000003,16.038350000000037
2017-04-10 20:00:00,25.75,90.0,286.11172,291.82687,12.961720000000014,18.676870000000008
2017-04-10 20:00:00,25.5,85.5,283.85367,288.01117,10.703670000000045,14.861170000000016
2017-04-10 20:00:00,25.5,85.75,283.9444,288.1602,10.794399999999996,15.010199999999998
2017-04-10 20:00:00,25.5,86.0,283.9444,288.1602,10.794399999999996,15.010199999999998
2017-04-10 20:00:00,25.5,86.25,283.85675,288.08243,10.70675,14.93243000000001
2017-04-10 20:00:00,25.5,86.5,283.94357,288.1936,10.793570000000045,15.043600000000026
2017-04-10 20:00:00,25.5,86.75,283.92175,288.18497,10.771749999999997,15.034970000000044
2017-04-10 20:00:00,25.5,87.0,283.6738,288.08334,10.523800000000051,14.933340000000044
2017-04-10 20:00:00,25.5,87.25,283.61087,287.93488,10.46087,14.784880000000044
2017-04-10 20:00:00,25.5,87.5,283.98285,288.02023,10.832850000000008,14.87023000000005
2017-04-10 20:00:00,25.5,87.75,284.37268,288.3395,11.222680000000025,15.18950000000001
2017-04-10 20:00:00,25.5,88.0,284.5089,288.6472,11.358900000000006,15.49720000000002
2017-04-10 20:00:00,25.5,88.25,284.5089,288.6472,11.358900000000006,15.49720000000002
2017-04-10 20:00:00,25.5,88.5,284.52676,288.83527,11.376760000000047,15.685270000000003
2017-04-10 20:00:00,25.5,88.75,284.38315,288.8101,11.233150000000023,15.6601
2017-04-10 20:00:00,25.5,89.0,283.79285,288.30014,10.64285000000001,15.150140000000022
2017-04-10 20:00:00,25.5,89.25,282.6592,286.94778,9.509200000000021,13.797780000000046
2017-04-10 20:00:00,25.5,89.5,281.90247,285.5341,8.752470000000017,12.384100000000046
2017-04-10 20:00:00,25.5,89.75,285.34818,292.86533,12.198180000000036,19.715329999999994
2017-04-10 20:00:00,25.5,90.0,286.28558,291.61353,13.135580000000004,18.46353000000005
2017-04-10 20:00:00,25.25,85.5,284.07617,288.04965,10.926170000000013,14.899650000000008
2017-04-10 20:00:00,25.25,85.75,283.74298,288.04453,10.592980000000011,14.894530000000032
2017-04-10 20:00:00,25.25,86.0,283.74298,288.04453,10.592980000000011,14.894530000000032
2017-04-10 20:00:00,25.25,86.25,283.53964,288.18182,10.389640000000043,15.031820000000039
2017-04-10 20:00:00,25.25,86.5,284.01517,288.6963,10.865170000000035,15.54630000000003
2017-04-10 20:00:00,25.25,86.75,284.04947,288.7803,10.899470000000008,15.630300000000034
2017-04-10 20:00:00,25.25,87.0,283.8374,288.64413,10.687400000000025,15.494130000000041
2017-04-10 20:00:00,25.25,87.25,283.72226,288.4892,10.572260000000028,15.339200000000005
2017-04-10 20:00:00,25.25,87.5,283.815,288.66034,10.66500000000002,15.510340000000042
2017-04-10 20:00:00,25.25,87.75,283.70984,288.72073,10.559840000000008,15.570730000000026
2017-04-10 20:00:00,25.25,88.0,283.69485,288.65323,10.544849999999997,15.50323000000003
2017-04-10 20:00:00,25.25,88.25,283.69485,288.65323,10.544849999999997,15.50323000000003
2017-04-10 20:00:00,25.25,88.5,284.0555,288.74084,10.905500000000018,15.590840000000014
2017-04-10 20:00:00,25.25,88.75,284.32404,288.79053,11.174040000000048,15.640530000000012
2017-04-10 20:00:00,25.25,89.0,283.98718,288.4562,10.837180000000046,15.306200000000047
2017-04-10 20:00:00,25.25,89.25,282.40323,287.18567,9.25323000000003,14.035670000000039
2017-04-10 20:00:00,25.25,89.5,281.56207,286.69324,8.412070000000028,13.543240000000026
2017-04-10 20:00:00,25.25,89.75,283.8925,289.07074,10.742500000000007,15.920740000000023
2017-04-10 20:00:00,25.25,90.0,285.4518,291.80142,12.301800000000014,18.65142000000003
2017-04-10 20:00:00,25.0,85.5,284.00177,288.41455,10.851770000000045,15.264550000000042
2017-04-10 20:00:00,25.0,85.75,284.07394,288.6761,10.923940000000016,15.526100000000042
2017-04-10 20:00:00,25.0,86.0,284.07394,288.6761,10.923940000000016,15.526100000000042
2017-04-10 20:00:00,25.0,86.25,283.782,288.63605,10.632000000000005,15.486050000000034
2017-04-10 20:00:00,25.0,86.5,283.7856,288.54993,10.63560000000001,15.39993000000004
2017-04-10 20:00:00,25.0,86.75,283.73578,288.3755,10.58578,15.225500000000011
2017-04-10 20:00:00,25.0,87.0,283.94174,288.6368,10.791740000000004,15.486800000000017
2017-04-10 20:00:00,25.0,87.25,283.81644,288.63828,10.666440000000023,15.488280000000032
2017-04-10 20:00:00,25.0,87.5,283.2695,288.3577,10.119500000000016,15.207700000000045
2017-04-10 20:00:00,25.0,87.75,283.5108,288.7651,10.36080000000004,15.61510000000004
2017-04-10 20:00:00,25.0,88.0,284.2062,289.42892,11.056200000000047,16.278920000000028
2017-04-10 20:00:00,25.0,88.25,284.2062,289.42892,11.056200000000047,16.278920000000028
2017-04-10 20:00:00,25.0,88.5,284.575,289.36285,11.425000000000011,16.212850000000003
2017-04-10 20:00:00,25.0,88.75,284.5224,288.91766,11.372400000000027,15.767660000000035
2017-04-10 20:00:00,25.0,89.0,283.29605,287.72534,10.146050000000002,14.57534000000004
2017-04-10 20:00:00,25.0,89.25,282.1346,285.24622,8.9846,12.096220000000017
2017-04-10 20:00:00,25.0,89.5,282.5849,287.31876,9.434900000000027,14.16876000000002
2017-04-10 20:00:00,25.0,89.75,285.0561,291.06448,11.906100000000038,17.914480000000026
2017-04-10 20:00:00,25.0,90.0,286.30396,292.235,13.15396000000004,19.085000000000036
2017-04-10 20:00:00,24.75,85.5,284.00177,288.41455,10.851770000000045,15.264550000000042
2017-04-10 20:00:00,24.75,85.75,284.07394,288.6761,10.923940000000016,15.526100000000042
2017-04-10 20:00:00,24.75,86.0,284.07394,288.6761,10.923940000000016,15.526100000000042
2017-04-10 20:00:00,24.75,86.25,283.782,288.63605,10.632000000000005,15.486050000000034
2017-04-10 20:00:00,24.75,86.5,283.7856,288.54993,10.63560000000001,15.39993000000004
2017-04-10 20:00:00,24.75,86.75,283.73578,288.3755,10.58578,15.225500000000011
2017-04-10 20:00:00,24.75,87.0,283.94174,288.6368,10.791740000000004,15.486800000000017
2017-04-10 20:00:00,24.75,87.25,283.81644,288.63828,10.666440000000023,15.488280000000032
2017-04-10 20:00:00,24.75,87.5,283.2695,288.3577,10.119500000000016,15.207700000000045
2017-04-10 20:00:00,24.75,87.75,283.5108,288.7651,10.36080000000004,15.61510000000004
2017-04-10 20:00:00,24.75,88.0,284.2062,289.42892,11.056200000000047,16.278920000000028
2017-04-10 20:00:00,24.75,88.25,284.2062,289.42892,11.056200000000047,16.278920000000028
2017-04-10 20:00:00,24.75,88.5,284.575,289.36285,11.425000000000011,16.212850000000003
2017-04-10 20:00:00,24.75,88.75,284.5224,288.91766,11.372400000000027,15.767660000000035
2017-04-10 20:00:00,24.75,89.0,283.29605,287.72534,10.146050000000002,14.57534000000004
2017-04-10 20:00:00,24.75,89.25,282.1346,285.24622,8.9846,12.096220000000017
2017-04-10 20:00:00,24.75,89.5,282.5849,287.31876,9.434900000000027,14.16876000000002
2017-04-10 20:00:00,24.75,89.75,285.0561,291.06448,11.906100000000038,17.914480000000026
2017-04-10 20:00:00,24.75,90.0,286.30396,292.235,13.15396000000004,19.085000000000036
2017-04-10 20:00:00,24.5,85.5,283.30972,288.254,10.15972000000005,15.104000000000042
2017-04-10 20:00:00,24.5,85.75,282.7115,288.02887,9.561500000000024,14.878870000000006
2017-04-10 20:00:00,24.5,86.0,282.7115,288.02887,9.561500000000024,14.878870000000006
2017-04-10 20:00:00,24.5,86.25,282.6739,287.85275,9.523900000000026,14.702750000000037
2017-04-10 20:00:00,24.5,86.5,283.29623,287.93832,10.146230000000003,14.788319999999999
2017-04-10 20:00:00,24.5,86.75,283.45334,287.89783,10.303340000000048,14.747830000000022
2017-04-10 20:00:00,24.5,87.0,283.67633,288.13312,10.52633000000003,14.983120000000042
2017-04-10 20:00:00,24.5,87.25,283.65762,288.05035,10.507620000000031,14.900350000000003
2017-04-10 20:00:00,24.5,87.5,283.05054,287.75403,9.900540000000035,14.604030000000023
2017-04-10 20:00:00,24.5,87.75,282.85077,287.50378,9.700770000000034,14.353780000000029
2017-04-10 20:00:00,24.5,88.0,283.34576,287.83133,10.195760000000007,14.681330000000003
2017-04-10 20:00:00,24.5,88.25,283.34576,287.83133,10.195760000000007,14.681330000000003
2017-04-10 20:00:00,24.5,88.5,283.92282,288.11276,10.772820000000024,14.962760000000003
2017-04-10 20:00:00,24.5,88.75,283.62006,287.09482,10.470060000000046,13.94482000000005
2017-04-10 20:00:00,24.5,89.0,282.19055,286.48163,9.040549999999996,13.331630000000018
2017-04-10 20:00:00,24.5,89.25,282.61874,288.32025,9.468740000000025,15.17025000000001
2017-04-10 20:00:00,24.5,89.5,284.29163,289.2136,11.14163000000002,16.063600000000008
2017-04-10 20:00:00,24.5,89.75,287.10205,292.71158,13.952050000000042,19.56158000000005
2017-04-10 20:00:00,24.5,90.0,288.93857,293.8356,15.78857000000005,20.685600000000022
2017-04-10 20:00:00,24.25,85.5,282.31607,287.11383,9.166070000000047,13.96383000000003
2017-04-10 20:00:00,24.25,85.75,281.92084,286.65814,8.770840000000021,13.508140000000026
2017-04-10 20:00:00,24.25,86.0,281.92084,286.65814,8.770840000000021,13.508140000000026
2017-04-10 20:00:00,24.25,86.25,282.57977,287.1894,9.429770000000019,14.0394
2017-04-10 20:00:00,24.25,86.5,283.19962,287.56232,10.049620000000004,14.412320000000022
2017-04-10 20:00:00,24.25,86.75,283.59677,287.69418,10.446770000000015,14.54418000000004
2017-04-10 20:00:00,24.25,87.0,283.90698,288.06128,10.756979999999999,14.911280000000033
2017-04-10 20:00:00,24.25,87.25,284.22433,288.5716,11.074330000000032,15.421600000000012
2017-04-10 20:00:00,24.25,87.5,284.22568,288.8639,11.075680000000034,15.713900000000024
2017-04-10 20:00:00,24.25,87.75,284.59036,289.11313,11.440359999999998,15.963130000000035
2017-04-10 20:00:00,24.25,88.0,284.50964,289.07083,11.359640000000013,15.920830000000024
2017-04-10 20:00:00,24.25,88.25,284.50964,289.07083,11.359640000000013,15.920830000000024
2017-04-10 20:00:00,24.25,88.5,283.69922,288.97513,10.549220000000048,15.825130000000001
2017-04-10 20:00:00,24.25,88.75,283.39236,289.30835,10.24236000000002,16.15835000000004
2017-04-10 20:00:00,24.25,89.0,283.45493,289.4597,10.304930000000013,16.30970000000002
2017-04-10 20:00:00,24.25,89.25,284.87674,290.08292,11.726740000000007,16.932920000000024
2017-04-10 20:00:00,24.25,89.5,286.92444,291.24286,13.774440000000027,18.09286000000003
2017-04-10 20:00:00,24.25,89.75,289.2681,293.9235,16.118100000000027,20.773500000000013
2017-04-10 20:00:00,24.25,90.0,290.876,295.23007,17.726,22.080070000000035
2017-04-10 20:00:00,24.0,85.5,281.25546,285.6583,8.10546000000005,12.50830000000002
2017-04-10 20:00:00,24.0,85.75,281.03802,285.90475,7.88802000000004,12.754750000000001
2017-04-10 20:00:00,24.0,86.0,281.03802,285.90475,7.88802000000004,12.754750000000001
2017-04-10 20:00:00,24.0,86.25,282.02792,286.9712,8.877920000000017,13.821200000000033
2017-04-10 20:00:00,24.0,86.5,282.448,287.09003,9.298000000000002,13.940030000000036
2017-04-10 20:00:00,24.0,86.75,282.75,287.60358,9.600000000000023,14.453580000000045
2017-04-10 20:00:00,24.0,87.0,283.07187,287.45264,9.921870000000013,14.302639999999997
2017-04-10 20:00:00,24.0,87.25,283.37863,287.76553,10.22863000000001,14.615530000000035
2017-04-10 20:00:00,24.0,87.5,284.50815,288.5776,11.358150000000023,15.42760000000004
2017-04-10 20:00:00,24.0,87.75,285.9354,290.21738,12.785400000000038,17.067380000000014
2017-04-10 20:00:00,24.0,88.0,286.21542,290.98502,13.065420000000017,17.835020000000043
2017-04-10 20:00:00,24.0,88.25,286.21542,290.98502,13.065420000000017,17.835020000000043
2017-04-10 20:00:00,24.0,88.5,285.9058,290.45584,12.755800000000022,17.305840000000046
2017-04-10 20:00:00,24.0,88.75,286.46844,291.07944,13.31844000000001,17.92944
2017-04-10 20:00:00,24.0,89.0,287.43158,292.6735,14.28158000000002,19.523500000000013
2017-04-10 20:00:00,24.0,89.25,288.48056,294.1509,15.330560000000048,21.0009
2017-04-10 20:00:00,24.0,89.5,289.47162,295.1358,16.321619999999996,21.98580000000004
2017-04-10 20:00:00,24.0,89.75,290.9217,296.23373,17.77170000000001,23.083730000000003
2017-04-10 20:00:00,24.0,90.0,291.70218,296.87427,18.55218000000002,23.724270000000047
2017-04-10 20:00:00,23.75,85.5,281.8481,286.9349,8.69810000000001,13.78490000000005
2017-04-10 20:00:00,23.75,85.75,282.2084,287.17963,9.058400000000006,14.029629999999997
2017-04-10 20:00:00,23.75,86.0,282.2084,287.17963,9.058400000000006,14.029629999999997
2017-04-10 20:00:00,23.75,86.25,282.8956,288.14963,9.745600000000024,14.999630000000025
2017-04-10 20:00:00,23.75,86.5,282.5747,286.58755,9.42470000000003,13.437550000000044
2017-04-10 20:00:00,23.75,86.75,282.7151,288.78665,9.56510000000003,15.636650000000031
2017-04-10 20:00:00,23.75,87.0,282.97174,287.73145,9.821740000000034,14.581450000000018
2017-04-10 20:00:00,23.75,87.25,283.5313,287.04974,10.38130000000001,13.899740000000008
2017-04-10 20:00:00,23.75,87.5,285.7173,289.85913,12.567300000000046,16.709130000000016
2017-04-10 20:00:00,23.75,87.75,287.88974,292.23593,14.73974000000004,19.08593000000002
2017-04-10 20:00:00,23.75,88.0,288.92963,293.23938,15.779629999999997,20.089380000000006
2017-04-10 20:00:00,23.75,88.25,288.92963,293.23938,15.779629999999997,20.089380000000006
2017-04-10 20:00:00,23.75,88.5,289.5824,294.41428,16.43240000000003,21.264280000000042
2017-04-10 20:00:00,23.75,88.75,290.133,295.23303,16.983000000000004,22.083030000000008
2017-04-10 20:00:00,23.75,89.0,290.7772,296.41306,17.627200000000016,23.263059999999996
2017-04-10 20:00:00,23.75,89.25,291.4867,297.36765,18.336700000000008,24.21765000000005
2017-04-10 20:00:00,23.75,89.5,291.96152,297.89102,18.81152000000003,24.74102000000005
2017-04-10 20:00:00,23.75,89.75,292.31564,298.06094,19.165639999999996,24.91094000000004
2017-04-10 20:00:00,23.75,90.0,292.92142,298.93707,19.771420000000035,25.78707000000003
2017-04-10 20:00:00,23.5,85.5,282.68027,286.36572,9.53027000000003,13.215720000000033
2017-04-10 20:00:00,23.5,85.75,283.40924,288.45358,10.259240000000034,15.30358000000001
2017-04-10 20:00:00,23.5,86.0,283.40924,288.45358,10.259240000000034,15.30358000000001
2017-04-10 20:00:00,23.5,86.25,282.9814,287.05823,9.83140000000003,13.908230000000003
2017-04-10 20:00:00,23.5,86.5,283.24872,288.05923,10.098720000000014,14.909230000000036
2017-04-10 20:00:00,23.5,86.75,283.40103,287.13388,10.251030000000014,13.98388
2017-04-10 20:00:00,23.5,87.0,284.26672,287.66068,11.116720000000043,14.510680000000036
2017-04-10 20:00:00,23.5,87.25,285.44852,289.3228,12.298519999999996,16.172799999999995
2017-04-10 20:00:00,23.5,87.5,287.14886,291.4838,13.998860000000036,18.333799999999997
2017-04-10 20:00:00,23.5,87.75,289.3064,294.46085,16.15640000000002,21.310850000000016
2017-04-10 20:00:00,23.5,88.0,291.11255,296.9986,17.96255000000002,23.848600000000033
2017-04-10 20:00:00,23.5,88.25,291.11255,296.9986,17.96255000000002,23.848600000000033
2017-04-10 20:00:00,23.5,88.5,292.2415,297.94632,19.091499999999996,24.796320000000037
2017-04-10 20:00:00,23.5,88.75,292.97424,298.10324,19.82424000000003,24.95324000000005
2017-04-10 20:00:00,23.5,89.0,293.2703,298.12595,20.120300000000043,24.97595000000001
2017-04-10 20:00:00,23.5,89.25,293.24942,298.28427,20.09942000000001,25.134270000000015
2017-04-10 20:00:00,23.5,89.5,293.04044,298.57666,19.890440000000012,25.426660000000027
2017-04-10 20:00:00,23.5,89.75,292.65097,298.31677,19.500969999999995,25.166770000000042
2017-04-10 20:00:00,23.5,90.0,292.63486,298.1931,19.484860000000026,25.043100000000038
2017-04-10 20:00:00,23.25,85.5,283.3554,288.424,10.205399999999997,15.274000000000001
2017-04-10 20:00:00,23.25,85.75,282.68018,288.46143,9.53018000000003,15.31143000000003
2017-04-10 20:00:00,23.25,86.0,282.68018,288.46143,9.53018000000003,15.31143000000003
2017-04-10 20:00:00,23.25,86.25,285.18298,290.0018,12.03298000000001,16.851800000000026
2017-04-10 20:00:00,23.25,86.5,286.17355,289.28174,13.02355,16.131740000000036
2017-04-10 20:00:00,23.25,86.75,287.3162,290.711,14.166200000000003,17.561000000000035
2017-04-10 20:00:00,23.25,87.0,288.31735,292.28387,15.167349999999999,19.13387
2017-04-10 20:00:00,23.25,87.25,289.24155,294.29892,16.09155000000004,21.148920000000032
2017-04-10 20:00:00,23.25,87.5,290.46335,297.2421,17.313350000000014,24.092100000000016
2017-04-10 20:00:00,23.25,87.75,291.70322,298.94818,18.55322000000001,25.798180000000002
2017-04-10 20:00:00,23.25,88.0,292.57285,298.96356,19.42285000000004,25.813559999999995
2017-04-10 20:00:00,23.25,88.25,292.57285,298.96356,19.42285000000004,25.813559999999995
2017-04-10 20:00:00,23.25,88.5,293.17715,298.84384,20.027150000000006,25.693840000000023
2017-04-10 20:00:00,23.25,88.75,293.59106,298.92096,20.44106000000005,25.770960000000002
2017-04-10 20:00:00,23.25,89.0,293.65237,298.84634,20.50237000000004,25.69634000000002
2017-04-10 20:00:00,23.25,89.25,293.58975,298.5466,20.439750000000004,25.396600000000035
2017-04-10 20:00:00,23.25,89.5,293.3175,298.47913,20.167500000000018,25.32913000000002
2017-04-10 20:00:00,23.25,89.75,292.98566,298.3501,19.83566000000002,25.20010000000002
2017-04-10 20:00:00,23.25,90.0,292.3247,297.57147,19.17470000000003,24.42147
2017-04-10 20:00:00,23.0,85.5,283.76453,287.10968,10.614530000000002,13.959680000000048
2017-04-10 20:00:00,23.0,85.75,285.0956,290.38538,11.945600000000013,17.23538000000002
2017-04-10 20:00:00,23.0,86.0,285.0956,290.38538,11.945600000000013,17.23538000000002
2017-04-10 20:00:00,23.0,86.25,287.41928,291.49594,14.269280000000037,18.34594000000004
2017-04-10 20:00:00,23.0,86.5,289.63876,293.09543,16.488760000000013,19.945430000000044
2017-04-10 20:00:00,23.0,86.75,291.127,298.14297,17.977000000000032,24.992970000000014
2017-04-10 20:00:00,23.0,87.0,292.01553,299.284,18.865530000000035,26.134000000000015
2017-04-10 20:00:00,23.0,87.25,292.61063,299.7384,19.460630000000037,26.588400000000036
2017-04-10 20:00:00,23.0,87.5,292.98956,300.03522,19.839560000000006,26.885220000000004
2017-04-10 20:00:00,23.0,87.75,293.31107,299.82532,20.161069999999995,26.67532
2017-04-10 20:00:00,23.0,88.0,293.54913,299.5392,20.399130000000014,26.389200000000017
2017-04-10 20:00:00,23.0,88.25,293.54913,299.5392,20.399130000000014,26.389200000000017
2017-04-10 20:00:00,23.0,88.5,293.68192,299.29926,20.531920000000014,26.149260000000027
2017-04-10 20:00:00,23.0,88.75,293.77283,299.08945,20.62283000000002,25.939450000000022
2017-04-10 20:00:00,23.0,89.0,293.69336,298.83295,20.543360000000007,25.682950000000005
2017-04-10 20:00:00,23.0,89.25,293.61588,298.93234,20.465880000000027,25.782340000000033
2017-04-10 20:00:00,23.0,89.5,293.44147,299.0055,20.291470000000004,25.855500000000006
2017-04-10 20:00:00,23.0,89.75,292.93097,298.68228,19.780970000000025,25.532280000000014
2017-04-10 20:00:00,23.0,90.0,292.61844,298.3327,19.468440000000044,25.18270000000001
2017-04-10 20:00:00,22.75,85.5,285.7253,291.84695,12.575300000000027,18.696950000000015
2017-04-10 20:00:00,22.75,85.75,288.07843,294.09134,14.928430000000048,20.941340000000025
2017-04-10 20:00:00,22.75,86.0,288.07843,294.09134,14.928430000000048,20.941340000000025
2017-04-10 20:00:00,22.75,86.25,290.59552,298.118,17.445520000000045,24.968000000000018
2017-04-10 20:00:00,22.75,86.5,292.15723,300.28256,19.00723000000005,27.132560000000012
2017-04-10 20:00:00,22.75,86.75,293.30725,300.32376,20.157250000000033,27.173760000000016
2017-04-10 20:00:00,22.75,87.0,294.20013,300.92752,21.050130000000024,27.777520000000038
2017-04-10 20:00:00,22.75,87.25,294.5615,300.43542,21.411500000000046,27.285420000000045
2017-04-10 20:00:00,22.75,87.5,294.49606,299.80908,21.346060000000023,26.659080000000017
2017-04-10 20:00:00,22.75,87.75,294.3083,299.52728,21.158299999999997,26.37728000000004
2017-04-10 20:00:00,22.75,88.0,294.20322,299.4188,21.05322000000001,26.2688
2017-04-10 20:00:00,22.75,88.25,294.20322,299.4188,21.05322000000001,26.2688
2017-04-10 20:00:00,22.75,88.5,294.23013,299.40448,21.080129999999997,26.25448
2017-04-10 20:00:00,22.75,88.75,294.29123,299.45123,21.141230000000007,26.301230000000032
2017-04-10 20:00:00,22.75,89.0,294.40305,299.87106,21.25305000000003,26.721060000000023
2017-04-10 20:00:00,22.75,89.25,294.40375,300.22562,21.253750000000025,27.075620000000015
2017-04-10 20:00:00,22.75,89.5,293.87476,299.71613,20.724760000000003,26.566130000000044
2017-04-10 20:00:00,22.75,89.75,293.26236,299.06665,20.112360000000024,25.916650000000004
2017-04-10 20:00:00,22.75,90.0,293.5971,299.06808,20.447100000000034,25.91808000000003
2017-04-10 20:00:00,22.5,85.5,285.7253,291.84695,12.575300000000027,18.696950000000015
2017-04-10 20:00:00,22.5,85.75,288.07843,294.09134,14.928430000000048,20.941340000000025
2017-04-10 20:00:00,22.5,86.0,288.07843,294.09134,14.928430000000048,20.941340000000025
2017-04-10 20:00:00,22.5,86.25,290.59552,298.118,17.445520000000045,24.968000000000018
2017-04-10 20:00:00,22.5,86.5,292.15723,300.28256,19.00723000000005,27.132560000000012
2017-04-10 20:00:00,22.5,86.75,293.30725,300.32376,20.157250000000033,27.173760000000016
2017-04-10 20:00:00,22.5,87.0,294.20013,300.92752,21.050130000000024,27.777520000000038
2017-04-10 20:00:00,22.5,87.25,294.5615,300.43542,21.411500000000046,27.285420000000045
2017-04-10 20:00:00,22.5,87.5,294.49606,299.80908,21.346060000000023,26.659080000000017
2017-04-10 20:00:00,22.5,87.75,294.3083,299.52728,21.158299999999997,26.37728000000004
2017-04-10 20:00:00,22.5,88.0,294.20322,299.4188,21.05322000000001,26.2688
2017-04-10 20:00:00,22.5,88.25,294.20322,299.4188,21.05322000000001,26.2688
2017-04-10 20:00:00,22.5,88.5,294.23013,299.40448,21.080129999999997,26.25448
2017-04-10 20:00:00,22.5,88.75,294.29123,299.45123,21.141230000000007,26.301230000000032
2017-04-10 20:00:00,22.5,89.0,294.40305,299.87106,21.25305000000003,26.721060000000023
2017-04-10 20:00:00,22.5,89.25,294.40375,300.22562,21.253750000000025,27.075620000000015
2017-04-10 20:00:00,22.5,89.5,293.87476,299.71613,20.724760000000003,26.566130000000044
2017-04-10 20:00:00,22.5,89.75,293.26236,299.06665,20.112360000000024,25.916650000000004
2017-04-10 20:00:00,22.5,90.0,293.5971,299.06808,20.447100000000034,25.91808000000003
2017-04-10 20:00:00,22.25,85.5,288.89227,295.4687,15.742270000000019,22.318700000000035
2017-04-10 20:00:00,22.25,85.75,290.5225,295.0956,17.372500000000002,21.945600000000013
2017-04-10 20:00:00,22.25,86.0,290.5225,295.0956,17.372500000000002,21.945600000000013
2017-04-10 20:00:00,22.25,86.25,292.12756,298.24185,18.97756000000004,25.091850000000022
2017-04-10 20:00:00,22.25,86.5,292.26935,299.6731,19.119349999999997,26.5231
2017-04-10 20:00:00,22.25,86.75,294.0098,301.32477,20.859800000000007,28.174770000000024
2017-04-10 20:00:00,22.25,87.0,294.89285,300.91553,21.742850000000033,27.765530000000012
2017-04-10 20:00:00,22.25,87.25,295.23517,300.34833,22.085170000000005,27.19833
2017-04-10 20:00:00,22.25,87.5,295.1419,300.04153,21.991900000000044,26.891530000000046
2017-04-10 20:00:00,22.25,87.75,295.06973,300.0314,21.919730000000015,26.881400000000042
2017-04-10 20:00:00,22.25,88.0,294.7103,299.73355,21.56030000000004,26.583550000000002
2017-04-10 20:00:00,22.25,88.25,294.7103,299.73355,21.56030000000004,26.583550000000002
2017-04-10 20:00:00,22.25,88.5,294.38217,299.53525,21.232169999999996,26.385250000000042
2017-04-10 20:00:00,22.25,88.75,294.344,299.61978,21.194000000000017,26.469780000000014
2017-04-10 20:00:00,22.25,89.0,294.46838,299.7757,21.318380000000047,26.625699999999995
2017-04-10 20:00:00,22.25,89.25,294.28104,299.8144,21.13104000000004,26.6644
2017-04-10 20:00:00,22.25,89.5,293.83624,299.7095,20.686239999999998,26.559500000000014
2017-04-10 20:00:00,22.25,89.75,293.80554,299.6645,20.65554000000003,26.514499999999998
2017-04-10 20:00:00,22.25,90.0,293.9316,299.64023,20.781600000000026,26.490229999999997
2017-04-10 20:00:00,22.0,85.5,289.75616,296.42484,16.606160000000045,23.27484000000004
2017-04-10 20:00:00,22.0,85.75,291.81848,297.72696,18.668480000000045,24.576960000000042
2017-04-10 20:00:00,22.0,86.0,291.81848,297.72696,18.668480000000045,24.576960000000042
2017-04-10 20:00:00,22.0,86.25,292.67316,298.3023,19.52316000000002,25.152300000000025
2017-04-10 20:00:00,22.0,86.5,292.7197,300.1597,19.56970000000001,27.00970000000001
2017-04-10 20:00:00,22.0,86.75,294.82013,301.57983,21.67013000000003,28.429830000000038
2017-04-10 20:00:00,22.0,87.0,295.38516,300.6319,22.235160000000008,27.481899999999996
2017-04-10 20:00:00,22.0,87.25,295.47562,300.2862,22.325620000000015,27.13620000000003
2017-04-10 20:00:00,22.0,87.5,295.38672,300.01437,22.236720000000048,26.864370000000008
2017-04-10 20:00:00,22.0,87.75,295.3034,299.54993,22.153400000000033,26.39993000000004
2017-04-10 20:00:00,22.0,88.0,295.1234,299.77255,21.973400000000026,26.622550000000047
2017-04-10 20:00:00,22.0,88.25,295.1234,299.77255,21.973400000000026,26.622550000000047
2017-04-10 20:00:00,22.0,88.5,294.8804,299.72052,21.73040000000003,26.570520000000045
2017-04-10 20:00:00,22.0,88.75,294.65967,299.50613,21.50967000000003,26.356130000000007
2017-04-10 20:00:00,22.0,89.0,294.42902,299.60352,21.279020000000003,26.453520000000026
2017-04-10 20:00:00,22.0,89.25,294.29343,299.60382,21.143430000000023,26.453820000000007
2017-04-10 20:00:00,22.0,89.5,294.32303,299.58704,21.17303000000004,26.437040000000025
2017-04-10 20:00:00,22.0,89.75,294.43985,299.78348,21.28985,26.63348000000002
2017-04-10 20:00:00,22.0,90.0,294.80627,299.9397,21.656270000000006,26.78970000000004
2017-04-10 20:00:00,21.75,85.5,291.9132,298.9387,18.76320000000004,25.788700000000006
2017-04-10 20:00:00,21.75,85.75,294.03003,299.06824,20.880030000000033,25.918240000000026
2017-04-10 20:00:00,21.75,86.0,294.03003,299.06824,20.880030000000033,25.918240000000026
2017-04-10 20:00:00,21.75,86.25,294.46518,297.71674,21.315179999999998,24.56674000000004
2017-04-10 20:00:00,21.75,86.5,295.30896,299.15042,22.158960000000036,26.00042000000002
2017-04-10 20:00:00,21.75,86.75,296.34363,300.36044,23.19363000000004,27.210440000000006
2017-04-10 20:00:00,21.75,87.0,295.83606,299.7713,22.686059999999998,26.62130000000002
2017-04-10 20:00:00,21.75,87.25,295.5093,299.67157,22.35930000000002,26.521569999999997
2017-04-10 20:00:00,21.75,87.5,295.43307,299.3474,22.28307000000001,26.197400000000016
2017-04-10 20:00:00,21.75,87.75,295.9005,298.5547,22.750500000000045,25.404700000000048
2017-04-10 20:00:00,21.75,88.0,295.60544,298.47696,22.45544000000001,25.326960000000042
2017-04-10 20:00:00,21.75,88.25,295.60544,298.47696,22.45544000000001,25.326960000000042
2017-04-10 20:00:00,21.75,88.5,295.46292,298.41806,22.31292000000002,25.268060000000048
2017-04-10 20:00:00,21.75,88.75,295.23364,298.55814,22.083640000000003,25.408140000000003
2017-04-10 20:00:00,21.75,89.0,294.5606,298.78894,21.410600000000045,25.638940000000048
2017-04-10 20:00:00,21.75,89.25,294.68103,298.35486,21.531030000000044,25.204859999999996
2017-04-10 20:00:00,21.75,89.5,295.3846,297.8736,22.2346,24.723600000000033
2017-04-10 20:00:00,21.75,89.75,295.5059,297.94165,22.35590000000002,24.791650000000004
2017-04-10 20:00:00,21.75,90.0,295.78302,298.12378,22.633020000000045,24.973780000000033
2017-04-10 20:00:00,21.5,85.5,293.0954,299.2608,19.945400000000006,26.11080000000004
2017-04-10 20:00:00,21.5,85.75,295.71524,300.90222,22.565240000000017,27.752220000000023
2017-04-10 20:00:00,21.5,86.0,295.71524,300.90222,22.565240000000017,27.752220000000023
2017-04-10 20:00:00,21.5,86.25,297.48703,300.91855,24.337030000000027,27.768550000000005
2017-04-10 20:00:00,21.5,86.5,298.42905,301.11945,25.27905000000004,27.969449999999995
2017-04-10 20:00:00,21.5,86.75,297.91635,300.71527,24.766350000000045,27.565269999999998
2017-04-10 20:00:00,21.5,87.0,296.86987,299.11523,23.719870000000014,25.96523000000002
2017-04-10 20:00:00,21.5,87.25,296.418,298.42014,23.26800000000003,25.270140000000026
2017-04-10 20:00:00,21.5,87.5,296.30807,298.23853,23.15807000000001,25.08853000000005
2017-04-10 20:00:00,21.5,87.75,296.2283,297.9466,23.078300000000013,24.796600000000012
2017-04-10 20:00:00,21.5,88.0,296.0749,297.8015,22.924900000000036,24.6515
2017-04-10 20:00:00,21.5,88.25,296.0749,297.8015,22.924900000000036,24.6515
2017-04-10 20:00:00,21.5,88.5,295.90582,297.73248,22.75582000000003,24.582480000000032
2017-04-10 20:00:00,21.5,88.75,295.80948,297.71884,22.65948000000003,24.568840000000023
2017-04-10 20:00:00,21.5,89.0,295.74194,297.75287,22.591940000000022,24.602869999999996
2017-04-10 20:00:00,21.5,89.25,295.6362,297.68964,22.486199999999997,24.53964000000002
2017-04-10 20:00:00,21.5,89.5,295.5754,297.6342,22.425400000000025,24.484200000000044
2017-04-10 20:00:00,21.5,89.75,295.63824,297.72324,22.48824000000002,24.57324
2017-04-10 20:00:00,21.5,90.0,295.80576,297.8618,22.655760000000043,24.71180000000004
2017-04-10 20:00:00,21.25,85.5,294.39587,300.58255,21.245870000000025,27.43255000000005
2017-04-10 20:00:00,21.25,85.75,296.54694,301.71683,23.39694000000003,28.56683000000004
2017-04-10 20:00:00,21.25,86.0,296.54694,301.71683,23.39694000000003,28.56683000000004
2017-04-10 20:00:00,21.25,86.25,298.55725,302.30862,25.407250000000033,29.15862000000004
2017-04-10 20:00:00,21.25,86.5,298.87338,302.04578,25.72338000000002,28.895780000000002
2017-04-10 20:00:00,21.25,86.75,298.10825,300.8232,24.95825000000002,27.67320000000001
2017-04-10 20:00:00,21.25,87.0,296.65503,298.68268,23.505030000000033,25.532680000000028
2017-04-10 20:00:00,21.25,87.25,296.0792,297.8954,22.929200000000037,24.745400000000018
2017-04-10 20:00:00,21.25,87.5,295.99802,297.75476,22.84802000000002,24.60476
2017-04-10 20:00:00,21.25,87.75,296.01648,297.712,22.866480000000024,24.562000000000012
2017-04-10 20:00:00,21.25,88.0,295.98758,297.71548,22.837580000000003,24.565480000000036
2017-04-10 20:00:00,21.25,88.25,295.98758,297.71548,22.837580000000003,24.565480000000036
2017-04-10 20:00:00,21.25,88.5,295.9079,297.67038,22.757900000000006,24.520380000000046
2017-04-10 20:00:00,21.25,88.75,295.84738,297.5923,22.69738000000001,24.442300000000046
2017-04-10 20:00:00,21.25,89.0,295.81992,297.52863,22.669920000000047,24.378630000000044
2017-04-10 20:00:00,21.25,89.25,295.76022,297.5526,22.610220000000027,24.402600000000007
2017-04-10 20:00:00,21.25,89.5,295.6892,297.6461,22.53920000000005,24.496100000000013
2017-04-10 20:00:00,21.25,89.75,295.6891,297.68326,22.53910000000002,24.53326000000004
2017-04-10 20:00:00,21.25,90.0,295.78833,297.80576,22.638329999999996,24.655760000000043
2017-04-10 20:00:00,21.0,85.5,294.87875,300.85043,21.728750000000048,27.70043000000004
2017-04-10 20:00:00,21.0,85.75,296.03464,301.51474,22.884640000000047,28.36474000000004
2017-04-10 20:00:00,21.0,86.0,296.03464,301.51474,22.884640000000047,28.36474000000004
2017-04-10 20:00:00,21.0,86.25,297.07434,301.30795,23.92434000000003,28.157950000000028
2017-04-10 20:00:00,21.0,86.5,297.06747,300.54745,23.917470000000037,27.39745000000005
2017-04-10 20:00:00,21.0,86.75,296.7427,299.32443,23.592700000000036,26.17443000000003
2017-04-10 20:00:00,21.0,87.0,296.0018,298.11032,22.851800000000026,24.960320000000024
2017-04-10 20:00:00,21.0,87.25,295.68207,297.65088,22.532070000000033,24.500879999999995
2017-04-10 20:00:00,21.0,87.5,295.73056,297.54807,22.580560000000048,24.39807000000002
2017-04-10 20:00:00,21.0,87.75,295.82855,297.49753,22.67855000000003,24.347530000000006
2017-04-10 20:00:00,21.0,88.0,295.86124,297.44315,22.711240000000032,24.293150000000026
2017-04-10 20:00:00,21.0,88.25,295.86124,297.44315,22.711240000000032,24.293150000000026
2017-04-10 20:00:00,21.0,88.5,295.86008,297.438,22.710080000000005,24.28800000000001
2017-04-10 20:00:00,21.0,88.75,295.86383,297.50674,22.71383000000003,24.356740000000002
2017-04-10 20:00:00,21.0,89.0,295.87256,297.54355,22.722560000000044,24.393550000000005
2017-04-10 20:00:00,21.0,89.25,295.81647,297.53528,22.666470000000004,24.385280000000023
2017-04-10 20:00:00,21.0,89.5,295.67545,297.49457,22.525450000000035,24.344570000000033
2017-04-10 20:00:00,21.0,89.75,295.58243,297.46213,22.43243000000001,24.312130000000025
2017-04-10 20:00:00,21.0,90.0,295.70816,297.68494,22.558160000000044,24.534940000000006
2017-04-10 21:00:00,27.5,85.5,278.04755,282.92496,4.897550000000024,9.774960000000021
2017-04-10 21:00:00,27.5,85.75,275.7842,280.86942,2.634200000000021,7.719420000000014
2017-04-10 21:00:00,27.5,86.0,275.7842,280.86942,2.634200000000021,7.719420000000014
2017-04-10 21:00:00,27.5,86.25,273.6319,278.95956,0.481899999999996,5.809560000000033
2017-04-10 21:00:00,27.5,86.5,270.69672,279.9582,-2.4532799999999497,6.808199999999999
2017-04-10 21:00:00,27.5,86.75,267.21866,278.78903,-5.931339999999977,5.639030000000048
2017-04-10 21:00:00,27.5,87.0,265.0128,277.18512,-8.13719999999995,4.035120000000006
2017-04-10 21:00:00,27.5,87.25,263.68356,272.77393,-9.466439999999977,-0.37606999999997015
2017-04-10 21:00:00,27.5,87.5,262.8125,272.39734,-10.337499999999977,-0.7526599999999917
2017-04-10 21:00:00,27.5,87.75,263.3532,274.10452,-9.796799999999962,0.9545200000000023
2017-04-10 21:00:00,27.5,88.0,267.1246,275.3673,-6.0253999999999905,2.217300000000023
2017-04-10 21:00:00,27.5,88.25,267.1246,275.3673,-6.0253999999999905,2.217300000000023
2017-04-10 21:00:00,27.5,88.5,272.67587,278.3722,-0.4741300000000024,5.2222000000000435
2017-04-10 21:00:00,27.5,88.75,274.17267,278.73837,1.022670000000005,5.588369999999998
2017-04-10 21:00:00,27.5,89.0,269.4711,272.5001,-3.6788999999999987,-0.6499000000000024
2017-04-10 21:00:00,27.5,89.25,266.0578,269.93362,-7.092199999999991,-3.2163799999999583
2017-04-10 21:00:00,27.5,89.5,269.4133,273.95895,-3.736699999999985,0.8089500000000385
2017-04-10 21:00:00,27.5,89.75,273.8302,276.80582,0.6802000000000135,3.6558200000000056
2017-04-10 21:00:00,27.5,90.0,277.8157,281.2249,4.665700000000015,8.074900000000014
2017-04-10 21:00:00,27.25,85.5,281.61655,287.18817,8.46655000000004,14.038170000000036
2017-04-10 21:00:00,27.25,85.75,280.2813,285.91644,7.13130000000001,12.766440000000046
2017-04-10 21:00:00,27.25,86.0,280.2813,285.91644,7.13130000000001,12.766440000000046
2017-04-10 21:00:00,27.25,86.25,278.7754,284.73135,5.625400000000013,11.581350000000043
2017-04-10 21:00:00,27.25,86.5,276.08786,283.103,2.9378600000000006,9.953000000000031
2017-04-10 21:00:00,27.25,86.75,274.3621,280.43192,1.2121000000000208,7.281920000000014
2017-04-10 21:00:00,27.25,87.0,272.15482,278.16837,-0.9951800000000048,5.018370000000004
2017-04-10 21:00:00,27.25,87.25,270.63574,278.70602,-2.514259999999979,5.556020000000046
2017-04-10 21:00:00,27.25,87.5,270.01834,278.49533,-3.131659999999954,5.345330000000047
2017-04-10 21:00:00,27.25,87.75,270.11087,276.92654,-3.03913,3.7765400000000113
2017-04-10 21:00:00,27.25,88.0,272.0432,277.7009,-1.1067999999999643,4.550900000000013
2017-04-10 21:00:00,27.25,88.25,272.0432,277.7009,-1.1067999999999643,4.550900000000013
2017-04-10 21:00:00,27.25,88.5,275.79193,281.55704,2.641930000000002,8.407039999999995
2017-04-10 21:00:00,27.25,88.75,277.54495,282.89688,4.394949999999994,9.746880000000033
2017-04-10 21:00:00,27.25,89.0,274.2776,278.9668,1.1276000000000295,5.816800000000001
2017-04-10 21:00:00,27.25,89.25,270.4926,277.97366,-2.6573999999999955,4.823660000000018
2017-04-10 21:00:00,27.25,89.5,271.29343,278.01993,-1.8565699999999765,4.869930000000011
2017-04-10 21:00:00,27.25,89.75,272.96225,277.51746,-0.1877499999999941,4.367460000000051
2017-04-10 21:00:00,27.25,90.0,275.83987,281.19495,2.6898700000000417,8.044950000000028
2017-04-10 21:00:00,27.0,85.5,281.61655,287.18817,8.46655000000004,14.038170000000036
2017-04-10 21:00:00,27.0,85.75,280.2813,285.91644,7.13130000000001,12.766440000000046
2017-04-10 21:00:00,27.0,86.0,280.2813,285.91644,7.13130000000001,12.766440000000046
2017-04-10 21:00:00,27.0,86.25,278.7754,284.73135,5.625400000000013,11.581350000000043
2017-04-10 21:00:00,27.0,86.5,276.08786,283.103,2.9378600000000006,9.953000000000031
2017-04-10 21:00:00,27.0,86.75,274.3621,280.43192,1.2121000000000208,7.281920000000014
2017-04-10 21:00:00,27.0,87.0,272.15482,278.16837,-0.9951800000000048,5.018370000000004
2017-04-10 21:00:00,27.0,87.25,270.63574,278.70602,-2.514259999999979,5.556020000000046
2017-04-10 21:00:00,27.0,87.5,270.01834,278.49533,-3.131659999999954,5.345330000000047
2017-04-10 21:00:00,27.0,87.75,270.11087,276.92654,-3.03913,3.7765400000000113
2017-04-10 21:00:00,27.0,88.0,272.0432,277.7009,-1.1067999999999643,4.550900000000013
2017-04-10 21:00:00,27.0,88.25,272.0432,277.7009,-1.1067999999999643,4.550900000000013
2017-04-10 21:00:00,27.0,88.5,275.79193,281.55704,2.641930000000002,8.407039999999995
2017-04-10 21:00:00,27.0,88.75,277.54495,282.89688,4.394949999999994,9.746880000000033
2017-04-10 21:00:00,27.0,89.0,274.2776,278.9668,1.1276000000000295,5.816800000000001
2017-04-10 21:00:00,27.0,89.25,270.4926,277.97366,-2.6573999999999955,4.823660000000018
2017-04-10 21:00:00,27.0,89.5,271.29343,278.01993,-1.8565699999999765,4.869930000000011
2017-04-10 21:00:00,27.0,89.75,272.96225,277.51746,-0.1877499999999941,4.367460000000051
2017-04-10 21:00:00,27.0,90.0,275.83987,281.19495,2.6898700000000417,8.044950000000028
2017-04-10 21:00:00,26.75,85.5,282.74078,285.27658,9.590779999999995,12.126580000000047
2017-04-10 21:00:00,26.75,85.75,281.9267,285.91876,8.776700000000005,12.768760000000043
2017-04-10 21:00:00,26.75,86.0,281.9267,285.91876,8.776700000000005,12.768760000000043
2017-04-10 21:00:00,26.75,86.25,281.2437,289.60617,8.093700000000013,16.456170000000043
2017-04-10 21:00:00,26.75,86.5,280.26395,287.04456,7.113950000000045,13.894560000000013
2017-04-10 21:00:00,26.75,86.75,279.48346,285.5216,6.333460000000002,12.3716
2017-04-10 21:00:00,26.75,87.0,278.30713,284.3445,5.157129999999995,11.194500000000005
2017-04-10 21:00:00,26.75,87.25,276.79883,283.22452,3.648830000000032,10.074520000000007
2017-04-10 21:00:00,26.75,87.5,275.97467,282.49893,2.824670000000026,9.348929999999996
2017-04-10 21:00:00,26.75,87.75,276.1075,282.425,2.9575000000000387,9.275000000000034
2017-04-10 21:00:00,26.75,88.0,277.11234,283.26413,3.96234000000004,10.114130000000046
2017-04-10 21:00:00,26.75,88.25,277.11234,283.26413,3.96234000000004,10.114130000000046
2017-04-10 21:00:00,26.75,88.5,279.03494,284.92236,5.884940000000029,11.772360000000049
2017-04-10 21:00:00,26.75,88.75,280.51617,285.87637,7.366170000000011,12.726370000000031
2017-04-10 21:00:00,26.75,89.0,279.89706,285.0658,6.747060000000033,11.915800000000047
2017-04-10 21:00:00,26.75,89.25,279.0875,284.9199,5.9375,11.769900000000007
2017-04-10 21:00:00,26.75,89.5,278.66678,284.6193,5.51678000000004,11.469300000000032
2017-04-10 21:00:00,26.75,89.75,277.64966,284.27365,4.499660000000006,11.123649999999998
2017-04-10 21:00:00,26.75,90.0,280.39163,286.4837,7.241630000000043,13.333700000000022
2017-04-10 21:00:00,26.5,85.5,283.76688,287.96295,10.616880000000037,14.81295
2017-04-10 21:00:00,26.5,85.75,283.63736,287.80798,10.487360000000024,14.65798000000001
2017-04-10 21:00:00,26.5,86.0,283.63736,287.80798,10.487360000000024,14.65798000000001
2017-04-10 21:00:00,26.5,86.25,282.18454,286.09183,9.03454000000005,12.941830000000039
2017-04-10 21:00:00,26.5,86.5,281.64728,285.07275,8.497280000000046,11.922750000000008
2017-04-10 21:00:00,26.5,86.75,281.0754,285.18878,7.925400000000025,12.038780000000031
2017-04-10 21:00:00,26.5,87.0,279.4882,286.2993,6.338200000000029,13.14930000000004
2017-04-10 21:00:00,26.5,87.25,278.92877,287.02295,5.778770000000009,13.872950000000003
2017-04-10 21:00:00,26.5,87.5,278.78918,285.7725,5.63918000000001,12.622500000000002
2017-04-10 21:00:00,26.5,87.75,278.9038,284.9704,5.7538000000000125,11.820400000000006
2017-04-10 21:00:00,26.5,88.0,279.62796,286.1902,6.477959999999996,13.040200000000027
2017-04-10 21:00:00,26.5,88.25,279.62796,286.1902,6.477959999999996,13.040200000000027
2017-04-10 21:00:00,26.5,88.5,280.48706,287.72275,7.337060000000008,14.572750000000042
2017-04-10 21:00:00,26.5,88.75,280.79556,288.8423,7.645560000000046,15.692300000000046
2017-04-10 21:00:00,26.5,89.0,280.38522,288.70685,7.235220000000027,15.556849999999997
2017-04-10 21:00:00,26.5,89.25,280.39294,284.8952,7.242940000000033,11.745200000000011
2017-04-10 21:00:00,26.5,89.5,281.9286,286.27313,8.77860000000004,13.123130000000003
2017-04-10 21:00:00,26.5,89.75,282.53232,289.04715,9.38232000000005,15.89715000000001
2017-04-10 21:00:00,26.5,90.0,283.2992,288.7614,10.149200000000008,15.611400000000003
2017-04-10 21:00:00,26.25,85.5,283.28625,287.4899,10.136250000000018,14.3399
2017-04-10 21:00:00,26.25,85.75,283.12692,287.4207,9.976920000000007,14.270700000000033
2017-04-10 21:00:00,26.25,86.0,283.12692,287.4207,9.976920000000007,14.270700000000033
2017-04-10 21:00:00,26.25,86.25,282.88022,287.15497,9.730220000000031,14.004970000000014
2017-04-10 21:00:00,26.25,86.5,282.20987,286.5593,9.059870000000046,13.40930000000003
2017-04-10 21:00:00,26.25,86.75,282.2977,286.6884,9.147700000000043,13.538400000000024
2017-04-10 21:00:00,26.25,87.0,282.06586,286.13702,8.91586000000001,12.98702000000003
2017-04-10 21:00:00,26.25,87.25,281.31174,285.25742,8.161740000000009,12.107420000000047
2017-04-10 21:00:00,26.25,87.5,280.7501,284.63895,7.600099999999998,11.488950000000045
2017-04-10 21:00:00,26.25,87.75,280.1332,284.0705,6.983200000000011,10.920500000000004
2017-04-10 21:00:00,26.25,88.0,279.91357,284.61087,6.763570000000016,11.46087
2017-04-10 21:00:00,26.25,88.25,279.91357,284.61087,6.763570000000016,11.46087
2017-04-10 21:00:00,26.25,88.5,280.50168,286.33905,7.351680000000044,13.189050000000009
2017-04-10 21:00:00,26.25,88.75,280.95493,288.27673,7.804930000000013,15.12673000000001
2017-04-10 21:00:00,26.25,89.0,280.99063,290.50848,7.840630000000033,17.358480000000043
2017-04-10 21:00:00,26.25,89.25,281.3083,289.86877,8.158299999999997,16.718770000000006
2017-04-10 21:00:00,26.25,89.5,282.45587,286.88968,9.305870000000027,13.739680000000021
2017-04-10 21:00:00,26.25,89.75,283.9008,289.83875,10.750800000000027,16.688750000000027
2017-04-10 21:00:00,26.25,90.0,285.0218,289.7035,11.871800000000007,16.553500000000042
2017-04-10 21:00:00,26.0,85.5,283.53763,287.32114,10.387630000000001,14.171140000000037
2017-04-10 21:00:00,26.0,85.75,283.50134,287.4105,10.35134000000005,14.260500000000036
2017-04-10 21:00:00,26.0,86.0,283.50134,287.4105,10.35134000000005,14.260500000000036
2017-04-10 21:00:00,26.0,86.25,283.18982,287.4557,10.03982000000002,14.305700000000002
2017-04-10 21:00:00,26.0,86.5,283.11618,287.27518,9.966180000000008,14.12518
2017-04-10 21:00:00,26.0,86.75,282.50314,286.9084,9.353139999999996,13.758399999999995
2017-04-10 21:00:00,26.0,87.0,282.25974,286.5173,9.109740000000045,13.3673
2017-04-10 21:00:00,26.0,87.25,282.14444,286.24188,8.994439999999997,13.091880000000003
2017-04-10 21:00:00,26.0,87.5,282.2405,286.26797,9.09050000000002,13.117970000000014
2017-04-10 21:00:00,26.0,87.75,282.3903,286.3909,9.240300000000047,13.24090000000001
2017-04-10 21:00:00,26.0,88.0,282.10858,286.30243,8.95858000000004,13.152430000000038
2017-04-10 21:00:00,26.0,88.25,282.10858,286.30243,8.95858000000004,13.152430000000038
2017-04-10 21:00:00,26.0,88.5,281.4574,285.9699,8.30740000000003,12.819900000000018
2017-04-10 21:00:00,26.0,88.75,280.96356,285.63223,7.813559999999995,12.482230000000015
2017-04-10 21:00:00,26.0,89.0,280.81647,284.98953,7.666470000000004,11.839530000000025
2017-04-10 21:00:00,26.0,89.25,280.97147,283.808,7.8214700000000335,10.658000000000015
2017-04-10 21:00:00,26.0,89.5,281.57867,286.0236,8.428670000000011,12.87360000000001
2017-04-10 21:00:00,26.0,89.75,283.15677,288.17453,10.006770000000017,15.024530000000027
2017-04-10 21:00:00,26.0,90.0,284.60617,288.22903,11.456170000000043,15.079030000000046
2017-04-10 21:00:00,25.75,85.5,283.38104,287.87222,10.231040000000007,14.72222000000005
2017-04-10 21:00:00,25.75,85.75,283.05753,287.39587,9.907530000000008,14.245870000000025
2017-04-10 21:00:00,25.75,86.0,283.05753,287.39587,9.907530000000008,14.245870000000025
2017-04-10 21:00:00,25.75,86.25,283.09116,287.07764,9.941160000000025,13.927639999999997
2017-04-10 21:00:00,25.75,86.5,283.1306,287.0447,9.980600000000038,13.8947
2017-04-10 21:00:00,25.75,86.75,283.12946,287.0447,9.979460000000017,13.8947
2017-04-10 21:00:00,25.75,87.0,283.11005,287.08612,9.960050000000024,13.936120000000017
2017-04-10 21:00:00,25.75,87.25,282.9452,286.95258,9.795200000000023,13.802580000000034
2017-04-10 21:00:00,25.75,87.5,282.59595,286.72382,9.445950000000039,13.573820000000012
2017-04-10 21:00:00,25.75,87.75,282.4316,286.6995,9.281600000000026,13.549500000000023
2017-04-10 21:00:00,25.75,88.0,282.36575,286.68695,9.215750000000014,13.536950000000047
2017-04-10 21:00:00,25.75,88.25,282.36575,286.68695,9.215750000000014,13.536950000000047
2017-04-10 21:00:00,25.75,88.5,282.13763,286.37527,8.987630000000024,13.225270000000023
2017-04-10 21:00:00,25.75,88.75,281.83105,285.99933,8.681050000000027,12.849330000000009
2017-04-10 21:00:00,25.75,89.0,281.44675,285.73557,8.296750000000031,12.585570000000018
2017-04-10 21:00:00,25.75,89.25,281.07846,284.8335,7.92846000000003,11.683500000000038
2017-04-10 21:00:00,25.75,89.5,280.79727,283.50543,7.647270000000049,10.355430000000013
2017-04-10 21:00:00,25.75,89.75,283.2311,289.64426,10.081100000000049,16.494259999999997
2017-04-10 21:00:00,25.75,90.0,285.26437,291.27017,12.114370000000008,18.12017000000003
2017-04-10 21:00:00,25.5,85.5,283.33884,287.4091,10.188840000000027,14.259100000000046
2017-04-10 21:00:00,25.5,85.75,283.45908,287.57303,10.309079999999994,14.42303000000004
2017-04-10 21:00:00,25.5,86.0,283.45908,287.57303,10.309079999999994,14.42303000000004
2017-04-10 21:00:00,25.5,86.25,283.30963,287.40363,10.15963000000005,14.253630000000044
2017-04-10 21:00:00,25.5,86.5,283.36484,287.48996,10.214840000000038,14.33996000000002
2017-04-10 21:00:00,25.5,86.75,283.32654,287.5089,10.176540000000045,14.358900000000006
2017-04-10 21:00:00,25.5,87.0,283.0811,287.4349,9.931100000000015,14.28490000000005
2017-04-10 21:00:00,25.5,87.25,283.04123,287.32974,9.891230000000007,14.179740000000038
2017-04-10 21:00:00,25.5,87.5,283.40036,287.41254,10.25036,14.262540000000001
2017-04-10 21:00:00,25.5,87.75,283.73596,287.68005,10.58596,14.530050000000017
2017-04-10 21:00:00,25.5,88.0,283.8064,287.9778,10.65640000000002,14.827800000000025
2017-04-10 21:00:00,25.5,88.25,283.8064,287.9778,10.65640000000002,14.827800000000025
2017-04-10 21:00:00,25.5,88.5,283.78598,288.0785,10.635980000000018,14.928500000000042
2017-04-10 21:00:00,25.5,88.75,283.59134,287.71753,10.441340000000025,14.567530000000033
2017-04-10 21:00:00,25.5,89.0,282.84552,286.85434,9.695520000000045,13.704340000000002
2017-04-10 21:00:00,25.5,89.25,281.5734,285.7259,8.423400000000015,12.575900000000047
2017-04-10 21:00:00,25.5,89.5,280.72736,285.379,7.577359999999999,12.229000000000042
2017-04-10 21:00:00,25.5,89.75,284.3485,289.46716,11.198500000000024,16.31716
2017-04-10 21:00:00,25.5,90.0,285.47772,291.00583,12.32772,17.855830000000026
2017-04-10 21:00:00,25.25,85.5,283.4998,287.32703,10.349800000000016,14.177030000000002
2017-04-10 21:00:00,25.25,85.75,283.17264,287.26657,10.022640000000024,14.116570000000024
2017-04-10 21:00:00,25.25,86.0,283.17264,287.26657,10.022640000000024,14.116570000000024
2017-04-10 21:00:00,25.25,86.25,282.9262,287.4376,9.776200000000017,14.287599999999998
2017-04-10 21:00:00,25.25,86.5,283.4016,287.8833,10.251599999999996,14.733300000000042
2017-04-10 21:00:00,25.25,86.75,283.46323,288.03168,10.313230000000033,14.881680000000017
2017-04-10 21:00:00,25.25,87.0,283.2575,287.9714,10.107500000000016,14.82140000000004
2017-04-10 21:00:00,25.25,87.25,283.10657,287.83524,9.95657,14.685240000000022
2017-04-10 21:00:00,25.25,87.5,283.186,287.96472,10.036000000000001,14.814720000000023
2017-04-10 21:00:00,25.25,87.75,283.12265,288.01324,9.972650000000044,14.863240000000019
2017-04-10 21:00:00,25.25,88.0,283.0541,287.89124,9.904100000000028,14.741240000000005
2017-04-10 21:00:00,25.25,88.25,283.0541,287.89124,9.904100000000028,14.741240000000005
2017-04-10 21:00:00,25.25,88.5,283.34167,287.9379,10.191670000000045,14.787900000000036
2017-04-10 21:00:00,25.25,88.75,283.67007,288.1104,10.520070000000032,14.96040000000005
2017-04-10 21:00:00,25.25,89.0,283.40433,287.9356,10.254330000000039,14.785600000000045
2017-04-10 21:00:00,25.25,89.25,282.00836,286.52628,8.858360000000005,13.376280000000008
2017-04-10 21:00:00,25.25,89.5,280.79086,284.7056,7.640860000000032,11.555600000000027
2017-04-10 21:00:00,25.25,89.75,283.27457,289.64563,10.124570000000006,16.495630000000006
2017-04-10 21:00:00,25.25,90.0,284.67755,291.02948,11.52755000000002,17.87948
2017-04-10 21:00:00,25.0,85.5,283.53076,287.64923,10.38076000000001,14.499230000000011
2017-04-10 21:00:00,25.0,85.75,283.58878,287.90945,10.438780000000008,14.759450000000015
2017-04-10 21:00:00,25.0,86.0,283.58878,287.90945,10.438780000000008,14.759450000000015
2017-04-10 21:00:00,25.0,86.25,283.2355,287.92896,10.085500000000025,14.77896000000004
2017-04-10 21:00:00,25.0,86.5,283.22867,287.8564,10.078670000000045,14.70640000000003
2017-04-10 21:00:00,25.0,86.75,283.21167,287.72644,10.06167000000005,14.576440000000048
2017-04-10 21:00:00,25.0,87.0,283.43884,288.0216,10.28884000000005,14.8716
2017-04-10 21:00:00,25.0,87.25,283.29425,288.03824,10.14425,14.888239999999996
2017-04-10 21:00:00,25.0,87.5,282.691,287.71924,9.540999999999997,14.569240000000036
2017-04-10 21:00:00,25.0,87.75,282.86926,288.0842,9.71926000000002,14.934200000000033
2017-04-10 21:00:00,25.0,88.0,283.48904,288.70834,10.339040000000011,15.558340000000044
2017-04-10 21:00:00,25.0,88.25,283.48904,288.70834,10.339040000000011,15.558340000000044
2017-04-10 21:00:00,25.0,88.5,283.80896,288.58807,10.658960000000036,15.438070000000039
2017-04-10 21:00:00,25.0,88.75,283.74988,287.80273,10.599880000000041,14.65273000000002
2017-04-10 21:00:00,25.0,89.0,282.52667,286.44818,9.376670000000047,13.298180000000002
2017-04-10 21:00:00,25.0,89.25,281.52084,285.5748,8.370840000000044,12.424800000000005
2017-04-10 21:00:00,25.0,89.5,281.98926,287.65506,8.839260000000024,14.505060000000014
2017-04-10 21:00:00,25.0,89.75,284.5263,290.91574,11.376300000000015,17.76574000000005
2017-04-10 21:00:00,25.0,90.0,285.3825,291.9701,12.232500000000016,18.820100000000025
2017-04-10 21:00:00,24.75,85.5,283.53076,287.64923,10.38076000000001,14.499230000000011
2017-04-10 21:00:00,24.75,85.75,283.58878,287.90945,10.438780000000008,14.759450000000015
2017-04-10 21:00:00,24.75,86.0,283.58878,287.90945,10.438780000000008,14.759450000000015
2017-04-10 21:00:00,24.75,86.25,283.2355,287.92896,10.085500000000025,14.77896000000004
2017-04-10 21:00:00,24.75,86.5,283.22867,287.8564,10.078670000000045,14.70640000000003
2017-04-10 21:00:00,24.75,86.75,283.21167,287.72644,10.06167000000005,14.576440000000048
2017-04-10 21:00:00,24.75,87.0,283.43884,288.0216,10.28884000000005,14.8716
2017-04-10 21:00:00,24.75,87.25,283.29425,288.03824,10.14425,14.888239999999996
2017-04-10 21:00:00,24.75,87.5,282.691,287.71924,9.540999999999997,14.569240000000036
2017-04-10 21:00:00,24.75,87.75,282.86926,288.0842,9.71926000000002,14.934200000000033
2017-04-10 21:00:00,24.75,88.0,283.48904,288.70834,10.339040000000011,15.558340000000044
2017-04-10 21:00:00,24.75,88.25,283.48904,288.70834,10.339040000000011,15.558340000000044
2017-04-10 21:00:00,24.75,88.5,283.80896,288.58807,10.658960000000036,15.438070000000039
2017-04-10 21:00:00,24.75,88.75,283.74988,287.80273,10.599880000000041,14.65273000000002
2017-04-10 21:00:00,24.75,89.0,282.52667,286.44818,9.376670000000047,13.298180000000002
2017-04-10 21:00:00,24.75,89.25,281.52084,285.5748,8.370840000000044,12.424800000000005
2017-04-10 21:00:00,24.75,89.5,281.98926,287.65506,8.839260000000024,14.505060000000014
2017-04-10 21:00:00,24.75,89.75,284.5263,290.91574,11.376300000000015,17.76574000000005
2017-04-10 21:00:00,24.75,90.0,285.3825,291.9701,12.232500000000016,18.820100000000025
2017-04-10 21:00:00,24.5,85.5,282.95383,287.6457,9.803830000000005,14.4957
2017-04-10 21:00:00,24.5,85.75,282.25446,287.46652,9.104460000000017,14.316520000000025
2017-04-10 21:00:00,24.5,86.0,282.25446,287.46652,9.104460000000017,14.316520000000025
2017-04-10 21:00:00,24.5,86.25,282.16507,287.2631,9.015070000000037,14.113100000000031
2017-04-10 21:00:00,24.5,86.5,282.7661,287.31348,9.616100000000017,14.16348000000005
2017-04-10 21:00:00,24.5,86.75,282.9153,287.28046,9.765300000000025,14.130460000000028
2017-04-10 21:00:00,24.5,87.0,283.16656,287.58588,10.016560000000027,14.435879999999997
2017-04-10 21:00:00,24.5,87.25,283.16125,287.5848,10.011250000000018,14.434799999999996
2017-04-10 21:00:00,24.5,87.5,282.50656,287.24112,9.356560000000002,14.091120000000046
2017-04-10 21:00:00,24.5,87.75,282.1502,286.59976,9.000200000000007,13.449760000000026
2017-04-10 21:00:00,24.5,88.0,282.47342,286.7174,9.323419999999999,13.56740000000002
2017-04-10 21:00:00,24.5,88.25,282.47342,286.7174,9.323419999999999,13.56740000000002
2017-04-10 21:00:00,24.5,88.5,283.00626,287.7603,9.85626000000002,14.610299999999995
2017-04-10 21:00:00,24.5,88.75,282.9229,287.95093,9.77290000000005,14.80093000000005
2017-04-10 21:00:00,24.5,89.0,281.97318,287.0644,8.823180000000036,13.9144
2017-04-10 21:00:00,24.5,89.25,282.60242,286.88202,9.452420000000018,13.732020000000034
2017-04-10 21:00:00,24.5,89.5,284.05557,288.16943,10.905570000000012,15.01943
2017-04-10 21:00:00,24.5,89.75,286.57605,291.45084,13.426050000000032,18.30084000000005
2017-04-10 21:00:00,24.5,90.0,288.30756,292.62735,15.157560000000046,19.47735
2017-04-10 21:00:00,24.25,85.5,282.13718,286.5382,8.987180000000023,13.38820000000004
2017-04-10 21:00:00,24.25,85.75,281.61453,286.03806,8.464530000000025,12.888059999999996
2017-04-10 21:00:00,24.25,86.0,281.61453,286.03806,8.464530000000025,12.888059999999996
2017-04-10 21:00:00,24.25,86.25,282.12473,286.522,8.974730000000022,13.372000000000014
2017-04-10 21:00:00,24.25,86.5,282.6441,286.9588,9.494100000000003,13.80880000000002
2017-04-10 21:00:00,24.25,86.75,283.00494,287.23187,9.85494,14.081870000000038
2017-04-10 21:00:00,24.25,87.0,283.2354,287.6783,10.08540000000005,14.528300000000002
2017-04-10 21:00:00,24.25,87.25,283.41284,288.06326,10.26284000000004,14.913260000000037
2017-04-10 21:00:00,24.25,87.5,283.3036,288.073,10.15360000000004,14.923000000000002
2017-04-10 21:00:00,24.25,87.75,283.7441,288.25946,10.594100000000026,15.109460000000013
2017-04-10 21:00:00,24.25,88.0,283.95844,288.43533,10.808440000000019,15.285330000000044
2017-04-10 21:00:00,24.25,88.25,283.95844,288.43533,10.808440000000019,15.285330000000044
2017-04-10 21:00:00,24.25,88.5,283.51764,288.43527,10.367639999999994,15.285270000000025
2017-04-10 21:00:00,24.25,88.75,283.53912,288.70053,10.389120000000048,15.550530000000037
2017-04-10 21:00:00,24.25,89.0,283.75122,289.10834,10.601220000000012,15.958340000000021
2017-04-10 21:00:00,24.25,89.25,284.87878,290.23108,11.728780000000029,17.081080000000043
2017-04-10 21:00:00,24.25,89.5,286.66544,291.45,13.515440000000012,18.30000000000001
2017-04-10 21:00:00,24.25,89.75,288.89304,293.50278,15.743040000000008,20.352779999999996
2017-04-10 21:00:00,24.25,90.0,290.4689,294.69522,17.318900000000042,21.54522000000003
2017-04-10 21:00:00,24.0,85.5,280.82355,284.92447,7.673550000000034,11.774470000000008
2017-04-10 21:00:00,24.0,85.75,280.50192,285.27325,7.351920000000007,12.123250000000041
2017-04-10 21:00:00,24.0,86.0,280.50192,285.27325,7.351920000000007,12.123250000000041
2017-04-10 21:00:00,24.0,86.25,281.41003,286.3344,8.260030000000029,13.18440000000004
2017-04-10 21:00:00,24.0,86.5,281.80066,286.59433,8.650660000000016,13.444330000000036
2017-04-10 21:00:00,24.0,86.75,281.73862,286.52698,8.588620000000049,13.376980000000003
2017-04-10 21:00:00,24.0,87.0,281.67944,285.82352,8.529440000000022,12.673519999999996
2017-04-10 21:00:00,24.0,87.25,282.0871,286.5299,8.937100000000044,13.37990000000002
2017-04-10 21:00:00,24.0,87.5,283.5085,287.79657,10.35850000000005,14.646569999999997
2017-04-10 21:00:00,24.0,87.75,285.22803,289.56238,12.078030000000012,16.41238000000004
2017-04-10 21:00:00,24.0,88.0,285.95404,290.56204,12.804040000000043,17.412040000000047
2017-04-10 21:00:00,24.0,88.25,285.95404,290.56204,12.804040000000043,17.412040000000047
2017-04-10 21:00:00,24.0,88.5,286.0799,290.43103,12.929900000000032,17.281030000000044
2017-04-10 21:00:00,24.0,88.75,286.78357,291.30203,13.63357000000002,18.152030000000025
2017-04-10 21:00:00,24.0,89.0,287.77426,292.91498,14.62426000000005,19.764980000000037
2017-04-10 21:00:00,24.0,89.25,288.8417,294.32953,15.691700000000026,21.17953
2017-04-10 21:00:00,24.0,89.5,289.87997,295.27374,16.729970000000037,22.123739999999998
2017-04-10 21:00:00,24.0,89.75,291.3034,296.29446,18.153400000000033,23.144460000000038
2017-04-10 21:00:00,24.0,90.0,291.79276,296.53766,18.64276000000001,23.38766000000004
2017-04-10 21:00:00,23.75,85.5,281.23853,286.23007,8.088530000000048,13.080070000000035
2017-04-10 21:00:00,23.75,85.75,281.5855,286.50543,8.435500000000047,13.355430000000013
2017-04-10 21:00:00,23.75,86.0,281.5855,286.50543,8.435500000000047,13.355430000000013
2017-04-10 21:00:00,23.75,86.25,282.15048,287.3764,9.000480000000039,14.226400000000012
2017-04-10 21:00:00,23.75,86.5,281.7476,285.8066,8.5976,12.656600000000026
2017-04-10 21:00:00,23.75,86.75,281.99176,287.57474,8.841760000000022,14.424740000000043
2017-04-10 21:00:00,23.75,87.0,281.98578,286.49792,8.83578,13.347920000000045
2017-04-10 21:00:00,23.75,87.25,282.24487,285.72452,9.094870000000014,12.574520000000007
2017-04-10 21:00:00,23.75,87.5,284.5272,288.70212,11.377200000000016,15.552120000000002
2017-04-10 21:00:00,23.75,87.75,287.2088,291.51556,14.05880000000002,18.365560000000016
2017-04-10 21:00:00,23.75,88.0,288.93155,293.09113,15.781550000000038,19.941130000000044
2017-04-10 21:00:00,23.75,88.25,288.93155,293.09113,15.781550000000038,19.941130000000044
2017-04-10 21:00:00,23.75,88.5,290.09866,294.70795,16.948660000000018,21.557950000000005
2017-04-10 21:00:00,23.75,88.75,290.85312,295.4758,17.703120000000013,22.325800000000015
2017-04-10 21:00:00,23.75,89.0,291.60785,296.48346,18.457850000000008,23.333460000000002
2017-04-10 21:00:00,23.75,89.25,292.37408,297.37543,19.224080000000015,24.225430000000017
2017-04-10 21:00:00,23.75,89.5,292.86142,297.86807,19.711420000000032,24.71807000000001
2017-04-10 21:00:00,23.75,89.75,293.1168,297.90308,19.966800000000035,24.75308000000001
2017-04-10 21:00:00,23.75,90.0,293.31573,298.53586,20.165729999999996,25.385860000000037
2017-04-10 21:00:00,23.5,85.5,282.20258,285.81778,9.052580000000034,12.66778000000005
2017-04-10 21:00:00,23.5,85.75,282.764,287.79874,9.614000000000033,14.648740000000032
2017-04-10 21:00:00,23.5,86.0,282.764,287.79874,9.614000000000033,14.648740000000032
2017-04-10 21:00:00,23.5,86.25,282.08267,286.17694,8.93267000000003,13.026940000000025
2017-04-10 21:00:00,23.5,86.5,282.45358,287.49512,9.30358000000001,14.345120000000009
2017-04-10 21:00:00,23.5,86.75,282.63776,286.5197,9.487760000000037,13.369700000000023
2017-04-10 21:00:00,23.5,87.0,283.19623,286.69644,10.046230000000037,13.546440000000018
2017-04-10 21:00:00,23.5,87.25,284.02902,287.6393,10.879020000000025,14.489300000000014
2017-04-10 21:00:00,23.5,87.5,285.88412,289.8804,12.734120000000019,16.73040000000003
2017-04-10 21:00:00,23.5,87.75,288.715,293.69083,15.564999999999998,20.540830000000028
2017-04-10 21:00:00,23.5,88.0,291.3245,296.83252,18.174500000000023,23.68252000000001
2017-04-10 21:00:00,23.5,88.25,291.3245,296.83252,18.174500000000023,23.68252000000001
2017-04-10 21:00:00,23.5,88.5,292.99817,297.97018,19.84817000000004,24.82018000000005
2017-04-10 21:00:00,23.5,88.75,293.92575,298.2351,20.775750000000016,25.08510000000001
2017-04-10 21:00:00,23.5,89.0,294.34424,298.27777,21.194240000000036,25.127769999999998
2017-04-10 21:00:00,23.5,89.25,294.49475,298.4044,21.344750000000033,25.254400000000032
2017-04-10 21:00:00,23.5,89.5,294.35986,298.68567,21.20986000000005,25.53567000000004
2017-04-10 21:00:00,23.5,89.75,293.807,298.48486,20.65700000000004,25.33486000000005
2017-04-10 21:00:00,23.5,90.0,293.1953,298.56296,20.045299999999997,25.412959999999998
2017-04-10 21:00:00,23.25,85.5,282.95383,287.87643,9.803830000000005,14.72643000000005
2017-04-10 21:00:00,23.25,85.75,281.67874,288.62796,8.528740000000028,15.477959999999996
2017-04-10 21:00:00,23.25,86.0,281.67874,288.62796,8.528740000000028,15.477959999999996
2017-04-10 21:00:00,23.25,86.25,283.70135,291.27625,10.551350000000014,18.126250000000027
2017-04-10 21:00:00,23.25,86.5,284.45914,288.2157,11.309140000000014,15.06570000000005
2017-04-10 21:00:00,23.25,86.75,285.89462,289.08093,12.744619999999998,15.930930000000046
2017-04-10 21:00:00,23.25,87.0,287.23285,291.9052,14.082850000000008,18.755200000000002
2017-04-10 21:00:00,23.25,87.25,288.2306,294.42694,15.080600000000004,21.276940000000025
2017-04-10 21:00:00,23.25,87.5,289.74454,296.875,16.594539999999995,23.725000000000023
2017-04-10 21:00:00,23.25,87.75,291.4991,298.6251,18.34910000000002,25.475099999999998
2017-04-10 21:00:00,23.25,88.0,292.82083,299.07565,19.670830000000024,25.92565000000002
2017-04-10 21:00:00,23.25,88.25,292.82083,299.07565,19.670830000000024,25.92565000000002
2017-04-10 21:00:00,23.25,88.5,293.71338,299.01395,20.563379999999995,25.863950000000045
2017-04-10 21:00:00,23.25,88.75,294.33017,299.1552,21.180170000000032,26.005200000000002
2017-04-10 21:00:00,23.25,89.0,294.7175,299.17188,21.567499999999995,26.02188000000001
2017-04-10 21:00:00,23.25,89.25,294.95026,298.87305,21.800260000000037,25.72305
2017-04-10 21:00:00,23.25,89.5,294.66257,298.78476,21.51257000000004,25.63476000000003
2017-04-10 21:00:00,23.25,89.75,293.93643,298.58743,20.786429999999996,25.437430000000006
2017-04-10 21:00:00,23.25,90.0,292.5807,297.63232,19.4307,24.482320000000016
2017-04-10 21:00:00,23.0,85.5,282.95813,286.51727,9.808130000000006,13.367270000000019
2017-04-10 21:00:00,23.0,85.75,283.9147,289.91507,10.764700000000005,16.765070000000037
2017-04-10 21:00:00,23.0,86.0,283.9147,289.91507,10.764700000000005,16.765070000000037
2017-04-10 21:00:00,23.0,86.25,285.53537,291.05908,12.385370000000023,17.909080000000017
2017-04-10 21:00:00,23.0,86.5,287.35297,291.92374,14.20297000000005,18.773740000000032
2017-04-10 21:00:00,23.0,86.75,289.4158,297.32333,16.265800000000013,24.17333000000002
2017-04-10 21:00:00,23.0,87.0,291.01468,299.4657,17.86468000000002,26.31570000000005
2017-04-10 21:00:00,23.0,87.25,292.2928,300.0801,19.142800000000022,26.93010000000004
2017-04-10 21:00:00,23.0,87.5,292.99246,300.34818,19.842460000000017,27.198180000000036
2017-04-10 21:00:00,23.0,87.75,293.3784,300.2178,20.228400000000022,27.067800000000034
2017-04-10 21:00:00,23.0,88.0,293.68216,299.93274,20.532160000000033,26.782740000000047
2017-04-10 21:00:00,23.0,88.25,293.68216,299.93274,20.532160000000033,26.782740000000047
2017-04-10 21:00:00,23.0,88.5,293.89932,299.65326,20.74932000000001,26.50326000000001
2017-04-10 21:00:00,23.0,88.75,294.21207,299.40472,21.062070000000006,26.25472000000002
2017-04-10 21:00:00,23.0,89.0,294.6194,299.17267,21.469400000000007,26.022670000000005
2017-04-10 21:00:00,23.0,89.25,294.9376,299.11398,21.787599999999998,25.96398000000005
2017-04-10 21:00:00,23.0,89.5,294.67407,298.95053,21.524069999999995,25.800530000000037
2017-04-10 21:00:00,23.0,89.75,293.5707,298.5518,20.42070000000001,25.401800000000037
2017-04-10 21:00:00,23.0,90.0,292.4993,297.9827,19.349300000000028,24.832700000000045
2017-04-10 21:00:00,22.75,85.5,284.69006,291.54105,11.54006000000004,18.391050000000007
2017-04-10 21:00:00,22.75,85.75,286.52167,292.69962,13.371669999999995,19.549620000000004
2017-04-10 21:00:00,22.75,86.0,286.52167,292.69962,13.371669999999995,19.549620000000004
2017-04-10 21:00:00,22.75,86.25,288.5639,296.7733,15.413900000000012,23.62330000000003
2017-04-10 21:00:00,22.75,86.5,290.39478,299.34717,17.24478000000005,26.19717000000003
2017-04-10 21:00:00,22.75,86.75,292.37686,301.0315,19.226860000000045,27.881500000000017
2017-04-10 21:00:00,22.75,87.0,294.2524,301.4148,21.102400000000046,28.264800000000037
2017-04-10 21:00:00,22.75,87.25,294.9311,301.05725,21.781100000000038,27.907250000000033
2017-04-10 21:00:00,22.75,87.5,294.81778,300.4101,21.66778000000005,27.260100000000023
2017-04-10 21:00:00,22.75,87.75,294.50702,299.96225,21.357020000000034,26.812250000000006
2017-04-10 21:00:00,22.75,88.0,294.3579,299.68088,21.207899999999995,26.530880000000025
2017-04-10 21:00:00,22.75,88.25,294.3579,299.68088,21.207899999999995,26.530880000000025
2017-04-10 21:00:00,22.75,88.5,294.47833,299.62927,21.32833000000005,26.479270000000042
2017-04-10 21:00:00,22.75,88.75,294.8649,299.92072,21.7149,26.77072000000004
2017-04-10 21:00:00,22.75,89.0,295.42194,300.39676,22.27194000000003,27.246759999999995
2017-04-10 21:00:00,22.75,89.25,295.5736,300.41156,22.42360000000002,27.26156000000003
2017-04-10 21:00:00,22.75,89.5,294.6877,299.63486,21.53770000000003,26.484860000000026
2017-04-10 21:00:00,22.75,89.75,293.47668,298.82538,20.32668000000001,25.67538000000002
2017-04-10 21:00:00,22.75,90.0,293.3123,298.6684,20.162300000000016,25.518400000000042
2017-04-10 21:00:00,22.5,85.5,284.69006,291.54105,11.54006000000004,18.391050000000007
2017-04-10 21:00:00,22.5,85.75,286.52167,292.69962,13.371669999999995,19.549620000000004
2017-04-10 21:00:00,22.5,86.0,286.52167,292.69962,13.371669999999995,19.549620000000004
2017-04-10 21:00:00,22.5,86.25,288.5639,296.7733,15.413900000000012,23.62330000000003
2017-04-10 21:00:00,22.5,86.5,290.39478,299.34717,17.24478000000005,26.19717000000003
2017-04-10 21:00:00,22.5,86.75,292.37686,301.0315,19.226860000000045,27.881500000000017
2017-04-10 21:00:00,22.5,87.0,294.2524,301.4148,21.102400000000046,28.264800000000037
2017-04-10 21:00:00,22.5,87.25,294.9311,301.05725,21.781100000000038,27.907250000000033
2017-04-10 21:00:00,22.5,87.5,294.81778,300.4101,21.66778000000005,27.260100000000023
2017-04-10 21:00:00,22.5,87.75,294.50702,299.96225,21.357020000000034,26.812250000000006
2017-04-10 21:00:00,22.5,88.0,294.3579,299.68088,21.207899999999995,26.530880000000025
2017-04-10 21:00:00,22.5,88.25,294.3579,299.68088,21.207899999999995,26.530880000000025
2017-04-10 21:00:00,22.5,88.5,294.47833,299.62927,21.32833000000005,26.479270000000042
2017-04-10 21:00:00,22.5,88.75,294.8649,299.92072,21.7149,26.77072000000004
2017-04-10 21:00:00,22.5,89.0,295.42194,300.39676,22.27194000000003,27.246759999999995
2017-04-10 21:00:00,22.5,89.25,295.5736,300.41156,22.42360000000002,27.26156000000003
2017-04-10 21:00:00,22.5,89.5,294.6877,299.63486,21.53770000000003,26.484860000000026
2017-04-10 21:00:00,22.5,89.75,293.47668,298.82538,20.32668000000001,25.67538000000002
2017-04-10 21:00:00,22.5,90.0,293.3123,298.6684,20.162300000000016,25.518400000000042
2017-04-10 21:00:00,22.25,85.5,287.78177,294.79492,14.631770000000017,21.644920000000013
2017-04-10 21:00:00,22.25,85.75,289.32886,294.24622,16.178860000000043,21.096220000000017
2017-04-10 21:00:00,22.25,86.0,289.32886,294.24622,16.178860000000043,21.096220000000017
2017-04-10 21:00:00,22.25,86.25,290.94156,296.95135,17.791560000000004,23.801350000000014
2017-04-10 21:00:00,22.25,86.5,291.46344,298.13623,18.313440000000014,24.986230000000035
2017-04-10 21:00:00,22.25,86.75,293.76865,300.30777,20.618650000000002,27.157770000000028
2017-04-10 21:00:00,22.25,87.0,295.41034,301.37186,22.260340000000042,28.22186000000005
2017-04-10 21:00:00,22.25,87.25,295.9087,301.05212,22.758700000000033,27.902120000000025
2017-04-10 21:00:00,22.25,87.5,295.61276,300.4893,22.462760000000003,27.339300000000037
2017-04-10 21:00:00,22.25,87.75,295.34027,300.27478,22.190269999999998,27.124780000000044
2017-04-10 21:00:00,22.25,88.0,294.93155,299.8865,21.78155000000004,26.736500000000035
2017-04-10 21:00:00,22.25,88.25,294.93155,299.8865,21.78155000000004,26.736500000000035
2017-04-10 21:00:00,22.25,88.5,294.696,299.69153,21.54600000000005,26.541530000000023
2017-04-10 21:00:00,22.25,88.75,294.9274,299.8136,21.7774,26.66360000000003
2017-04-10 21:00:00,22.25,89.0,295.38434,299.91898,22.23434000000003,26.76898
2017-04-10 21:00:00,22.25,89.25,295.3105,299.8101,22.160500000000013,26.6601
2017-04-10 21:00:00,22.25,89.5,294.63205,299.57907,21.482050000000015,26.429070000000024
2017-04-10 21:00:00,22.25,89.75,294.17923,299.43872,21.02923000000004,26.288720000000012
2017-04-10 21:00:00,22.25,90.0,293.9769,299.3636,20.826900000000023,26.213600000000042
2017-04-10 21:00:00,22.0,85.5,289.21716,296.70633,16.06716,23.556330000000003
2017-04-10 21:00:00,22.0,85.75,291.35233,297.98837,18.202330000000018,24.838369999999998
2017-04-10 21:00:00,22.0,86.0,291.35233,297.98837,18.202330000000018,24.838369999999998
2017-04-10 21:00:00,22.0,86.25,292.3072,298.03513,19.157200000000046,24.885130000000004
2017-04-10 21:00:00,22.0,86.5,292.6714,299.21283,19.52140000000003,26.06283000000002
2017-04-10 21:00:00,22.0,86.75,295.1476,301.8211,21.997600000000034,28.671100000000024
2017-04-10 21:00:00,22.0,87.0,296.1316,301.3736,22.981600000000014,28.223600000000033
2017-04-10 21:00:00,22.0,87.25,296.231,300.96442,23.081000000000017,27.81442000000004
2017-04-10 21:00:00,22.0,87.5,295.92426,300.52438,22.774260000000027,27.37438000000003
2017-04-10 21:00:00,22.0,87.75,295.67297,299.85178,22.522970000000043,26.701780000000042
2017-04-10 21:00:00,22.0,88.0,295.44748,299.95627,22.297480000000007,26.80627000000004
2017-04-10 21:00:00,22.0,88.25,295.44748,299.95627,22.297480000000007,26.80627000000004
2017-04-10 21:00:00,22.0,88.5,295.27164,299.89276,22.121640000000014,26.742760000000033
2017-04-10 21:00:00,22.0,88.75,295.2084,299.66034,22.058400000000006,26.510340000000042
2017-04-10 21:00:00,22.0,89.0,295.15793,299.6993,22.007930000000044,26.549300000000017
2017-04-10 21:00:00,22.0,89.25,295.08286,299.6154,21.932860000000005,26.465400000000045
2017-04-10 21:00:00,22.0,89.5,294.982,299.5119,21.83200000000005,26.36190000000005
2017-04-10 21:00:00,22.0,89.75,294.88953,299.66394,21.739530000000002,26.513940000000048
2017-04-10 21:00:00,22.0,90.0,295.09088,299.81314,21.94088000000005,26.66314
2017-04-10 21:00:00,21.75,85.5,292.99344,299.63336,19.843440000000044,26.483360000000005
2017-04-10 21:00:00,21.75,85.75,294.7871,300.42932,21.637100000000032,27.27932000000004
2017-04-10 21:00:00,21.75,86.0,294.7871,300.42932,21.637100000000032,27.27932000000004
2017-04-10 21:00:00,21.75,86.25,294.54355,298.5201,21.393550000000005,25.370100000000036
2017-04-10 21:00:00,21.75,86.5,295.16235,299.6718,22.012350000000026,26.52180000000004
2017-04-10 21:00:00,21.75,86.75,296.3763,300.9141,23.226300000000037,27.76410000000004
2017-04-10 21:00:00,21.75,87.0,296.18726,300.2066,23.037260000000003,27.056600000000003
2017-04-10 21:00:00,21.75,87.25,296.1242,300.124,22.974199999999996,26.974000000000046
2017-04-10 21:00:00,21.75,87.5,296.1726,299.78125,23.02260000000001,26.631250000000023
2017-04-10 21:00:00,21.75,87.75,296.6021,298.78894,23.45210000000003,25.638940000000048
2017-04-10 21:00:00,21.75,88.0,296.14954,298.60672,22.999540000000025,25.45672000000002
2017-04-10 21:00:00,21.75,88.25,296.14954,298.60672,22.999540000000025,25.45672000000002
2017-04-10 21:00:00,21.75,88.5,295.84842,298.5167,22.69842,25.366700000000037
2017-04-10 21:00:00,21.75,88.75,295.53622,298.6431,22.386220000000037,25.493100000000027
2017-04-10 21:00:00,21.75,89.0,294.8489,298.82135,21.698900000000037,25.671350000000018
2017-04-10 21:00:00,21.75,89.25,295.0042,298.2925,21.85420000000005,25.14250000000004
2017-04-10 21:00:00,21.75,89.5,295.73303,297.775,22.583030000000008,24.625
2017-04-10 21:00:00,21.75,89.75,295.7974,297.83112,22.647400000000005,24.68112000000002
2017-04-10 21:00:00,21.75,90.0,295.97433,298.03012,22.82433000000003,24.880120000000034
2017-04-10 21:00:00,21.5,85.5,295.6226,300.57965,22.4726,27.429650000000038
2017-04-10 21:00:00,21.5,85.75,297.5273,301.98715,24.377300000000048,28.83715000000001
2017-04-10 21:00:00,21.5,86.0,297.5273,301.98715,24.377300000000048,28.83715000000001
2017-04-10 21:00:00,21.5,86.25,297.91144,301.30566,24.76144000000005,28.15566000000001
2017-04-10 21:00:00,21.5,86.5,298.04858,301.1331,24.898580000000038,27.983100000000036
2017-04-10 21:00:00,21.5,86.75,297.4741,300.88235,24.324100000000044,27.732349999999997
2017-04-10 21:00:00,21.5,87.0,296.84854,299.25903,23.698540000000037,26.10903000000002
2017-04-10 21:00:00,21.5,87.25,296.85382,298.62573,23.703820000000007,25.47573
2017-04-10 21:00:00,21.5,87.5,297.14713,298.50668,23.997130000000027,25.35668000000004
2017-04-10 21:00:00,21.5,87.75,297.18423,298.1144,24.034230000000036,24.964400000000012
2017-04-10 21:00:00,21.5,88.0,296.80212,297.90057,23.652120000000025,24.75057000000004
2017-04-10 21:00:00,21.5,88.25,296.80212,297.90057,23.652120000000025,24.75057000000004
2017-04-10 21:00:00,21.5,88.5,296.26013,297.7642,23.110130000000026,24.61420000000004
2017-04-10 21:00:00,21.5,88.75,295.91046,297.67245,22.760460000000023,24.52245000000005
2017-04-10 21:00:00,21.5,89.0,295.7445,297.66022,22.59450000000004,24.510220000000004
2017-04-10 21:00:00,21.5,89.25,295.6223,297.60413,22.47230000000002,24.45413000000002
2017-04-10 21:00:00,21.5,89.5,295.6107,297.6108,22.46070000000003,24.460800000000006
2017-04-10 21:00:00,21.5,89.75,295.71524,297.73923,22.565240000000017,24.589230000000043
2017-04-10 21:00:00,21.5,90.0,295.8193,297.86554,22.66930000000002,24.715540000000033
2017-04-10 21:00:00,21.25,85.5,296.53473,301.4692,23.384730000000047,28.319200000000023
2017-04-10 21:00:00,21.25,85.75,298.1025,302.3204,24.952500000000043,29.17040000000003
2017-04-10 21:00:00,21.25,86.0,298.1025,302.3204,24.952500000000043,29.17040000000003
2017-04-10 21:00:00,21.25,86.25,299.04303,302.67926,25.89303000000001,29.529260000000022
2017-04-10 21:00:00,21.25,86.5,298.6621,302.30426,25.512100000000032,29.154260000000022
2017-04-10 21:00:00,21.25,86.75,297.8322,301.1661,24.682200000000023,28.016099999999994
2017-04-10 21:00:00,21.25,87.0,296.6763,298.9102,23.52630000000005,25.760199999999998
2017-04-10 21:00:00,21.25,87.25,296.5073,298.0696,23.35730000000001,24.919600000000003
2017-04-10 21:00:00,21.25,87.5,296.82422,297.9365,23.674220000000048,24.786500000000046
2017-04-10 21:00:00,21.25,87.75,296.9634,297.85284,23.8134,24.702840000000037
2017-04-10 21:00:00,21.25,88.0,296.7057,297.77737,23.5557,24.62737000000004
2017-04-10 21:00:00,21.25,88.25,296.7057,297.77737,23.5557,24.62737000000004
2017-04-10 21:00:00,21.25,88.5,296.24667,297.6731,23.096670000000017,24.5231
2017-04-10 21:00:00,21.25,88.75,295.9092,297.5637,22.75920000000002,24.413700000000006
2017-04-10 21:00:00,21.25,89.0,295.74805,297.49347,22.59805,24.343470000000025
2017-04-10 21:00:00,21.25,89.25,295.64932,297.5242,22.49932000000001,24.37420000000003
2017-04-10 21:00:00,21.25,89.5,295.62952,297.6074,22.479520000000036,24.457400000000007
2017-04-10 21:00:00,21.25,89.75,295.69345,297.63028,22.543450000000007,24.48028000000005
2017-04-10 21:00:00,21.25,90.0,295.76288,297.75558,22.61288000000002,24.60558000000003
2017-04-10 21:00:00,21.0,85.5,295.66742,301.77853,22.517420000000016,28.628530000000012
2017-04-10 21:00:00,21.0,85.75,296.82568,302.0839,23.67568,28.93390000000005
2017-04-10 21:00:00,21.0,86.0,296.82568,302.0839,23.67568,28.93390000000005
2017-04-10 21:00:00,21.0,86.25,297.59644,301.8621,24.446439999999996,28.71210000000002
2017-04-10 21:00:00,21.0,86.5,297.368,301.03024,24.218000000000018,27.880240000000015
2017-04-10 21:00:00,21.0,86.75,296.9262,299.6783,23.776200000000017,26.5283
2017-04-10 21:00:00,21.0,87.0,296.3093,298.35718,23.15930000000003,25.20718000000005
2017-04-10 21:00:00,21.0,87.25,296.1765,297.86615,23.0265,24.716150000000027
2017-04-10 21:00:00,21.0,87.5,296.41785,297.71573,23.26785000000001,24.56573000000003
2017-04-10 21:00:00,21.0,87.75,296.56357,297.61737,23.41357000000005,24.467370000000017
2017-04-10 21:00:00,21.0,88.0,296.44617,297.51517,23.296170000000018,24.365170000000035
2017-04-10 21:00:00,21.0,88.25,296.44617,297.51517,23.296170000000018,24.365170000000035
2017-04-10 21:00:00,21.0,88.5,296.20657,297.4611,23.056570000000022,24.31110000000001
2017-04-10 21:00:00,21.0,88.75,296.0211,297.47952,22.871100000000013,24.329520000000002
2017-04-10 21:00:00,21.0,89.0,295.9157,297.4712,22.765700000000038,24.321200000000033
2017-04-10 21:00:00,21.0,89.25,295.8066,297.4482,22.656600000000026,24.29820000000001
2017-04-10 21:00:00,21.0,89.5,295.67868,297.43332,22.52868000000001,24.283320000000003
2017-04-10 21:00:00,21.0,89.75,295.62042,297.4267,22.470420000000047,24.276700000000005
2017-04-10 21:00:00,21.0,90.0,295.7391,297.62997,22.58910000000003,24.479970000000037
2017-04-10 22:00:00,27.5,85.5,277.6845,282.5724,4.534500000000037,9.422400000000039
2017-04-10 22:00:00,27.5,85.75,275.57758,280.57257,2.4275800000000345,7.422570000000007
2017-04-10 22:00:00,27.5,86.0,275.57758,280.57257,2.4275800000000345,7.422570000000007
2017-04-10 22:00:00,27.5,86.25,273.523,278.6556,0.3730000000000473,5.505600000000015
2017-04-10 22:00:00,27.5,86.5,270.40137,279.73822,-2.7486299999999915,6.588220000000035
2017-04-10 22:00:00,27.5,86.75,266.51822,278.4581,-6.631779999999992,5.3081000000000245
2017-04-10 22:00:00,27.5,87.0,264.02322,276.56717,-9.126779999999997,3.4171699999999987
2017-04-10 22:00:00,27.5,87.25,263.2806,272.5741,-9.869399999999985,-0.5758999999999901
2017-04-10 22:00:00,27.5,87.5,263.4592,271.85944,-9.690799999999967,-1.2905599999999708
2017-04-10 22:00:00,27.5,87.75,264.62225,273.70715,-8.527749999999969,0.5571500000000356
2017-04-10 22:00:00,27.5,88.0,268.1347,275.6732,-5.015299999999968,2.523200000000031
2017-04-10 22:00:00,27.5,88.25,268.1347,275.6732,-5.015299999999968,2.523200000000031
2017-04-10 22:00:00,27.5,88.5,272.90033,278.66376,-0.24966999999998052,5.5137600000000475
2017-04-10 22:00:00,27.5,88.75,273.74127,278.64914,0.5912700000000086,5.499140000000011
2017-04-10 22:00:00,27.5,89.0,268.68216,271.78665,-4.467839999999967,-1.3633499999999685
2017-04-10 22:00:00,27.5,89.25,265.29166,269.19983,-7.858339999999998,-3.9501699999999573
2017-04-10 22:00:00,27.5,89.5,269.2877,274.50854,-3.8623000000000047,1.358540000000005
2017-04-10 22:00:00,27.5,89.75,274.85117,278.73114,1.7011700000000474,5.581140000000005
2017-04-10 22:00:00,27.5,90.0,279.57605,280.7941,6.426050000000032,7.644100000000037
2017-04-10 22:00:00,27.25,85.5,281.24518,287.14304,8.095180000000028,13.993040000000008
2017-04-10 22:00:00,27.25,85.75,279.9976,285.8083,6.8476,12.658299999999997
2017-04-10 22:00:00,27.25,86.0,279.9976,285.8083,6.8476,12.658299999999997
2017-04-10 22:00:00,27.25,86.25,278.52985,284.41977,5.379850000000033,11.269770000000051
2017-04-10 22:00:00,27.25,86.5,275.80673,282.629,2.6567300000000387,9.479000000000042
2017-04-10 22:00:00,27.25,86.75,273.9776,280.03113,0.8276000000000181,6.8811300000000415
2017-04-10 22:00:00,27.25,87.0,271.704,277.39954,-1.4459999999999695,4.2495400000000245
2017-04-10 22:00:00,27.25,87.25,270.35297,277.84134,-2.7970299999999497,4.691340000000025
2017-04-10 22:00:00,27.25,87.5,269.9858,277.68582,-3.164199999999994,4.535820000000001
2017-04-10 22:00:00,27.25,87.75,270.0967,276.31323,-3.053299999999979,3.1632299999999987
2017-04-10 22:00:00,27.25,88.0,271.7205,277.2412,-1.4294999999999618,4.091200000000015
2017-04-10 22:00:00,27.25,88.25,271.7205,277.2412,-1.4294999999999618,4.091200000000015
2017-04-10 22:00:00,27.25,88.5,275.0383,280.94196,1.8883000000000152,7.791960000000017
2017-04-10 22:00:00,27.25,88.75,276.49152,282.1658,3.3415200000000027,9.015800000000013
2017-04-10 22:00:00,27.25,89.0,273.15875,278.3504,0.008750000000020464,5.200400000000002
2017-04-10 22:00:00,27.25,89.25,269.7261,277.37936,-3.4239000000000033,4.229360000000042
2017-04-10 22:00:00,27.25,89.5,271.71747,277.79636,-1.4325299999999856,4.646360000000016
2017-04-10 22:00:00,27.25,89.75,275.0008,278.3657,1.8508000000000493,5.215700000000027
2017-04-10 22:00:00,27.25,90.0,279.5007,282.86877,6.3507000000000176,9.718770000000006
2017-04-10 22:00:00,27.0,85.5,281.24518,287.14304,8.095180000000028,13.993040000000008
2017-04-10 22:00:00,27.0,85.75,279.9976,285.8083,6.8476,12.658299999999997
2017-04-10 22:00:00,27.0,86.0,279.9976,285.8083,6.8476,12.658299999999997
2017-04-10 22:00:00,27.0,86.25,278.52985,284.41977,5.379850000000033,11.269770000000051
2017-04-10 22:00:00,27.0,86.5,275.80673,282.629,2.6567300000000387,9.479000000000042
2017-04-10 22:00:00,27.0,86.75,273.9776,280.03113,0.8276000000000181,6.8811300000000415
2017-04-10 22:00:00,27.0,87.0,271.704,277.39954,-1.4459999999999695,4.2495400000000245
2017-04-10 22:00:00,27.0,87.25,270.35297,277.84134,-2.7970299999999497,4.691340000000025
2017-04-10 22:00:00,27.0,87.5,269.9858,277.68582,-3.164199999999994,4.535820000000001
2017-04-10 22:00:00,27.0,87.75,270.0967,276.31323,-3.053299999999979,3.1632299999999987
2017-04-10 22:00:00,27.0,88.0,271.7205,277.2412,-1.4294999999999618,4.091200000000015
2017-04-10 22:00:00,27.0,88.25,271.7205,277.2412,-1.4294999999999618,4.091200000000015
2017-04-10 22:00:00,27.0,88.5,275.0383,280.94196,1.8883000000000152,7.791960000000017
2017-04-10 22:00:00,27.0,88.75,276.49152,282.1658,3.3415200000000027,9.015800000000013
2017-04-10 22:00:00,27.0,89.0,273.15875,278.3504,0.008750000000020464,5.200400000000002
2017-04-10 22:00:00,27.0,89.25,269.7261,277.37936,-3.4239000000000033,4.229360000000042
2017-04-10 22:00:00,27.0,89.5,271.71747,277.79636,-1.4325299999999856,4.646360000000016
2017-04-10 22:00:00,27.0,89.75,275.0008,278.3657,1.8508000000000493,5.215700000000027
2017-04-10 22:00:00,27.0,90.0,279.5007,282.86877,6.3507000000000176,9.718770000000006
2017-04-10 22:00:00,26.75,85.5,282.224,284.82455,9.074000000000012,11.67455000000001
2017-04-10 22:00:00,26.75,85.75,281.42438,286.29816,8.274380000000008,13.148160000000018
2017-04-10 22:00:00,26.75,86.0,281.42438,286.29816,8.274380000000008,13.148160000000018
2017-04-10 22:00:00,26.75,86.25,280.75992,289.4698,7.609920000000045,16.319800000000043
2017-04-10 22:00:00,26.75,86.5,279.96942,286.83395,6.8194200000000365,13.683950000000038
2017-04-10 22:00:00,26.75,86.75,279.19122,285.1281,6.04122000000001,11.97810000000004
2017-04-10 22:00:00,26.75,87.0,278.0522,283.75943,4.90220000000005,10.609430000000032
2017-04-10 22:00:00,26.75,87.25,276.66684,283.06265,3.516840000000002,9.912650000000042
2017-04-10 22:00:00,26.75,87.5,275.79086,282.50497,2.640860000000032,9.354970000000037
2017-04-10 22:00:00,26.75,87.75,275.68613,282.09268,2.536130000000014,8.942679999999996
2017-04-10 22:00:00,26.75,88.0,276.40402,282.64972,3.2540200000000254,9.499720000000025
2017-04-10 22:00:00,26.75,88.25,276.40402,282.64972,3.2540200000000254,9.499720000000025
2017-04-10 22:00:00,26.75,88.5,278.04526,284.18335,4.8952600000000075,11.033350000000041
2017-04-10 22:00:00,26.75,88.75,279.3275,285.00238,6.177500000000009,11.85238000000004
2017-04-10 22:00:00,26.75,89.0,278.75195,284.2157,5.601950000000045,11.06570000000005
2017-04-10 22:00:00,26.75,89.25,278.399,284.25287,5.249000000000024,11.102869999999996
2017-04-10 22:00:00,26.75,89.5,278.95285,284.28375,5.802850000000035,11.13375000000002
2017-04-10 22:00:00,26.75,89.75,279.31146,284.74246,6.161460000000034,11.592460000000017
2017-04-10 22:00:00,26.75,90.0,283.04422,287.24655,9.894220000000018,14.096550000000036
2017-04-10 22:00:00,26.5,85.5,283.13577,287.30856,9.985770000000002,14.158560000000023
2017-04-10 22:00:00,26.5,85.75,283.04507,287.18378,9.895070000000032,14.033780000000036
2017-04-10 22:00:00,26.5,86.0,283.04507,287.18378,9.895070000000032,14.033780000000036
2017-04-10 22:00:00,26.5,86.25,281.5503,284.95007,8.400300000000016,11.800070000000005
2017-04-10 22:00:00,26.5,86.5,280.97928,283.84155,7.82928000000004,10.691550000000007
2017-04-10 22:00:00,26.5,86.75,280.4782,284.25317,7.328200000000038,11.103170000000034
2017-04-10 22:00:00,26.5,87.0,279.10394,285.8321,5.9539400000000455,12.682100000000048
2017-04-10 22:00:00,26.5,87.25,278.5846,285.98813,5.434600000000046,12.838130000000035
2017-04-10 22:00:00,26.5,87.5,278.37323,284.6614,5.223230000000001,11.511400000000037
2017-04-10 22:00:00,26.5,87.75,278.3968,284.59137,5.2468000000000075,11.441370000000006
2017-04-10 22:00:00,26.5,88.0,278.969,286.08835,5.819000000000017,12.938350000000014
2017-04-10 22:00:00,26.5,88.25,278.969,286.08835,5.819000000000017,12.938350000000014
2017-04-10 22:00:00,26.5,88.5,279.65875,287.31717,6.5087500000000205,14.167169999999999
2017-04-10 22:00:00,26.5,88.75,279.89838,288.31522,6.748379999999997,15.165220000000033
2017-04-10 22:00:00,26.5,89.0,279.55472,288.49136,6.4047199999999975,15.341360000000009
2017-04-10 22:00:00,26.5,89.25,279.81192,285.31543,6.661920000000009,12.165430000000015
2017-04-10 22:00:00,26.5,89.5,281.88992,285.84286,8.73992000000004,12.692859999999996
2017-04-10 22:00:00,26.5,89.75,283.19537,288.1437,10.045370000000048,14.993700000000047
2017-04-10 22:00:00,26.5,90.0,284.62027,288.35028,11.470270000000028,15.20028000000002
2017-04-10 22:00:00,26.25,85.5,282.6866,286.86325,9.536600000000021,13.713250000000016
2017-04-10 22:00:00,26.25,85.75,282.44882,286.7029,9.298820000000035,13.552900000000022
2017-04-10 22:00:00,26.25,86.0,282.44882,286.7029,9.298820000000035,13.552900000000022
2017-04-10 22:00:00,26.25,86.25,282.15778,286.46295,9.007780000000025,13.31295
2017-04-10 22:00:00,26.25,86.5,281.43466,285.29175,8.28466000000003,12.141750000000002
2017-04-10 22:00:00,26.25,86.75,281.56555,285.8422,8.415549999999996,12.692200000000014
2017-04-10 22:00:00,26.25,87.0,281.46796,285.59235,8.317960000000028,12.442350000000033
2017-04-10 22:00:00,26.25,87.25,280.69025,284.1922,7.5402500000000146,11.042200000000037
2017-04-10 22:00:00,26.25,87.5,280.20737,283.69595,7.0573700000000485,10.545950000000005
2017-04-10 22:00:00,26.25,87.75,279.7166,283.12204,6.566600000000051,9.97204000000005
2017-04-10 22:00:00,26.25,88.0,279.52255,282.71857,6.372550000000047,9.568570000000022
2017-04-10 22:00:00,26.25,88.25,279.52255,282.71857,6.372550000000047,9.568570000000022
2017-04-10 22:00:00,26.25,88.5,280.10513,283.6607,6.955129999999997,10.510700000000043
2017-04-10 22:00:00,26.25,88.75,280.53696,285.91833,7.386960000000045,12.768330000000049
2017-04-10 22:00:00,26.25,89.0,280.5036,289.2549,7.353600000000029,16.104900000000043
2017-04-10 22:00:00,26.25,89.25,280.77365,289.3323,7.623649999999998,16.182299999999998
2017-04-10 22:00:00,26.25,89.5,282.08725,286.4429,8.937250000000006,13.292900000000031
2017-04-10 22:00:00,26.25,89.75,283.84808,289.45255,10.698080000000004,16.302549999999997
2017-04-10 22:00:00,26.25,90.0,284.90454,289.5718,11.75454000000002,16.42180000000002
2017-04-10 22:00:00,26.0,85.5,283.1168,286.69315,9.966800000000035,13.543150000000026
2017-04-10 22:00:00,26.0,85.75,283.00095,286.87173,9.850950000000012,13.721730000000036
2017-04-10 22:00:00,26.0,86.0,283.00095,286.87173,9.850950000000012,13.721730000000036
2017-04-10 22:00:00,26.0,86.25,282.54868,286.8387,9.398680000000013,13.68870000000004
2017-04-10 22:00:00,26.0,86.5,282.42935,286.71973,9.279350000000022,13.56973000000005
2017-04-10 22:00:00,26.0,86.75,281.6581,286.0721,8.508100000000013,12.9221
2017-04-10 22:00:00,26.0,87.0,281.36362,285.7121,8.213620000000049,12.562100000000044
2017-04-10 22:00:00,26.0,87.25,281.27036,285.51163,8.120360000000005,12.361630000000048
2017-04-10 22:00:00,26.0,87.5,281.39105,285.57812,8.24105000000003,12.428120000000035
2017-04-10 22:00:00,26.0,87.75,281.66037,285.69708,8.510370000000023,12.54708000000005
2017-04-10 22:00:00,26.0,88.0,281.61682,285.64264,8.466820000000041,12.492639999999994
2017-04-10 22:00:00,26.0,88.25,281.61682,285.64264,8.466820000000041,12.492639999999994
2017-04-10 22:00:00,26.0,88.5,281.22614,285.34668,8.07614000000001,12.196680000000015
2017-04-10 22:00:00,26.0,88.75,280.84875,284.911,7.698750000000018,11.761000000000024
2017-04-10 22:00:00,26.0,89.0,280.52798,284.4503,7.377980000000036,11.30030000000005
2017-04-10 22:00:00,26.0,89.25,280.4561,283.50098,7.306100000000015,10.35098000000005
2017-04-10 22:00:00,26.0,89.5,281.12042,284.0134,7.970420000000047,10.863400000000013
2017-04-10 22:00:00,26.0,89.75,283.11847,289.0001,9.968470000000025,15.850099999999998
2017-04-10 22:00:00,26.0,90.0,284.56924,290.50204,11.419240000000002,17.352040000000045
2017-04-10 22:00:00,25.75,85.5,282.97766,287.22183,9.827660000000037,14.071830000000034
2017-04-10 22:00:00,25.75,85.75,282.61612,286.7827,9.466120000000046,13.6327
2017-04-10 22:00:00,25.75,86.0,282.61612,286.7827,9.466120000000046,13.6327
2017-04-10 22:00:00,25.75,86.25,282.61026,286.54602,9.460260000000005,13.396020000000021
2017-04-10 22:00:00,25.75,86.5,282.5804,286.5252,9.43040000000002,13.375200000000007
2017-04-10 22:00:00,25.75,86.75,282.48428,286.5308,9.334280000000035,13.380800000000022
2017-04-10 22:00:00,25.75,87.0,282.35062,286.57217,9.200620000000015,13.422170000000051
2017-04-10 22:00:00,25.75,87.25,282.09277,286.39944,8.942769999999996,13.24944000000005
2017-04-10 22:00:00,25.75,87.5,281.62857,286.03464,8.478570000000047,12.884640000000047
2017-04-10 22:00:00,25.75,87.75,281.3605,285.84213,8.210500000000025,12.69213000000002
2017-04-10 22:00:00,25.75,88.0,281.27817,285.4595,8.128170000000011,12.309500000000014
2017-04-10 22:00:00,25.75,88.25,281.27817,285.4595,8.128170000000011,12.309500000000014
2017-04-10 22:00:00,25.75,88.5,281.15427,284.7372,8.00427000000002,11.587199999999996
2017-04-10 22:00:00,25.75,88.75,281.01822,284.5847,7.868220000000008,11.43470000000002
2017-04-10 22:00:00,25.75,89.0,280.719,284.97495,7.569000000000017,11.824950000000001
2017-04-10 22:00:00,25.75,89.25,280.30902,284.29483,7.159019999999998,11.144830000000013
2017-04-10 22:00:00,25.75,89.5,280.0608,283.36774,6.910799999999995,10.217740000000049
2017-04-10 22:00:00,25.75,89.75,282.61887,287.74786,9.468870000000038,14.597860000000026
2017-04-10 22:00:00,25.75,90.0,284.5854,290.4063,11.435400000000016,17.25630000000001
2017-04-10 22:00:00,25.5,85.5,282.88507,286.71378,9.735070000000007,13.563780000000008
2017-04-10 22:00:00,25.5,85.75,283.00916,286.9305,9.859160000000031,13.780500000000018
2017-04-10 22:00:00,25.5,86.0,283.00916,286.9305,9.859160000000031,13.780500000000018
2017-04-10 22:00:00,25.5,86.25,282.841,286.71808,9.691000000000031,13.568080000000009
2017-04-10 22:00:00,25.5,86.5,282.8749,286.82175,9.724900000000048,13.671750000000031
2017-04-10 22:00:00,25.5,86.75,282.7989,286.8871,9.648900000000026,13.737099999999998
2017-04-10 22:00:00,25.5,87.0,282.51526,286.87973,9.365260000000035,13.729730000000018
2017-04-10 22:00:00,25.5,87.25,282.457,286.84772,9.307000000000016,13.697720000000004
2017-04-10 22:00:00,25.5,87.5,282.76874,286.9344,9.618740000000003,13.784400000000005
2017-04-10 22:00:00,25.5,87.75,282.97507,287.16208,9.82507000000004,14.012080000000026
2017-04-10 22:00:00,25.5,88.0,282.9114,287.27512,9.761400000000037,14.125120000000038
2017-04-10 22:00:00,25.5,88.25,282.9114,287.27512,9.761400000000037,14.125120000000038
2017-04-10 22:00:00,25.5,88.5,282.83267,286.88806,9.68267000000003,13.738060000000019
2017-04-10 22:00:00,25.5,88.75,282.61432,286.12646,9.464320000000043,12.976460000000031
2017-04-10 22:00:00,25.5,89.0,281.80515,285.1527,8.655150000000049,12.002700000000004
2017-04-10 22:00:00,25.5,89.25,280.46558,284.36447,7.315580000000011,11.214470000000006
2017-04-10 22:00:00,25.5,89.5,279.8264,288.04755,6.676400000000001,14.897550000000024
2017-04-10 22:00:00,25.5,89.75,283.13943,288.15973,9.989430000000027,15.009730000000047
2017-04-10 22:00:00,25.5,90.0,284.7748,290.57843,11.62480000000005,17.42843000000005
2017-04-10 22:00:00,25.25,85.5,282.94565,286.53485,9.795650000000023,13.384850000000029
2017-04-10 22:00:00,25.25,85.75,282.6654,286.52747,9.5154,13.377470000000017
2017-04-10 22:00:00,25.25,86.0,282.6654,286.52747,9.5154,13.377470000000017
2017-04-10 22:00:00,25.25,86.25,282.4308,286.75287,9.2808,13.602869999999996
2017-04-10 22:00:00,25.25,86.5,282.90024,287.1448,9.75024000000002,13.994799999999998
2017-04-10 22:00:00,25.25,86.75,282.9664,287.32785,9.816400000000044,14.177850000000035
2017-04-10 22:00:00,25.25,87.0,282.73373,287.2885,9.583730000000003,14.138500000000022
2017-04-10 22:00:00,25.25,87.25,282.5339,287.1802,9.38390000000004,14.030200000000036
2017-04-10 22:00:00,25.25,87.5,282.63168,287.35123,9.48168000000004,14.20123000000001
2017-04-10 22:00:00,25.25,87.75,282.6097,287.43597,9.459699999999998,14.28597000000002
2017-04-10 22:00:00,25.25,88.0,282.4985,287.3099,9.348500000000001,14.15990000000005
2017-04-10 22:00:00,25.25,88.25,282.4985,287.3099,9.348500000000001,14.15990000000005
2017-04-10 22:00:00,25.25,88.5,282.7125,287.32233,9.5625,14.172330000000045
2017-04-10 22:00:00,25.25,88.75,283.0058,287.43347,9.855800000000045,14.283470000000023
2017-04-10 22:00:00,25.25,89.0,282.66238,286.66385,9.512380000000007,13.513850000000048
2017-04-10 22:00:00,25.25,89.25,281.2021,284.3068,8.052099999999996,11.156800000000032
2017-04-10 22:00:00,25.25,89.5,280.0394,284.6369,6.889400000000023,11.486900000000048
2017-04-10 22:00:00,25.25,89.75,283.00806,288.7368,9.858060000000023,15.58680000000004
2017-04-10 22:00:00,25.25,90.0,283.9704,290.53372,10.820400000000006,17.38372000000004
2017-04-10 22:00:00,25.0,85.5,283.06842,286.96457,9.918420000000026,13.814570000000003
2017-04-10 22:00:00,25.0,85.75,283.1696,287.24628,10.019600000000025,14.096280000000036
2017-04-10 22:00:00,25.0,86.0,283.1696,287.24628,10.019600000000025,14.096280000000036
2017-04-10 22:00:00,25.0,86.25,282.78122,287.33426,9.631220000000042,14.184259999999995
2017-04-10 22:00:00,25.0,86.5,282.77267,287.23715,9.622670000000028,14.087150000000008
2017-04-10 22:00:00,25.0,86.75,282.75644,287.09216,9.60644000000002,13.942160000000001
2017-04-10 22:00:00,25.0,87.0,282.977,287.42145,9.826999999999998,14.271450000000016
2017-04-10 22:00:00,25.0,87.25,282.76413,287.39957,9.614130000000046,14.249570000000006
2017-04-10 22:00:00,25.0,87.5,282.13474,287.04553,8.984740000000045,13.895530000000008
2017-04-10 22:00:00,25.0,87.75,282.30322,287.39703,9.153220000000033,14.247029999999995
2017-04-10 22:00:00,25.0,88.0,282.81396,287.92273,9.663960000000031,14.772730000000024
2017-04-10 22:00:00,25.0,88.25,282.81396,287.92273,9.663960000000031,14.772730000000024
2017-04-10 22:00:00,25.0,88.5,283.0074,287.59525,9.857400000000041,14.445250000000044
2017-04-10 22:00:00,25.0,88.75,282.80136,286.8973,9.651360000000011,13.747299999999996
2017-04-10 22:00:00,25.0,89.0,281.5101,286.19104,8.360100000000045,13.04104000000001
2017-04-10 22:00:00,25.0,89.25,281.1989,285.28934,8.048900000000003,12.139340000000004
2017-04-10 22:00:00,25.0,89.5,281.884,285.91553,8.734000000000037,12.765530000000012
2017-04-10 22:00:00,25.0,89.75,284.1243,289.35257,10.974300000000028,16.202570000000037
2017-04-10 22:00:00,25.0,90.0,284.90625,291.20374,11.756250000000023,18.053740000000005
2017-04-10 22:00:00,24.75,85.5,283.06842,286.96457,9.918420000000026,13.814570000000003
2017-04-10 22:00:00,24.75,85.75,283.1696,287.24628,10.019600000000025,14.096280000000036
2017-04-10 22:00:00,24.75,86.0,283.1696,287.24628,10.019600000000025,14.096280000000036
2017-04-10 22:00:00,24.75,86.25,282.78122,287.33426,9.631220000000042,14.184259999999995
2017-04-10 22:00:00,24.75,86.5,282.77267,287.23715,9.622670000000028,14.087150000000008
2017-04-10 22:00:00,24.75,86.75,282.75644,287.09216,9.60644000000002,13.942160000000001
2017-04-10 22:00:00,24.75,87.0,282.977,287.42145,9.826999999999998,14.271450000000016
2017-04-10 22:00:00,24.75,87.25,282.76413,287.39957,9.614130000000046,14.249570000000006
2017-04-10 22:00:00,24.75,87.5,282.13474,287.04553,8.984740000000045,13.895530000000008
2017-04-10 22:00:00,24.75,87.75,282.30322,287.39703,9.153220000000033,14.247029999999995
2017-04-10 22:00:00,24.75,88.0,282.81396,287.92273,9.663960000000031,14.772730000000024
2017-04-10 22:00:00,24.75,88.25,282.81396,287.92273,9.663960000000031,14.772730000000024
2017-04-10 22:00:00,24.75,88.5,283.0074,287.59525,9.857400000000041,14.445250000000044
2017-04-10 22:00:00,24.75,88.75,282.80136,286.8973,9.651360000000011,13.747299999999996
2017-04-10 22:00:00,24.75,89.0,281.5101,286.19104,8.360100000000045,13.04104000000001
2017-04-10 22:00:00,24.75,89.25,281.1989,285.28934,8.048900000000003,12.139340000000004
2017-04-10 22:00:00,24.75,89.5,281.884,285.91553,8.734000000000037,12.765530000000012
2017-04-10 22:00:00,24.75,89.75,284.1243,289.35257,10.974300000000028,16.202570000000037
2017-04-10 22:00:00,24.75,90.0,284.90625,291.20374,11.756250000000023,18.053740000000005
2017-04-10 22:00:00,24.5,85.5,282.61807,287.111,9.468070000000012,13.961000000000013
2017-04-10 22:00:00,24.5,85.75,281.93997,286.9965,8.78997000000004,13.846500000000049
2017-04-10 22:00:00,24.5,86.0,281.93997,286.9965,8.78997000000004,13.846500000000049
2017-04-10 22:00:00,24.5,86.25,281.845,286.77927,8.69500000000005,13.62927000000002
2017-04-10 22:00:00,24.5,86.5,282.40686,286.74908,9.256860000000017,13.599080000000015
2017-04-10 22:00:00,24.5,86.75,282.4971,286.6787,9.347100000000012,13.528700000000015
2017-04-10 22:00:00,24.5,87.0,282.6875,287.0237,9.537500000000023,13.873700000000042
2017-04-10 22:00:00,24.5,87.25,282.59637,287.05414,9.446370000000002,13.90414000000004
2017-04-10 22:00:00,24.5,87.5,281.8717,286.60074,8.721699999999998,13.450739999999996
2017-04-10 22:00:00,24.5,87.75,281.48135,286.0381,8.331350000000043,12.888100000000009
2017-04-10 22:00:00,24.5,88.0,281.8558,286.55368,8.70580000000001,13.403680000000008
2017-04-10 22:00:00,24.5,88.25,281.8558,286.55368,8.70580000000001,13.403680000000008
2017-04-10 22:00:00,24.5,88.5,282.48868,287.62485,9.33868000000001,14.474850000000004
2017-04-10 22:00:00,24.5,88.75,282.61356,287.4232,9.46356000000003,14.273200000000031
2017-04-10 22:00:00,24.5,89.0,281.99457,286.75626,8.844570000000033,13.60626000000002
2017-04-10 22:00:00,24.5,89.25,282.4262,286.9478,9.276200000000017,13.797799999999995
2017-04-10 22:00:00,24.5,89.5,283.65744,288.39084,10.507440000000031,15.240840000000048
2017-04-10 22:00:00,24.5,89.75,285.9888,291.1278,12.838800000000049,17.977800000000002
2017-04-10 22:00:00,24.5,90.0,287.64664,292.10712,14.496640000000014,18.95712000000003
2017-04-10 22:00:00,24.25,85.5,281.99792,285.9963,8.847920000000045,12.846300000000042
2017-04-10 22:00:00,24.25,85.75,281.48935,285.53998,8.339350000000024,12.389980000000037
2017-04-10 22:00:00,24.25,86.0,281.48935,285.53998,8.339350000000024,12.389980000000037
2017-04-10 22:00:00,24.25,86.25,281.89343,285.92212,8.743430000000046,12.77212000000003
2017-04-10 22:00:00,24.25,86.5,282.27072,286.3326,9.120720000000006,13.182600000000036
2017-04-10 22:00:00,24.25,86.75,282.4784,286.6567,9.328400000000045,13.506700000000023
2017-04-10 22:00:00,24.25,87.0,282.50488,287.062,9.354880000000037,13.912000000000035
2017-04-10 22:00:00,24.25,87.25,282.49756,287.29846,9.347560000000044,14.14846
2017-04-10 22:00:00,24.25,87.5,282.38318,287.21445,9.233180000000004,14.064450000000022
2017-04-10 22:00:00,24.25,87.75,282.95114,287.42502,9.801140000000032,14.27502000000004
2017-04-10 22:00:00,24.25,88.0,283.37112,287.71536,10.221120000000042,14.565359999999998
2017-04-10 22:00:00,24.25,88.25,283.37112,287.71536,10.221120000000042,14.565359999999998
2017-04-10 22:00:00,24.25,88.5,283.15643,287.88773,10.006430000000023,14.737729999999999
2017-04-10 22:00:00,24.25,88.75,283.3314,288.4071,10.181399999999996,15.257100000000037
2017-04-10 22:00:00,24.25,89.0,283.65912,289.12637,10.509119999999996,15.976370000000031
2017-04-10 22:00:00,24.25,89.25,284.80963,290.38556,11.65963000000005,17.23556000000002
2017-04-10 22:00:00,24.25,89.5,286.51407,291.74588,13.364070000000027,18.595880000000022
2017-04-10 22:00:00,24.25,89.75,288.665,293.77197,15.515000000000043,20.621970000000033
2017-04-10 22:00:00,24.25,90.0,290.039,295.00455,16.88900000000001,21.854550000000017
2017-04-10 22:00:00,24.0,85.5,280.5715,284.21088,7.421500000000037,11.060879999999997
2017-04-10 22:00:00,24.0,85.75,280.2223,284.77814,7.072300000000041,11.62814000000003
2017-04-10 22:00:00,24.0,86.0,280.2223,284.77814,7.072300000000041,11.62814000000003
2017-04-10 22:00:00,24.0,86.25,280.95316,285.7365,7.803160000000048,12.586500000000001
2017-04-10 22:00:00,24.0,86.5,281.23065,285.9584,8.080650000000048,12.808400000000006
2017-04-10 22:00:00,24.0,86.75,280.91956,285.55438,7.769560000000013,12.404380000000003
2017-04-10 22:00:00,24.0,87.0,280.7748,284.8576,7.62480000000005,11.707600000000014
2017-04-10 22:00:00,24.0,87.25,281.16357,285.75974,8.013570000000016,12.609740000000045
2017-04-10 22:00:00,24.0,87.5,282.43463,286.79874,9.28463000000005,13.648740000000032
2017-04-10 22:00:00,24.0,87.75,283.97266,288.4612,10.822660000000042,15.311200000000042
2017-04-10 22:00:00,24.0,88.0,284.663,289.65405,11.513000000000034,16.504050000000007
2017-04-10 22:00:00,24.0,88.25,284.663,289.65405,11.513000000000034,16.504050000000007
2017-04-10 22:00:00,24.0,88.5,285.10245,289.83307,11.952449999999999,16.683070000000043
2017-04-10 22:00:00,24.0,88.75,286.47876,291.24335,13.328760000000045,18.093350000000044
2017-04-10 22:00:00,24.0,89.0,288.09286,293.20035,14.942859999999996,20.050350000000037
2017-04-10 22:00:00,24.0,89.25,289.6161,294.79465,16.46610000000004,21.644650000000013
2017-04-10 22:00:00,24.0,89.5,291.00076,295.92334,17.850760000000037,22.77334000000002
2017-04-10 22:00:00,24.0,89.75,292.40213,296.87094,19.252130000000022,23.72094000000004
2017-04-10 22:00:00,24.0,90.0,292.48956,296.83484,19.339560000000006,23.68484000000001
2017-04-10 22:00:00,23.75,85.5,280.88684,285.64307,7.736840000000029,12.493070000000046
2017-04-10 22:00:00,23.75,85.75,281.1294,285.93738,7.979399999999998,12.787380000000041
2017-04-10 22:00:00,23.75,86.0,281.1294,285.93738,7.979399999999998,12.787380000000041
2017-04-10 22:00:00,23.75,86.25,281.54276,286.70352,8.39276000000001,13.553520000000049
2017-04-10 22:00:00,23.75,86.5,281.15686,284.8612,8.006860000000017,11.71120000000002
2017-04-10 22:00:00,23.75,86.75,281.41788,286.43387,8.267880000000048,13.283870000000036
2017-04-10 22:00:00,23.75,87.0,281.26608,285.5627,8.11608000000001,12.41270000000003
2017-04-10 22:00:00,23.75,87.25,281.28848,284.77225,8.138480000000015,11.622250000000008
2017-04-10 22:00:00,23.75,87.5,283.1776,287.42383,10.027600000000007,14.273830000000032
2017-04-10 22:00:00,23.75,87.75,285.42932,289.8702,12.279320000000041,16.720200000000034
2017-04-10 22:00:00,23.75,88.0,286.9887,291.6866,13.838700000000017,18.53660000000002
2017-04-10 22:00:00,23.75,88.25,286.9887,291.6866,13.838700000000017,18.53660000000002
2017-04-10 22:00:00,23.75,88.5,288.662,294.1365,15.512,20.986500000000035
2017-04-10 22:00:00,23.75,88.75,290.61215,295.52942,17.46215000000001,22.37942000000004
2017-04-10 22:00:00,23.75,89.0,292.57523,296.83212,19.42523,23.682119999999998
2017-04-10 22:00:00,23.75,89.25,294.20316,297.77518,21.053160000000048,24.62518
2017-04-10 22:00:00,23.75,89.5,295.2266,298.29044,22.07660000000004,25.140440000000012
2017-04-10 22:00:00,23.75,89.75,295.4684,298.32422,22.318399999999997,25.174220000000048
2017-04-10 22:00:00,23.75,90.0,294.8326,298.52118,21.682600000000036,25.371180000000038
2017-04-10 22:00:00,23.5,85.5,281.9175,285.39185,8.767500000000041,12.24185
2017-04-10 22:00:00,23.5,85.75,282.30203,287.22214,9.152030000000025,14.072140000000047
2017-04-10 22:00:00,23.5,86.0,282.30203,287.22214,9.152030000000025,14.072140000000047
2017-04-10 22:00:00,23.5,86.25,281.36276,285.74286,8.212760000000003,12.59286000000003
2017-04-10 22:00:00,23.5,86.5,281.74286,286.96967,8.59286000000003,13.81967000000003
2017-04-10 22:00:00,23.5,86.75,281.9326,286.0699,8.782600000000002,12.919900000000041
2017-04-10 22:00:00,23.5,87.0,282.41058,286.26987,9.260580000000004,13.119870000000049
2017-04-10 22:00:00,23.5,87.25,283.07175,287.1356,9.921750000000031,13.985600000000034
2017-04-10 22:00:00,23.5,87.5,284.56128,288.74274,11.411280000000033,15.592740000000049
2017-04-10 22:00:00,23.5,87.75,286.9773,292.31015,13.827300000000037,19.160150000000044
2017-04-10 22:00:00,23.5,88.0,289.5512,295.96027,16.401200000000017,22.810270000000003
2017-04-10 22:00:00,23.5,88.25,289.5512,295.96027,16.401200000000017,22.810270000000003
2017-04-10 22:00:00,23.5,88.5,291.91937,297.57782,18.769370000000038,24.427819999999997
2017-04-10 22:00:00,23.5,88.75,294.12152,298.1383,20.971519999999998,24.988300000000038
2017-04-10 22:00:00,23.5,89.0,295.86472,298.53265,22.71472,25.382650000000012
2017-04-10 22:00:00,23.5,89.25,297.11108,298.9209,23.961080000000038,25.77090000000004
2017-04-10 22:00:00,23.5,89.5,297.5574,299.25714,24.407399999999996,26.107140000000015
2017-04-10 22:00:00,23.5,89.75,296.97125,299.15097,23.82125000000002,26.000969999999995
2017-04-10 22:00:00,23.5,90.0,295.26138,299.09824,22.111379999999997,25.94824
2017-04-10 22:00:00,23.25,85.5,282.72565,287.39658,9.575649999999996,14.246579999999994
2017-04-10 22:00:00,23.25,85.75,280.89062,287.74136,7.740620000000035,14.591360000000009
2017-04-10 22:00:00,23.25,86.0,280.89062,287.74136,7.740620000000035,14.591360000000009
2017-04-10 22:00:00,23.25,86.25,282.43546,290.41794,9.28546,17.26794000000001
2017-04-10 22:00:00,23.25,86.5,282.94452,287.18777,9.794520000000034,14.037770000000023
2017-04-10 22:00:00,23.25,86.75,284.50766,287.96567,11.35766000000001,14.815670000000011
2017-04-10 22:00:00,23.25,87.0,286.18268,291.17096,13.032680000000028,18.020960000000002
2017-04-10 22:00:00,23.25,87.25,287.55365,293.89804,14.403650000000027,20.748040000000003
2017-04-10 22:00:00,23.25,87.5,289.2684,296.32916,16.11840000000001,23.179160000000024
2017-04-10 22:00:00,23.25,87.75,291.19287,298.30637,18.04287000000005,25.156370000000038
2017-04-10 22:00:00,23.25,88.0,292.7912,299.02756,19.641200000000026,25.877560000000017
2017-04-10 22:00:00,23.25,88.25,292.7912,299.02756,19.641200000000026,25.877560000000017
2017-04-10 22:00:00,23.25,88.5,294.22617,299.07748,21.076170000000047,25.927480000000003
2017-04-10 22:00:00,23.25,88.75,295.68887,299.4595,22.53887000000003,26.309500000000014
2017-04-10 22:00:00,23.25,89.0,296.769,299.77872,23.619000000000028,26.628720000000044
2017-04-10 22:00:00,23.25,89.25,297.3943,299.71848,24.24430000000001,26.568480000000022
2017-04-10 22:00:00,23.25,89.5,297.1686,299.42535,24.01860000000005,26.275350000000003
2017-04-10 22:00:00,23.25,89.75,296.04468,299.17572,22.89468000000005,26.025720000000035
2017-04-10 22:00:00,23.25,90.0,293.7918,298.23248,20.641800000000046,25.082480000000032
2017-04-10 22:00:00,23.0,85.5,282.31375,285.71576,9.16375000000005,12.565760000000012
2017-04-10 22:00:00,23.0,85.75,282.95157,288.8093,9.801570000000027,15.65930000000003
2017-04-10 22:00:00,23.0,86.0,282.95157,288.8093,9.801570000000027,15.65930000000003
2017-04-10 22:00:00,23.0,86.25,283.93893,290.55145,10.78893000000005,17.40145000000001
2017-04-10 22:00:00,23.0,86.5,285.35162,290.4992,12.201620000000048,17.349199999999996
2017-04-10 22:00:00,23.0,86.75,287.73947,296.08798,14.589470000000006,22.93798000000004
2017-04-10 22:00:00,23.0,87.0,289.92877,299.60382,16.77877000000001,26.453820000000007
2017-04-10 22:00:00,23.0,87.25,291.92627,299.7752,18.77627000000001,26.625200000000007
2017-04-10 22:00:00,23.0,87.5,293.4093,300.1637,20.259299999999996,27.01370000000003
2017-04-10 22:00:00,23.0,87.75,294.49826,300.76953,21.34826000000004,27.619529999999997
2017-04-10 22:00:00,23.0,88.0,295.38138,300.69296,22.23138,27.54296000000005
2017-04-10 22:00:00,23.0,88.25,295.38138,300.69296,22.23138,27.54296000000005
2017-04-10 22:00:00,23.0,88.5,296.0776,300.5134,22.92760000000004,27.363400000000013
2017-04-10 22:00:00,23.0,88.75,296.65253,300.3207,23.502530000000036,27.17070000000001
2017-04-10 22:00:00,23.0,89.0,296.95285,300.00085,23.802850000000035,26.850850000000037
2017-04-10 22:00:00,23.0,89.25,296.88748,299.8689,23.737480000000005,26.71890000000002
2017-04-10 22:00:00,23.0,89.5,296.06256,299.45215,22.912560000000042,26.30215000000004
2017-04-10 22:00:00,23.0,89.75,294.3352,298.918,21.18520000000001,25.76800000000003
2017-04-10 22:00:00,23.0,90.0,292.60852,297.90192,19.45852000000002,24.75192000000004
2017-04-10 22:00:00,22.75,85.5,283.71472,289.72635,10.564720000000023,16.576350000000048
2017-04-10 22:00:00,22.75,85.75,285.05646,290.91315,11.906460000000038,17.763149999999996
2017-04-10 22:00:00,22.75,86.0,285.05646,290.91315,11.906460000000038,17.763149999999996
2017-04-10 22:00:00,22.75,86.25,286.65903,293.70493,13.509029999999996,20.554930000000013
2017-04-10 22:00:00,22.75,86.5,288.59045,297.18896,15.440449999999998,24.03896000000003
2017-04-10 22:00:00,22.75,86.75,291.11343,300.47412,17.963430000000017,27.32412000000005
2017-04-10 22:00:00,22.75,87.0,293.7283,300.42697,20.578300000000013,27.276970000000006
2017-04-10 22:00:00,22.75,87.25,295.3123,301.41458,22.162300000000016,28.264580000000024
2017-04-10 22:00:00,22.75,87.5,296.0783,301.448,22.928300000000036,28.298000000000002
2017-04-10 22:00:00,22.75,87.75,296.4648,301.13345,23.314800000000048,27.983450000000005
2017-04-10 22:00:00,22.75,88.0,296.71414,300.81104,23.56414000000001,27.661040000000014
2017-04-10 22:00:00,22.75,88.25,296.71414,300.81104,23.56414000000001,27.661040000000014
2017-04-10 22:00:00,22.75,88.5,296.92575,300.46182,23.775750000000016,27.31182000000001
2017-04-10 22:00:00,22.75,88.75,297.13388,300.5195,23.98388,27.369500000000016
2017-04-10 22:00:00,22.75,89.0,297.3226,300.9233,24.172600000000045,27.773300000000006
2017-04-10 22:00:00,22.75,89.25,296.94165,300.7886,23.791650000000004,27.638599999999997
2017-04-10 22:00:00,22.75,89.5,295.37738,299.79324,22.22738000000004,26.64324000000005
2017-04-10 22:00:00,22.75,89.75,293.51746,298.73282,20.36746000000005,25.582820000000027
2017-04-10 22:00:00,22.75,90.0,292.92648,298.31644,19.77648000000005,25.166440000000023
2017-04-10 22:00:00,22.5,85.5,283.71472,289.72635,10.564720000000023,16.576350000000048
2017-04-10 22:00:00,22.5,85.75,285.05646,290.91315,11.906460000000038,17.763149999999996
2017-04-10 22:00:00,22.5,86.0,285.05646,290.91315,11.906460000000038,17.763149999999996
2017-04-10 22:00:00,22.5,86.25,286.65903,293.70493,13.509029999999996,20.554930000000013
2017-04-10 22:00:00,22.5,86.5,288.59045,297.18896,15.440449999999998,24.03896000000003
2017-04-10 22:00:00,22.5,86.75,291.11343,300.47412,17.963430000000017,27.32412000000005
2017-04-10 22:00:00,22.5,87.0,293.7283,300.42697,20.578300000000013,27.276970000000006
2017-04-10 22:00:00,22.5,87.25,295.3123,301.41458,22.162300000000016,28.264580000000024
2017-04-10 22:00:00,22.5,87.5,296.0783,301.448,22.928300000000036,28.298000000000002
2017-04-10 22:00:00,22.5,87.75,296.4648,301.13345,23.314800000000048,27.983450000000005
2017-04-10 22:00:00,22.5,88.0,296.71414,300.81104,23.56414000000001,27.661040000000014
2017-04-10 22:00:00,22.5,88.25,296.71414,300.81104,23.56414000000001,27.661040000000014
2017-04-10 22:00:00,22.5,88.5,296.92575,300.46182,23.775750000000016,27.31182000000001
2017-04-10 22:00:00,22.5,88.75,297.13388,300.5195,23.98388,27.369500000000016
2017-04-10 22:00:00,22.5,89.0,297.3226,300.9233,24.172600000000045,27.773300000000006
2017-04-10 22:00:00,22.5,89.25,296.94165,300.7886,23.791650000000004,27.638599999999997
2017-04-10 22:00:00,22.5,89.5,295.37738,299.79324,22.22738000000004,26.64324000000005
2017-04-10 22:00:00,22.5,89.75,293.51746,298.73282,20.36746000000005,25.582820000000027
2017-04-10 22:00:00,22.5,90.0,292.92648,298.31644,19.77648000000005,25.166440000000023
2017-04-10 22:00:00,22.25,85.5,286.4532,291.87057,13.303200000000004,18.72057000000001
2017-04-10 22:00:00,22.25,85.75,287.85605,293.474,14.706050000000005,20.324000000000012
2017-04-10 22:00:00,22.25,86.0,287.85605,293.474,14.706050000000005,20.324000000000012
2017-04-10 22:00:00,22.25,86.25,289.49258,295.63528,16.342579999999998,22.485280000000046
2017-04-10 22:00:00,22.25,86.5,290.27402,296.80722,17.12402000000003,23.657219999999995
2017-04-10 22:00:00,22.25,86.75,292.97568,299.86536,19.825680000000034,26.715360000000032
2017-04-10 22:00:00,22.25,87.0,295.1951,301.60986,22.045100000000048,28.45986000000005
2017-04-10 22:00:00,22.25,87.25,296.39627,301.65976,23.246270000000038,28.50976000000003
2017-04-10 22:00:00,22.25,87.5,296.7721,301.29816,23.622100000000046,28.14816000000002
2017-04-10 22:00:00,22.25,87.75,296.90198,301.2609,23.751980000000003,28.110900000000015
2017-04-10 22:00:00,22.25,88.0,296.65213,300.70047,23.502130000000022,27.55047000000002
2017-04-10 22:00:00,22.25,88.25,296.65213,300.70047,23.502130000000022,27.55047000000002
2017-04-10 22:00:00,22.25,88.5,296.39786,300.30453,23.247860000000003,27.154530000000022
2017-04-10 22:00:00,22.25,88.75,296.64407,300.58752,23.494070000000022,27.437520000000006
2017-04-10 22:00:00,22.25,89.0,297.14804,300.73242,23.998040000000003,27.582420000000013
2017-04-10 22:00:00,22.25,89.25,296.8657,300.30087,23.715700000000027,27.150869999999998
2017-04-10 22:00:00,22.25,89.5,295.596,299.7615,22.446000000000026,26.611500000000035
2017-04-10 22:00:00,22.25,89.75,294.40323,299.3501,21.25323000000003,26.20010000000002
2017-04-10 22:00:00,22.25,90.0,293.71466,299.09833,20.564660000000003,25.94833
2017-04-10 22:00:00,22.0,85.5,287.78836,295.14807,14.638360000000034,21.99807000000004
2017-04-10 22:00:00,22.0,85.75,290.1766,297.84833,17.02660000000003,24.69833
2017-04-10 22:00:00,22.0,86.0,290.1766,297.84833,17.02660000000003,24.69833
2017-04-10 22:00:00,22.0,86.25,291.44174,297.8839,18.291740000000004,24.733900000000006
2017-04-10 22:00:00,22.0,86.5,292.3416,299.12268,19.19160000000005,25.972680000000025
2017-04-10 22:00:00,22.0,86.75,294.90115,301.59265,21.751149999999996,28.442650000000015
2017-04-10 22:00:00,22.0,87.0,296.35278,301.85797,23.20278000000002,28.707970000000046
2017-04-10 22:00:00,22.0,87.25,296.842,301.49603,23.692000000000007,28.34603000000004
2017-04-10 22:00:00,22.0,87.5,296.82916,301.01987,23.679160000000024,27.86987000000005
2017-04-10 22:00:00,22.0,87.75,296.6934,300.41934,23.54340000000002,27.26934
2017-04-10 22:00:00,22.0,88.0,296.45334,300.38693,23.30334000000005,27.23693000000003
2017-04-10 22:00:00,22.0,88.25,296.45334,300.38693,23.30334000000005,27.23693000000003
2017-04-10 22:00:00,22.0,88.5,296.272,300.21722,23.122000000000014,27.06722000000002
2017-04-10 22:00:00,22.0,88.75,296.4184,300.01953,23.268400000000042,26.869529999999997
2017-04-10 22:00:00,22.0,89.0,296.69955,300.00278,23.54955000000001,26.852779999999996
2017-04-10 22:00:00,22.0,89.25,296.63895,299.90036,23.488950000000045,26.75036
2017-04-10 22:00:00,22.0,89.5,296.0675,299.7797,22.917500000000018,26.629700000000014
2017-04-10 22:00:00,22.0,89.75,295.33282,299.6125,22.18282000000005,26.462500000000034
2017-04-10 22:00:00,22.0,90.0,295.0327,299.6705,21.8827,26.520500000000027
2017-04-10 22:00:00,21.75,85.5,291.83694,298.70343,18.68694000000005,25.55343000000005
2017-04-10 22:00:00,21.75,85.75,293.88092,300.01517,20.730920000000026,26.865170000000035
2017-04-10 22:00:00,21.75,86.0,293.88092,300.01517,20.730920000000026,26.865170000000035
2017-04-10 22:00:00,21.75,86.25,294.09103,298.43445,20.941030000000012,25.28445000000005
2017-04-10 22:00:00,21.75,86.5,295.22144,299.9207,22.071439999999996,26.770700000000033
2017-04-10 22:00:00,21.75,86.75,297.0094,301.78757,23.85940000000005,28.63757000000004
2017-04-10 22:00:00,21.75,87.0,297.27722,300.87363,24.127220000000023,27.723630000000014
2017-04-10 22:00:00,21.75,87.25,297.2061,300.6029,24.056100000000015,27.4529
2017-04-10 22:00:00,21.75,87.5,297.01312,300.2312,23.863120000000038,27.081200000000024
2017-04-10 22:00:00,21.75,87.75,297.32437,299.08188,24.17437000000001,25.931880000000035
2017-04-10 22:00:00,21.75,88.0,297.05502,298.92047,23.905020000000036,25.770470000000046
2017-04-10 22:00:00,21.75,88.25,297.05502,298.92047,23.905020000000036,25.770470000000046
2017-04-10 22:00:00,21.75,88.5,296.9422,298.88397,23.792200000000037,25.73397
2017-04-10 22:00:00,21.75,88.75,296.69153,298.9709,23.541530000000023,25.820899999999995
2017-04-10 22:00:00,21.75,89.0,295.9525,299.117,22.80250000000001,25.96700000000004
2017-04-10 22:00:00,21.75,89.25,295.8957,298.55225,22.7457,25.402250000000038
2017-04-10 22:00:00,21.75,89.5,296.338,297.91898,23.188000000000045,24.76898
2017-04-10 22:00:00,21.75,89.75,296.1632,297.802,23.01320000000004,24.652000000000044
2017-04-10 22:00:00,21.75,90.0,296.11945,297.91492,22.969449999999995,24.764920000000018
2017-04-10 22:00:00,21.5,85.5,295.09262,300.2175,21.942620000000034,27.067499999999995
2017-04-10 22:00:00,21.5,85.75,297.18942,301.6403,24.039420000000007,28.490300000000047
2017-04-10 22:00:00,21.5,86.0,297.18942,301.6403,24.039420000000007,28.490300000000047
2017-04-10 22:00:00,21.5,86.25,297.8216,300.95074,24.671600000000012,27.80074000000002
2017-04-10 22:00:00,21.5,86.5,298.50403,301.27612,25.354030000000023,28.126120000000014
2017-04-10 22:00:00,21.5,86.75,298.62637,301.3462,25.47637000000003,28.196200000000033
2017-04-10 22:00:00,21.5,87.0,298.40463,299.77725,25.25463000000002,26.627250000000004
2017-04-10 22:00:00,21.5,87.25,298.1175,299.05353,24.96750000000003,25.903530000000046
2017-04-10 22:00:00,21.5,87.5,297.86768,298.8255,24.71768000000003,25.6755
2017-04-10 22:00:00,21.5,87.75,297.7199,298.25745,24.56990000000002,25.10745000000003
2017-04-10 22:00:00,21.5,88.0,297.6491,298.08646,24.4991,24.93646000000001
2017-04-10 22:00:00,21.5,88.25,297.6491,298.08646,24.4991,24.93646000000001
2017-04-10 22:00:00,21.5,88.5,297.50476,298.0385,24.35476,24.888500000000022
2017-04-10 22:00:00,21.5,88.75,297.06256,297.86633,23.912560000000042,24.716330000000028
2017-04-10 22:00:00,21.5,89.0,296.38016,297.71863,23.230160000000012,24.56863000000004
2017-04-10 22:00:00,21.5,89.25,295.85635,297.56937,22.706350000000043,24.419370000000015
2017-04-10 22:00:00,21.5,89.5,295.77676,297.54483,22.626760000000047,24.394830000000013
2017-04-10 22:00:00,21.5,89.75,295.9768,297.7219,22.82680000000005,24.571900000000028
2017-04-10 22:00:00,21.5,90.0,296.10623,297.86844,22.956230000000005,24.718440000000044
2017-04-10 22:00:00,21.25,85.5,296.70737,301.49536,23.55737000000005,28.345360000000028
2017-04-10 22:00:00,21.25,85.75,298.21915,302.4919,25.069150000000036,29.34190000000001
2017-04-10 22:00:00,21.25,86.0,298.21915,302.4919,25.069150000000036,29.34190000000001
2017-04-10 22:00:00,21.25,86.25,299.05084,302.7348,25.900840000000017,29.58480000000003
2017-04-10 22:00:00,21.25,86.5,298.9303,302.39798,25.78030000000001,29.24798000000004
2017-04-10 22:00:00,21.25,86.75,298.69403,301.64618,25.54403000000002,28.496180000000038
2017-04-10 22:00:00,21.25,87.0,298.0153,299.5757,24.865300000000047,26.425700000000006
2017-04-10 22:00:00,21.25,87.25,297.64822,298.5561,24.498220000000003,25.406100000000038
2017-04-10 22:00:00,21.25,87.5,297.5106,298.2094,24.360600000000034,25.05940000000004
2017-04-10 22:00:00,21.25,87.75,297.49622,298.00647,24.346220000000017,24.85647
2017-04-10 22:00:00,21.25,88.0,297.50317,297.95013,24.353170000000034,24.800130000000024
2017-04-10 22:00:00,21.25,88.25,297.50317,297.95013,24.353170000000034,24.800130000000024
2017-04-10 22:00:00,21.25,88.5,297.36774,297.9206,24.21774000000005,24.7706
2017-04-10 22:00:00,21.25,88.75,296.88907,297.76202,23.739070000000027,24.61202000000003
2017-04-10 22:00:00,21.25,89.0,296.19717,297.56125,23.04717000000005,24.411249999999995
2017-04-10 22:00:00,21.25,89.25,295.72083,297.4928,22.57083,24.34280000000001
2017-04-10 22:00:00,21.25,89.5,295.70343,297.54974,22.55343000000005,24.39974000000001
2017-04-10 22:00:00,21.25,89.75,295.95898,297.64944,22.80898000000002,24.49944000000005
2017-04-10 22:00:00,21.25,90.0,296.15317,297.81088,23.00317000000001,24.66088000000002
2017-04-10 22:00:00,21.0,85.5,296.58835,302.35727,23.438350000000014,29.20727000000005
2017-04-10 22:00:00,21.0,85.75,297.42224,302.55048,24.27224000000001,29.400480000000016
2017-04-10 22:00:00,21.0,86.0,297.42224,302.55048,24.27224000000001,29.400480000000016
2017-04-10 22:00:00,21.0,86.25,297.5833,302.38937,24.43330000000003,29.239370000000008
2017-04-10 22:00:00,21.0,86.5,297.16528,301.48563,24.01528000000002,28.335630000000037
2017-04-10 22:00:00,21.0,86.75,297.07584,300.26538,23.92584000000005,27.115380000000016
2017-04-10 22:00:00,21.0,87.0,296.94467,298.88644,23.794669999999996,25.736440000000016
2017-04-10 22:00:00,21.0,87.25,296.90524,298.24377,23.755240000000015,25.093770000000006
2017-04-10 22:00:00,21.0,87.5,297.06696,297.92923,23.916960000000017,24.77923000000004
2017-04-10 22:00:00,21.0,87.75,297.1941,297.80142,24.044100000000014,24.65142000000003
2017-04-10 22:00:00,21.0,88.0,297.16748,297.6993,24.017480000000035,24.549300000000017
2017-04-10 22:00:00,21.0,88.25,297.16748,297.6993,24.017480000000035,24.549300000000017
2017-04-10 22:00:00,21.0,88.5,297.0073,297.64844,23.85730000000001,24.498440000000016
2017-04-10 22:00:00,21.0,88.75,296.70758,297.62482,23.55758000000003,24.474820000000022
2017-04-10 22:00:00,21.0,89.0,296.33725,297.53714,23.187250000000006,24.387140000000045
2017-04-10 22:00:00,21.0,89.25,296.04202,297.4614,22.892020000000002,24.31140000000005
2017-04-10 22:00:00,21.0,89.5,295.9119,297.44373,22.761900000000026,24.29373000000004
2017-04-10 22:00:00,21.0,89.75,295.96002,297.48453,22.81002000000001,24.33453000000003
2017-04-10 22:00:00,21.0,90.0,296.1939,297.70758,23.043900000000008,24.55758000000003
2017-04-10 23:00:00,27.5,85.5,277.19485,282.11688,4.044849999999997,8.966880000000003
2017-04-10 23:00:00,27.5,85.75,275.38712,280.60556,2.2371200000000044,7.455560000000048
2017-04-10 23:00:00,27.5,86.0,275.38712,280.60556,2.2371200000000044,7.455560000000048
2017-04-10 23:00:00,27.5,86.25,273.5751,278.87537,0.4251000000000431,5.725369999999998
2017-04-10 23:00:00,27.5,86.5,270.33542,279.71887,-2.814579999999978,6.568870000000004
2017-04-10 23:00:00,27.5,86.75,266.0194,278.36996,-7.1305999999999585,5.219960000000015
2017-04-10 23:00:00,27.5,87.0,263.03564,275.82,-10.114359999999976,2.670000000000016
2017-04-10 23:00:00,27.5,87.25,262.2251,271.45273,-10.92489999999998,-1.6972700000000032
2017-04-10 23:00:00,27.5,87.5,262.6237,271.1632,-10.526299999999992,-1.9867999999999597
2017-04-10 23:00:00,27.5,87.75,263.90918,273.57132,-9.240819999999985,0.421320000000037
2017-04-10 23:00:00,27.5,88.0,267.27637,275.65283,-5.8736299999999915,2.502830000000017
2017-04-10 23:00:00,27.5,88.25,267.27637,275.65283,-5.8736299999999915,2.502830000000017
2017-04-10 23:00:00,27.5,88.5,271.7273,278.464,-1.4226999999999634,5.314000000000021
2017-04-10 23:00:00,27.5,88.75,272.35483,278.0684,-0.7951699999999846,4.91840000000002
2017-04-10 23:00:00,27.5,89.0,267.39142,270.59976,-5.758579999999995,-2.550239999999974
2017-04-10 23:00:00,27.5,89.25,264.32245,268.18307,-8.827549999999974,-4.966929999999991
2017-04-10 23:00:00,27.5,89.5,268.86343,274.9281,-4.286569999999983,1.778099999999995
2017-04-10 23:00:00,27.5,89.75,275.1784,279.10886,2.0284000000000333,5.958860000000016
2017-04-10 23:00:00,27.5,90.0,280.24033,281.183,7.0903299999999945,8.033000000000015
2017-04-10 23:00:00,27.25,85.5,280.919,286.74817,7.7690000000000055,13.598170000000039
2017-04-10 23:00:00,27.25,85.75,279.78717,285.67914,6.637170000000026,12.52914000000004
2017-04-10 23:00:00,27.25,86.0,279.78717,285.67914,6.637170000000026,12.52914000000004
2017-04-10 23:00:00,27.25,86.25,278.37827,284.28528,5.228270000000009,11.135280000000023
2017-04-10 23:00:00,27.25,86.5,275.5888,282.43576,2.4388000000000147,9.285760000000039
2017-04-10 23:00:00,27.25,86.75,273.64578,279.86255,0.49578000000002476,6.7125500000000216
2017-04-10 23:00:00,27.25,87.0,271.26965,276.86633,-1.8803499999999644,3.7163300000000277
2017-04-10 23:00:00,27.25,87.25,269.91464,277.46454,-3.2353599999999574,4.314540000000022
2017-04-10 23:00:00,27.25,87.5,269.60114,277.46573,-3.5488599999999906,4.3157300000000305
2017-04-10 23:00:00,27.25,87.75,269.73236,276.40442,-3.417639999999949,3.2544200000000387
2017-04-10 23:00:00,27.25,88.0,271.30243,277.34235,-1.847569999999962,4.192350000000033
2017-04-10 23:00:00,27.25,88.25,271.30243,277.34235,-1.847569999999962,4.192350000000033
2017-04-10 23:00:00,27.25,88.5,274.53253,280.57767,1.3825300000000311,7.427670000000035
2017-04-10 23:00:00,27.25,88.75,275.89075,281.7736,2.740750000000048,8.62360000000001
2017-04-10 23:00:00,27.25,89.0,272.4551,278.0206,-0.6948999999999614,4.8706000000000245
2017-04-10 23:00:00,27.25,89.25,269.13486,277.06097,-4.015139999999974,3.9109700000000203
2017-04-10 23:00:00,27.25,89.5,271.74536,277.79312,-1.4046399999999721,4.64312000000001
2017-04-10 23:00:00,27.25,89.75,275.8678,278.82693,2.717800000000011,5.676930000000027
2017-04-10 23:00:00,27.25,90.0,281.1979,283.6773,8.047900000000027,10.527300000000025
2017-04-10 23:00:00,27.0,85.5,280.919,286.74817,7.7690000000000055,13.598170000000039
2017-04-10 23:00:00,27.0,85.75,279.78717,285.67914,6.637170000000026,12.52914000000004
2017-04-10 23:00:00,27.0,86.0,279.78717,285.67914,6.637170000000026,12.52914000000004
2017-04-10 23:00:00,27.0,86.25,278.37827,284.28528,5.228270000000009,11.135280000000023
2017-04-10 23:00:00,27.0,86.5,275.5888,282.43576,2.4388000000000147,9.285760000000039
2017-04-10 23:00:00,27.0,86.75,273.64578,279.86255,0.49578000000002476,6.7125500000000216
2017-04-10 23:00:00,27.0,87.0,271.26965,276.86633,-1.8803499999999644,3.7163300000000277
2017-04-10 23:00:00,27.0,87.25,269.91464,277.46454,-3.2353599999999574,4.314540000000022
2017-04-10 23:00:00,27.0,87.5,269.60114,277.46573,-3.5488599999999906,4.3157300000000305
2017-04-10 23:00:00,27.0,87.75,269.73236,276.40442,-3.417639999999949,3.2544200000000387
2017-04-10 23:00:00,27.0,88.0,271.30243,277.34235,-1.847569999999962,4.192350000000033
2017-04-10 23:00:00,27.0,88.25,271.30243,277.34235,-1.847569999999962,4.192350000000033
2017-04-10 23:00:00,27.0,88.5,274.53253,280.57767,1.3825300000000311,7.427670000000035
2017-04-10 23:00:00,27.0,88.75,275.89075,281.7736,2.740750000000048,8.62360000000001
2017-04-10 23:00:00,27.0,89.0,272.4551,278.0206,-0.6948999999999614,4.8706000000000245
2017-04-10 23:00:00,27.0,89.25,269.13486,277.06097,-4.015139999999974,3.9109700000000203
2017-04-10 23:00:00,27.0,89.5,271.74536,277.79312,-1.4046399999999721,4.64312000000001
2017-04-10 23:00:00,27.0,89.75,275.8678,278.82693,2.717800000000011,5.676930000000027
2017-04-10 23:00:00,27.0,90.0,281.1979,283.6773,8.047900000000027,10.527300000000025
2017-04-10 23:00:00,26.75,85.5,281.70944,284.47516,8.559439999999995,11.32516000000004
2017-04-10 23:00:00,26.75,85.75,280.90872,287.6432,7.758720000000039,14.493200000000002
2017-04-10 23:00:00,26.75,86.0,280.90872,287.6432,7.758720000000039,14.493200000000002
2017-04-10 23:00:00,26.75,86.25,280.28604,289.3374,7.136040000000037,16.187400000000025
2017-04-10 23:00:00,26.75,86.5,279.68256,286.5293,6.532560000000046,13.3793
2017-04-10 23:00:00,26.75,86.75,278.8929,284.8056,5.74290000000002,11.65560000000005
2017-04-10 23:00:00,26.75,87.0,277.81815,283.36765,4.668150000000026,10.217650000000049
2017-04-10 23:00:00,26.75,87.25,276.5863,282.73068,3.436300000000017,9.58068000000003
2017-04-10 23:00:00,26.75,87.5,275.71622,282.2563,2.566220000000044,9.106300000000033
2017-04-10 23:00:00,26.75,87.75,275.51755,281.8937,2.367550000000051,8.743700000000047
2017-04-10 23:00:00,26.75,88.0,276.176,282.49728,3.0260000000000105,9.347280000000012
2017-04-10 23:00:00,26.75,88.25,276.176,282.49728,3.0260000000000105,9.347280000000012
2017-04-10 23:00:00,26.75,88.5,277.7514,284.02954,4.601400000000012,10.87954000000002
2017-04-10 23:00:00,26.75,88.75,278.89734,284.73715,5.747340000000008,11.587150000000008
2017-04-10 23:00:00,26.75,89.0,278.19992,283.84515,5.049920000000043,10.695150000000012
2017-04-10 23:00:00,26.75,89.25,277.9268,284.02078,4.776800000000037,10.870780000000025
2017-04-10 23:00:00,26.75,89.5,278.808,284.21902,5.6580000000000155,11.069020000000023
2017-04-10 23:00:00,26.75,89.75,279.81857,284.8784,6.668570000000045,11.728400000000022
2017-04-10 23:00:00,26.75,90.0,283.80112,287.56888,10.651120000000049,14.418880000000001
2017-04-10 23:00:00,26.5,85.5,282.588,286.8114,9.438000000000045,13.661400000000015
2017-04-10 23:00:00,26.5,85.75,282.50574,286.7213,9.355740000000026,13.571300000000008
2017-04-10 23:00:00,26.5,86.0,282.50574,286.7213,9.355740000000026,13.571300000000008
2017-04-10 23:00:00,26.5,86.25,280.9657,283.9671,7.815700000000049,10.817100000000039
2017-04-10 23:00:00,26.5,86.5,280.35477,283.1045,7.204769999999996,9.954499999999996
2017-04-10 23:00:00,26.5,86.75,279.88614,283.39523,6.736140000000034,10.24523000000005
2017-04-10 23:00:00,26.5,87.0,278.7279,285.66745,5.5779,12.517449999999997
2017-04-10 23:00:00,26.5,87.25,278.28943,285.44913,5.139430000000004,12.299130000000048
2017-04-10 23:00:00,26.5,87.5,278.1101,284.36526,4.960100000000011,11.21526
2017-04-10 23:00:00,26.5,87.75,278.17615,284.71515,5.02615000000003,11.565150000000017
2017-04-10 23:00:00,26.5,88.0,278.6929,285.96024,5.5429000000000315,12.810240000000022
2017-04-10 23:00:00,26.5,88.25,278.6929,285.96024,5.5429000000000315,12.810240000000022
2017-04-10 23:00:00,26.5,88.5,279.26382,286.9841,6.1138200000000325,13.834100000000035
2017-04-10 23:00:00,26.5,88.75,279.4347,287.94745,6.2847000000000435,14.797450000000026
2017-04-10 23:00:00,26.5,89.0,279.05838,288.37222,5.908380000000022,15.22222000000005
2017-04-10 23:00:00,26.5,89.25,279.33987,285.8086,6.189870000000042,12.658600000000035
2017-04-10 23:00:00,26.5,89.5,281.4978,285.28204,8.347800000000007,12.132040000000018
2017-04-10 23:00:00,26.5,89.75,282.82474,286.08643,9.674740000000043,12.93643000000003
2017-04-10 23:00:00,26.5,90.0,284.28,287.44473,11.129999999999995,14.294730000000015
2017-04-10 23:00:00,26.25,85.5,282.15717,286.31165,9.00717000000003,13.161650000000009
2017-04-10 23:00:00,26.25,85.75,281.86884,286.0922,8.71884,12.942200000000014
2017-04-10 23:00:00,26.25,86.0,281.86884,286.0922,8.71884,12.942200000000014
2017-04-10 23:00:00,26.25,86.25,281.56192,285.8691,8.41192000000001,12.719100000000026
2017-04-10 23:00:00,26.25,86.5,280.81897,284.17087,7.668970000000002,11.020870000000002
2017-04-10 23:00:00,26.25,86.75,280.90387,284.7982,7.753870000000006,11.648200000000031
2017-04-10 23:00:00,26.25,87.0,280.82928,285.06696,7.679280000000006,11.916960000000017
2017-04-10 23:00:00,26.25,87.25,280.03183,283.09338,6.881830000000036,9.943380000000047
2017-04-10 23:00:00,26.25,87.5,279.63193,282.51648,6.481930000000034,9.366480000000024
2017-04-10 23:00:00,26.25,87.75,279.27698,282.5706,6.126980000000003,9.420600000000036
2017-04-10 23:00:00,26.25,88.0,279.098,282.17044,5.948000000000036,9.020440000000008
2017-04-10 23:00:00,26.25,88.25,279.098,282.17044,5.948000000000036,9.020440000000008
2017-04-10 23:00:00,26.25,88.5,279.62766,282.68948,6.477660000000014,9.539480000000026
2017-04-10 23:00:00,26.25,88.75,280.07117,284.54135,6.921170000000018,11.391350000000045
2017-04-10 23:00:00,26.25,89.0,280.075,287.43198,6.925000000000011,14.281980000000033
2017-04-10 23:00:00,26.25,89.25,280.31152,288.83896,7.161519999999996,15.688960000000009
2017-04-10 23:00:00,26.25,89.5,281.39523,286.0812,8.24523000000005,12.931200000000047
2017-04-10 23:00:00,26.25,89.75,282.71823,288.19763,9.568230000000028,15.047630000000026
2017-04-10 23:00:00,26.25,90.0,283.60373,289.63217,10.453730000000007,16.482169999999996
2017-04-10 23:00:00,26.0,85.5,282.7468,286.1079,9.59680000000003,12.957899999999995
2017-04-10 23:00:00,26.0,85.75,282.5401,286.45215,9.390100000000018,13.30215000000004
2017-04-10 23:00:00,26.0,86.0,282.5401,286.45215,9.390100000000018,13.30215000000004
2017-04-10 23:00:00,26.0,86.25,281.9472,286.32797,8.797200000000032,13.177970000000016
2017-04-10 23:00:00,26.0,86.5,281.79333,286.2506,8.643330000000049,13.100600000000043
2017-04-10 23:00:00,26.0,86.75,280.85516,284.66974,7.705160000000035,11.519740000000013
2017-04-10 23:00:00,26.0,87.0,280.48685,284.6182,7.336850000000027,11.468200000000024
2017-04-10 23:00:00,26.0,87.25,280.42856,284.80646,7.278560000000027,11.656460000000038
2017-04-10 23:00:00,26.0,87.5,280.57394,284.73682,7.423940000000016,11.586820000000046
2017-04-10 23:00:00,26.0,87.75,280.97427,284.98895,7.824270000000013,11.838950000000011
2017-04-10 23:00:00,26.0,88.0,281.13574,285.17596,7.985740000000021,12.025959999999998
2017-04-10 23:00:00,26.0,88.25,281.13574,285.17596,7.985740000000021,12.025959999999998
2017-04-10 23:00:00,26.0,88.5,280.86758,284.83768,7.717579999999998,11.68768
2017-04-10 23:00:00,26.0,88.75,280.5236,284.41675,7.37360000000001,11.266750000000002
2017-04-10 23:00:00,26.0,89.0,280.18484,283.9699,7.034840000000031,10.819900000000018
2017-04-10 23:00:00,26.0,89.25,280.0988,283.0931,6.948800000000006,9.943100000000015
2017-04-10 23:00:00,26.0,89.5,280.52386,283.3025,7.373860000000036,10.152500000000032
2017-04-10 23:00:00,26.0,89.75,282.62796,288.18875,9.477959999999996,15.03875000000005
2017-04-10 23:00:00,26.0,90.0,284.2305,289.83063,11.080500000000029,16.680630000000008
2017-04-10 23:00:00,25.75,85.5,282.68173,286.6223,9.531730000000039,13.472300000000018
2017-04-10 23:00:00,25.75,85.75,282.26517,286.18472,9.115170000000035,13.03472000000005
2017-04-10 23:00:00,25.75,86.0,282.26517,286.18472,9.115170000000035,13.03472000000005
2017-04-10 23:00:00,25.75,86.25,282.1794,286.065,9.02940000000001,12.91500000000002
2017-04-10 23:00:00,25.75,86.5,282.0669,286.06012,8.916899999999998,12.910120000000006
2017-04-10 23:00:00,25.75,86.75,281.85062,286.13177,8.700620000000015,12.98177000000004
2017-04-10 23:00:00,25.75,87.0,281.56158,286.084,8.411580000000015,12.934000000000026
2017-04-10 23:00:00,25.75,87.25,281.1934,285.7566,8.04340000000002,12.606600000000014
2017-04-10 23:00:00,25.75,87.5,280.64505,285.05768,7.495050000000049,11.907680000000028
2017-04-10 23:00:00,25.75,87.75,280.3618,284.56482,7.211800000000039,11.41482000000002
2017-04-10 23:00:00,25.75,88.0,280.35834,283.9992,7.208340000000021,10.849199999999996
2017-04-10 23:00:00,25.75,88.25,280.35834,283.9992,7.208340000000021,10.849199999999996
2017-04-10 23:00:00,25.75,88.5,280.34167,283.1954,7.191670000000045,10.04540000000003
2017-04-10 23:00:00,25.75,88.75,280.33026,283.4174,7.1802600000000325,10.26740000000001
2017-04-10 23:00:00,25.75,89.0,280.1714,284.50232,7.021400000000028,11.35232000000002
2017-04-10 23:00:00,25.75,89.25,279.7652,283.91714,6.615200000000016,10.76714000000004
2017-04-10 23:00:00,25.75,89.5,279.55807,283.50198,6.408070000000009,10.351980000000026
2017-04-10 23:00:00,25.75,89.75,282.48724,289.7249,9.337240000000008,16.574900000000014
2017-04-10 23:00:00,25.75,90.0,284.18356,289.23563,11.033560000000023,16.085630000000037
2017-04-10 23:00:00,25.5,85.5,282.5637,286.07654,9.413700000000006,12.926540000000045
2017-04-10 23:00:00,25.5,85.75,282.65646,286.3138,9.506460000000004,13.163800000000037
2017-04-10 23:00:00,25.5,86.0,282.65646,286.3138,9.506460000000004,13.163800000000037
2017-04-10 23:00:00,25.5,86.25,282.43533,286.02505,9.285330000000044,12.875050000000044
2017-04-10 23:00:00,25.5,86.5,282.4474,286.17236,9.297400000000039,13.022360000000049
2017-04-10 23:00:00,25.5,86.75,282.32382,286.34976,9.173820000000035,13.199760000000026
2017-04-10 23:00:00,25.5,87.0,281.95917,286.39453,8.809169999999995,13.244529999999997
2017-04-10 23:00:00,25.5,87.25,281.84763,286.4027,8.697630000000004,13.252700000000004
2017-04-10 23:00:00,25.5,87.5,282.0797,286.56668,8.929700000000025,13.416680000000042
2017-04-10 23:00:00,25.5,87.75,282.1117,286.72263,8.961700000000008,13.572630000000004
2017-04-10 23:00:00,25.5,88.0,281.87415,286.13672,8.724150000000009,12.986720000000048
2017-04-10 23:00:00,25.5,88.25,281.87415,286.13672,8.724150000000009,12.986720000000048
2017-04-10 23:00:00,25.5,88.5,281.7931,284.828,8.643100000000004,11.677999999999997
2017-04-10 23:00:00,25.5,88.75,281.70267,283.82236,8.552670000000035,10.672360000000026
2017-04-10 23:00:00,25.5,89.0,280.88455,283.69107,7.734550000000013,10.541070000000047
2017-04-10 23:00:00,25.5,89.25,279.44327,284.50146,6.293270000000007,11.351460000000031
2017-04-10 23:00:00,25.5,89.5,279.20575,286.17923,6.055750000000046,13.029230000000041
2017-04-10 23:00:00,25.5,89.75,282.97534,291.1118,9.82534000000004,17.96180000000004
2017-04-10 23:00:00,25.5,90.0,284.29877,290.0204,11.148770000000013,16.870400000000018
2017-04-10 23:00:00,25.25,85.5,282.49158,285.82672,9.341580000000022,12.676720000000046
2017-04-10 23:00:00,25.25,85.75,282.22632,285.85968,9.07632000000001,12.709680000000048
2017-04-10 23:00:00,25.25,86.0,282.22632,285.85968,9.07632000000001,12.709680000000048
2017-04-10 23:00:00,25.25,86.25,282.0192,286.14862,8.869200000000035,12.998620000000017
2017-04-10 23:00:00,25.25,86.5,282.4636,286.57074,9.313600000000008,13.420740000000023
2017-04-10 23:00:00,25.25,86.75,282.5372,286.77097,9.387200000000007,13.62097
2017-04-10 23:00:00,25.25,87.0,282.29025,286.76907,9.140250000000037,13.619070000000022
2017-04-10 23:00:00,25.25,87.25,282.01138,286.63257,8.861379999999997,13.48257000000001
2017-04-10 23:00:00,25.25,87.5,282.07425,286.80518,8.924250000000029,13.65518000000003
2017-04-10 23:00:00,25.25,87.75,282.04968,286.88986,8.899680000000046,13.739860000000022
2017-04-10 23:00:00,25.25,88.0,281.8619,286.67267,8.711900000000014,13.522670000000005
2017-04-10 23:00:00,25.25,88.25,281.8619,286.67267,8.711900000000014,13.522670000000005
2017-04-10 23:00:00,25.25,88.5,281.8981,286.0428,8.748100000000022,12.892800000000022
2017-04-10 23:00:00,25.25,88.75,281.98694,285.21536,8.836940000000027,12.065359999999998
2017-04-10 23:00:00,25.25,89.0,281.4251,284.64835,8.275100000000009,11.498350000000016
2017-04-10 23:00:00,25.25,89.25,279.79922,283.2105,6.649220000000014,10.060500000000047
2017-04-10 23:00:00,25.25,89.5,279.18024,284.32663,6.030240000000049,11.176630000000046
2017-04-10 23:00:00,25.25,89.75,282.03683,287.85986,8.886830000000032,14.709860000000049
2017-04-10 23:00:00,25.25,90.0,283.2707,288.7199,10.1207,15.569900000000018
2017-04-10 23:00:00,25.0,85.5,282.6566,286.391,9.506600000000049,13.241000000000042
2017-04-10 23:00:00,25.0,85.75,282.75253,286.79718,9.602530000000002,13.647180000000048
2017-04-10 23:00:00,25.0,86.0,282.75253,286.79718,9.602530000000002,13.647180000000048
2017-04-10 23:00:00,25.0,86.25,282.32242,286.8658,9.172420000000045,13.715800000000002
2017-04-10 23:00:00,25.0,86.5,282.3485,286.77817,9.198500000000024,13.628170000000011
2017-04-10 23:00:00,25.0,86.75,282.36172,286.5656,9.211720000000014,13.41560000000004
2017-04-10 23:00:00,25.0,87.0,282.56668,286.92194,9.416680000000042,13.77194000000003
2017-04-10 23:00:00,25.0,87.25,282.23038,286.79663,9.080380000000048,13.646630000000016
2017-04-10 23:00:00,25.0,87.5,281.5604,286.33347,8.410400000000038,13.18347
2017-04-10 23:00:00,25.0,87.75,281.7144,286.48117,8.564400000000035,13.331170000000043
2017-04-10 23:00:00,25.0,88.0,282.13397,287.00027,8.98397,13.850270000000023
2017-04-10 23:00:00,25.0,88.25,282.13397,287.00027,8.98397,13.850270000000023
2017-04-10 23:00:00,25.0,88.5,282.2555,286.77127,9.105500000000006,13.621270000000038
2017-04-10 23:00:00,25.0,88.75,282.0771,285.9749,8.927099999999996,12.824900000000014
2017-04-10 23:00:00,25.0,89.0,280.94485,285.6628,7.794849999999997,12.512800000000027
2017-04-10 23:00:00,25.0,89.25,280.88562,285.29416,7.73562000000004,12.14416
2017-04-10 23:00:00,25.0,89.5,281.38135,285.98447,8.23135000000002,12.83447000000001
2017-04-10 23:00:00,25.0,89.75,283.35645,288.6843,10.206450000000018,15.53430000000003
2017-04-10 23:00:00,25.0,90.0,284.37122,290.6171,11.221220000000017,17.467100000000016
2017-04-10 23:00:00,24.75,85.5,282.6566,286.391,9.506600000000049,13.241000000000042
2017-04-10 23:00:00,24.75,85.75,282.75253,286.79718,9.602530000000002,13.647180000000048
2017-04-10 23:00:00,24.75,86.0,282.75253,286.79718,9.602530000000002,13.647180000000048
2017-04-10 23:00:00,24.75,86.25,282.32242,286.8658,9.172420000000045,13.715800000000002
2017-04-10 23:00:00,24.75,86.5,282.3485,286.77817,9.198500000000024,13.628170000000011
2017-04-10 23:00:00,24.75,86.75,282.36172,286.5656,9.211720000000014,13.41560000000004
2017-04-10 23:00:00,24.75,87.0,282.56668,286.92194,9.416680000000042,13.77194000000003
2017-04-10 23:00:00,24.75,87.25,282.23038,286.79663,9.080380000000048,13.646630000000016
2017-04-10 23:00:00,24.75,87.5,281.5604,286.33347,8.410400000000038,13.18347
2017-04-10 23:00:00,24.75,87.75,281.7144,286.48117,8.564400000000035,13.331170000000043
2017-04-10 23:00:00,24.75,88.0,282.13397,287.00027,8.98397,13.850270000000023
2017-04-10 23:00:00,24.75,88.25,282.13397,287.00027,8.98397,13.850270000000023
2017-04-10 23:00:00,24.75,88.5,282.2555,286.77127,9.105500000000006,13.621270000000038
2017-04-10 23:00:00,24.75,88.75,282.0771,285.9749,8.927099999999996,12.824900000000014
2017-04-10 23:00:00,24.75,89.0,280.94485,285.6628,7.794849999999997,12.512800000000027
2017-04-10 23:00:00,24.75,89.25,280.88562,285.29416,7.73562000000004,12.14416
2017-04-10 23:00:00,24.75,89.5,281.38135,285.98447,8.23135000000002,12.83447000000001
2017-04-10 23:00:00,24.75,89.75,283.35645,288.6843,10.206450000000018,15.53430000000003
2017-04-10 23:00:00,24.75,90.0,284.37122,290.6171,11.221220000000017,17.467100000000016
2017-04-10 23:00:00,24.5,85.5,282.25046,286.63315,9.100459999999998,13.483150000000023
2017-04-10 23:00:00,24.5,85.75,281.5952,286.58435,8.4452,13.434349999999995
2017-04-10 23:00:00,24.5,86.0,281.5952,286.58435,8.4452,13.434349999999995
2017-04-10 23:00:00,24.5,86.25,281.54922,286.38235,8.399220000000014,13.232349999999997
2017-04-10 23:00:00,24.5,86.5,282.1267,286.3487,8.97670000000005,13.19870000000003
2017-04-10 23:00:00,24.5,86.75,282.1901,286.275,9.040099999999995,13.125
2017-04-10 23:00:00,24.5,87.0,282.2788,286.58386,9.128800000000012,13.433860000000038
2017-04-10 23:00:00,24.5,87.25,282.028,286.54465,8.878000000000043,13.394650000000013
2017-04-10 23:00:00,24.5,87.5,281.24786,285.9817,8.097860000000026,12.831700000000012
2017-04-10 23:00:00,24.5,87.75,280.94757,285.59778,7.797570000000007,12.447780000000023
2017-04-10 23:00:00,24.5,88.0,281.4557,286.19437,8.305700000000002,13.044370000000015
2017-04-10 23:00:00,24.5,88.25,281.4557,286.19437,8.305700000000002,13.044370000000015
2017-04-10 23:00:00,24.5,88.5,282.05276,287.02515,8.90276,13.87515000000002
2017-04-10 23:00:00,24.5,88.75,281.97546,286.8263,8.825460000000021,13.676300000000026
2017-04-10 23:00:00,24.5,89.0,281.30704,286.3557,8.157039999999995,13.205700000000036
2017-04-10 23:00:00,24.5,89.25,281.76303,286.7249,8.613030000000037,13.574900000000014
2017-04-10 23:00:00,24.5,89.5,283.0532,288.24423,9.903200000000027,15.094230000000039
2017-04-10 23:00:00,24.5,89.75,285.31555,290.99072,12.165549999999996,17.840720000000033
2017-04-10 23:00:00,24.5,90.0,286.8059,292.0316,13.655900000000031,18.88160000000005
2017-04-10 23:00:00,24.25,85.5,281.73486,285.61987,8.584860000000049,12.469870000000014
2017-04-10 23:00:00,24.25,85.75,281.31818,285.21506,8.168180000000007,12.065060000000017
2017-04-10 23:00:00,24.25,86.0,281.31818,285.21506,8.168180000000007,12.065060000000017
2017-04-10 23:00:00,24.25,86.25,281.72302,285.6171,8.573020000000042,12.467100000000016
2017-04-10 23:00:00,24.25,86.5,282.03915,285.9648,8.88915000000003,12.814800000000048
2017-04-10 23:00:00,24.25,86.75,282.11813,286.19202,8.96813000000003,13.042020000000036
2017-04-10 23:00:00,24.25,87.0,281.9302,286.46692,8.780200000000036,13.316920000000039
2017-04-10 23:00:00,24.25,87.25,281.793,286.60016,8.643000000000029,13.45016000000004
2017-04-10 23:00:00,24.25,87.5,281.6676,286.49197,8.517600000000016,13.341970000000003
2017-04-10 23:00:00,24.25,87.75,282.26895,286.74316,9.11895000000004,13.593160000000012
2017-04-10 23:00:00,24.25,88.0,282.7132,287.08383,9.563199999999995,13.93383
2017-04-10 23:00:00,24.25,88.25,282.7132,287.08383,9.563199999999995,13.93383
2017-04-10 23:00:00,24.25,88.5,282.51636,287.30045,9.366360000000043,14.150450000000035
2017-04-10 23:00:00,24.25,88.75,282.73776,287.91736,9.587760000000003,14.767359999999996
2017-04-10 23:00:00,24.25,89.0,283.15387,288.81546,10.003870000000006,15.665459999999996
2017-04-10 23:00:00,24.25,89.25,284.39,290.25946,11.240000000000009,17.109460000000013
2017-04-10 23:00:00,24.25,89.5,286.1517,291.8727,13.001700000000028,18.72270000000003
2017-04-10 23:00:00,24.25,89.75,288.41083,294.20117,15.260829999999999,21.051170000000013
2017-04-10 23:00:00,24.25,90.0,289.5683,295.33145,16.418300000000045,22.18145000000004
2017-04-10 23:00:00,24.0,85.5,280.34534,283.7684,7.195340000000044,10.618400000000008
2017-04-10 23:00:00,24.0,85.75,280.01953,284.45486,6.8695299999999975,11.30486000000002
2017-04-10 23:00:00,24.0,86.0,280.01953,284.45486,6.8695299999999975,11.30486000000002
2017-04-10 23:00:00,24.0,86.25,280.63895,285.3721,7.488950000000045,12.222100000000012
2017-04-10 23:00:00,24.0,86.5,280.85925,285.49118,7.709249999999997,12.341180000000008
2017-04-10 23:00:00,24.0,86.75,280.49857,285.25934,7.348569999999995,12.109340000000032
2017-04-10 23:00:00,24.0,87.0,280.25955,284.5506,7.109550000000013,11.400599999999997
2017-04-10 23:00:00,24.0,87.25,280.57742,285.34827,7.4274200000000405,12.198270000000036
2017-04-10 23:00:00,24.0,87.5,281.61935,286.0803,8.46935000000002,12.930300000000045
2017-04-10 23:00:00,24.0,87.75,282.913,287.54733,9.763000000000034,14.39733000000001
2017-04-10 23:00:00,24.0,88.0,283.50067,288.72562,10.350670000000036,15.575620000000015
2017-04-10 23:00:00,24.0,88.25,283.50067,288.72562,10.350670000000036,15.575620000000015
2017-04-10 23:00:00,24.0,88.5,284.18726,289.14124,11.037260000000003,15.991240000000005
2017-04-10 23:00:00,24.0,88.75,286.19318,291.14444,13.043180000000007,17.994439999999997
2017-04-10 23:00:00,24.0,89.0,288.2199,293.39554,15.069900000000018,20.245540000000005
2017-04-10 23:00:00,24.0,89.25,289.80084,294.93112,16.650840000000017,21.781120000000044
2017-04-10 23:00:00,24.0,89.5,291.03305,296.11813,17.883050000000026,22.96813000000003
2017-04-10 23:00:00,24.0,89.75,292.40582,297.13016,19.25582000000003,23.980160000000012
2017-04-10 23:00:00,24.0,90.0,292.7206,296.98672,19.570600000000013,23.836720000000014
2017-04-10 23:00:00,23.75,85.5,280.66675,285.2753,7.516750000000002,12.125300000000038
2017-04-10 23:00:00,23.75,85.75,280.8195,285.6026,7.669500000000028,12.452600000000018
2017-04-10 23:00:00,23.75,86.0,280.8195,285.6026,7.669500000000028,12.452600000000018
2017-04-10 23:00:00,23.75,86.25,281.21048,286.24103,8.060480000000041,13.091030000000046
2017-04-10 23:00:00,23.75,86.5,280.71692,284.61865,7.566920000000039,11.468650000000025
2017-04-10 23:00:00,23.75,86.75,280.95016,285.33813,7.800160000000005,12.188130000000001
2017-04-10 23:00:00,23.75,87.0,280.76108,284.9697,7.611080000000015,11.819700000000012
2017-04-10 23:00:00,23.75,87.25,280.66718,284.43045,7.517179999999996,11.28045000000003
2017-04-10 23:00:00,23.75,87.5,282.20978,286.5907,9.059780000000046,13.44070000000005
2017-04-10 23:00:00,23.75,87.75,284.05603,288.59348,10.906030000000044,15.443480000000022
2017-04-10 23:00:00,23.75,88.0,285.47256,290.54858,12.32256000000001,17.398580000000038
2017-04-10 23:00:00,23.75,88.25,285.47256,290.54858,12.32256000000001,17.398580000000038
2017-04-10 23:00:00,23.75,88.5,287.68903,293.67715,14.539030000000025,20.527150000000006
2017-04-10 23:00:00,23.75,88.75,290.79855,295.75476,17.64855,22.60476
2017-04-10 23:00:00,23.75,89.0,293.4996,297.28033,20.34960000000001,24.130330000000015
2017-04-10 23:00:00,23.75,89.25,295.01898,298.20975,21.868980000000022,25.059750000000008
2017-04-10 23:00:00,23.75,89.5,295.6645,298.512,22.514499999999998,25.362000000000023
2017-04-10 23:00:00,23.75,89.75,295.8894,298.24988,22.739400000000046,25.09988000000004
2017-04-10 23:00:00,23.75,90.0,295.98227,298.4343,22.83227000000005,25.28430000000003
2017-04-10 23:00:00,23.5,85.5,281.73312,285.18808,8.583120000000008,12.038080000000036
2017-04-10 23:00:00,23.5,85.75,282.03247,286.8719,8.882470000000012,13.721900000000005
2017-04-10 23:00:00,23.5,86.0,282.03247,286.8719,8.882470000000012,13.721900000000005
2017-04-10 23:00:00,23.5,86.25,280.919,285.43823,7.7690000000000055,12.288229999999999
2017-04-10 23:00:00,23.5,86.5,281.2226,286.3439,8.072600000000023,13.193900000000042
2017-04-10 23:00:00,23.5,86.75,281.37027,285.70605,8.220270000000028,12.556050000000027
2017-04-10 23:00:00,23.5,87.0,281.83264,286.00577,8.682640000000049,12.855770000000007
2017-04-10 23:00:00,23.5,87.25,282.43607,286.63113,9.286069999999995,13.481130000000007
2017-04-10 23:00:00,23.5,87.5,283.64667,288.22235,10.496669999999995,15.072350000000029
2017-04-10 23:00:00,23.5,87.75,285.696,291.29117,12.54600000000005,18.141170000000045
2017-04-10 23:00:00,23.5,88.0,288.24713,294.91986,15.09713000000005,21.76986000000005
2017-04-10 23:00:00,23.5,88.25,288.24713,294.91986,15.09713000000005,21.76986000000005
2017-04-10 23:00:00,23.5,88.5,291.29773,297.47342,18.147730000000024,24.32342
2017-04-10 23:00:00,23.5,88.75,294.71854,298.4852,21.56854000000004,25.335200000000043
2017-04-10 23:00:00,23.5,89.0,297.38678,299.2581,24.23678000000001,26.108100000000036
2017-04-10 23:00:00,23.5,89.25,298.6058,299.94476,25.45580000000001,26.794759999999997
2017-04-10 23:00:00,23.5,89.5,298.5864,300.0447,25.43640000000005,26.8947
2017-04-10 23:00:00,23.5,89.75,298.0307,299.29584,24.880700000000047,26.14584000000002
2017-04-10 23:00:00,23.5,90.0,297.384,299.369,24.234000000000037,26.21900000000005
2017-04-10 23:00:00,23.25,85.5,282.6288,287.28632,9.478800000000035,14.136320000000012
2017-04-10 23:00:00,23.25,85.75,280.36707,286.5861,7.217070000000035,13.43610000000001
2017-04-10 23:00:00,23.25,86.0,280.36707,286.5861,7.217070000000035,13.43610000000001
2017-04-10 23:00:00,23.25,86.25,281.55884,288.47504,8.408839999999998,15.325040000000001
2017-04-10 23:00:00,23.25,86.5,281.9206,286.10352,8.770600000000002,12.953520000000026
2017-04-10 23:00:00,23.25,86.75,283.39545,287.15213,10.245450000000005,14.002130000000022
2017-04-10 23:00:00,23.25,87.0,285.1425,289.75385,11.992500000000007,16.603850000000023
2017-04-10 23:00:00,23.25,87.25,286.83286,292.64563,13.682860000000005,19.495630000000006
2017-04-10 23:00:00,23.25,87.5,288.93246,295.94443,15.782460000000015,22.794430000000034
2017-04-10 23:00:00,23.25,87.75,291.0602,298.36206,17.91020000000003,25.212060000000008
2017-04-10 23:00:00,23.25,88.0,292.65973,299.0157,19.509730000000047,25.865700000000004
2017-04-10 23:00:00,23.25,88.25,292.65973,299.0157,19.509730000000047,25.865700000000004
2017-04-10 23:00:00,23.25,88.5,294.29608,299.13724,21.14608000000004,25.987240000000043
2017-04-10 23:00:00,23.25,88.75,296.483,299.832,23.333000000000027,26.682000000000016
2017-04-10 23:00:00,23.25,89.0,298.35965,300.4311,25.20965000000001,27.281100000000038
2017-04-10 23:00:00,23.25,89.25,299.24606,300.5914,26.096060000000023,27.441400000000044
2017-04-10 23:00:00,23.25,89.5,298.95718,300.5579,25.807180000000017,27.40790000000004
2017-04-10 23:00:00,23.25,89.75,297.90424,299.9734,24.75424000000004,26.82340000000005
2017-04-10 23:00:00,23.25,90.0,296.3376,299.43866,23.18760000000003,26.28866000000005
2017-04-10 23:00:00,23.0,85.5,281.75677,285.19626,8.60677000000004,12.046260000000018
2017-04-10 23:00:00,23.0,85.75,282.23105,287.3075,9.081050000000005,14.157500000000027
2017-04-10 23:00:00,23.0,86.0,282.23105,287.3075,9.081050000000005,14.157500000000027
2017-04-10 23:00:00,23.0,86.25,282.82953,289.78677,9.67953,16.636770000000013
2017-04-10 23:00:00,23.0,86.5,283.95804,289.08038,10.808040000000005,15.930380000000014
2017-04-10 23:00:00,23.0,86.75,286.33047,294.36563,13.180470000000014,21.215630000000033
2017-04-10 23:00:00,23.0,87.0,288.63455,298.6455,15.484550000000013,25.49550000000005
2017-04-10 23:00:00,23.0,87.25,291.09808,299.17203,17.948080000000004,26.02203000000003
2017-04-10 23:00:00,23.0,87.5,293.3907,300.05246,20.240700000000004,26.90246000000002
2017-04-10 23:00:00,23.0,87.75,295.2025,301.1226,22.05250000000001,27.9726
2017-04-10 23:00:00,23.0,88.0,296.2885,301.10336,23.138500000000022,27.953360000000032
2017-04-10 23:00:00,23.0,88.25,296.2885,301.10336,23.138500000000022,27.953360000000032
2017-04-10 23:00:00,23.0,88.5,296.83588,300.9736,23.685879999999997,27.8236
2017-04-10 23:00:00,23.0,88.75,297.50516,301.01312,24.355160000000012,27.863120000000038
2017-04-10 23:00:00,23.0,89.0,298.29404,300.88266,25.144040000000018,27.73266000000001
2017-04-10 23:00:00,23.0,89.25,298.7259,300.6823,25.575900000000047,27.53230000000002
2017-04-10 23:00:00,23.0,89.5,298.2683,300.58923,25.118300000000033,27.43923000000001
2017-04-10 23:00:00,23.0,89.75,296.85052,299.95642,23.70052000000004,26.806420000000003
2017-04-10 23:00:00,23.0,90.0,295.25482,298.94955,22.104820000000018,25.79955000000001
2017-04-10 23:00:00,22.75,85.5,282.76733,287.69952,9.617330000000038,14.54952000000003
2017-04-10 23:00:00,22.75,85.75,283.79462,289.2915,10.644620000000032,16.141500000000008
2017-04-10 23:00:00,22.75,86.0,283.79462,289.2915,10.644620000000032,16.141500000000008
2017-04-10 23:00:00,22.75,86.25,285.14377,291.82132,11.99377000000004,18.671320000000037
2017-04-10 23:00:00,22.75,86.5,287.03348,294.27594,13.88348000000002,21.125940000000014
2017-04-10 23:00:00,22.75,86.75,289.58545,299.20834,16.435450000000003,26.058340000000044
2017-04-10 23:00:00,22.75,87.0,292.43826,300.59213,19.288260000000037,27.44213000000002
2017-04-10 23:00:00,22.75,87.25,294.76822,301.52496,21.618220000000008,28.374960000000044
2017-04-10 23:00:00,22.75,87.5,296.42944,301.88696,23.279440000000022,28.73696000000001
2017-04-10 23:00:00,22.75,87.75,297.35464,301.74915,24.20464000000004,28.59915000000001
2017-04-10 23:00:00,22.75,88.0,297.6534,301.36014,24.5034,28.210140000000024
2017-04-10 23:00:00,22.75,88.25,297.6534,301.36014,24.5034,28.210140000000024
2017-04-10 23:00:00,22.75,88.5,297.68707,300.99152,24.53707000000003,27.841520000000003
2017-04-10 23:00:00,22.75,88.75,297.827,301.01544,24.67700000000002,27.865440000000035
2017-04-10 23:00:00,22.75,89.0,298.16968,301.1755,25.01968000000005,28.025500000000022
2017-04-10 23:00:00,22.75,89.25,298.20282,300.91373,25.052819999999997,27.76373000000001
2017-04-10 23:00:00,22.75,89.5,297.31094,300.23776,24.16094000000004,27.087760000000003
2017-04-10 23:00:00,22.75,89.75,295.96515,299.51013,22.815150000000017,26.360130000000026
2017-04-10 23:00:00,22.75,90.0,295.1792,299.0537,22.029200000000003,25.903700000000015
2017-04-10 23:00:00,22.5,85.5,282.76733,287.69952,9.617330000000038,14.54952000000003
2017-04-10 23:00:00,22.5,85.75,283.79462,289.2915,10.644620000000032,16.141500000000008
2017-04-10 23:00:00,22.5,86.0,283.79462,289.2915,10.644620000000032,16.141500000000008
2017-04-10 23:00:00,22.5,86.25,285.14377,291.82132,11.99377000000004,18.671320000000037
2017-04-10 23:00:00,22.5,86.5,287.03348,294.27594,13.88348000000002,21.125940000000014
2017-04-10 23:00:00,22.5,86.75,289.58545,299.20834,16.435450000000003,26.058340000000044
2017-04-10 23:00:00,22.5,87.0,292.43826,300.59213,19.288260000000037,27.44213000000002
2017-04-10 23:00:00,22.5,87.25,294.76822,301.52496,21.618220000000008,28.374960000000044
2017-04-10 23:00:00,22.5,87.5,296.42944,301.88696,23.279440000000022,28.73696000000001
2017-04-10 23:00:00,22.5,87.75,297.35464,301.74915,24.20464000000004,28.59915000000001
2017-04-10 23:00:00,22.5,88.0,297.6534,301.36014,24.5034,28.210140000000024
2017-04-10 23:00:00,22.5,88.25,297.6534,301.36014,24.5034,28.210140000000024
2017-04-10 23:00:00,22.5,88.5,297.68707,300.99152,24.53707000000003,27.841520000000003
2017-04-10 23:00:00,22.5,88.75,297.827,301.01544,24.67700000000002,27.865440000000035
2017-04-10 23:00:00,22.5,89.0,298.16968,301.1755,25.01968000000005,28.025500000000022
2017-04-10 23:00:00,22.5,89.25,298.20282,300.91373,25.052819999999997,27.76373000000001
2017-04-10 23:00:00,22.5,89.5,297.31094,300.23776,24.16094000000004,27.087760000000003
2017-04-10 23:00:00,22.5,89.75,295.96515,299.51013,22.815150000000017,26.360130000000026
2017-04-10 23:00:00,22.5,90.0,295.1792,299.0537,22.029200000000003,25.903700000000015
2017-04-10 23:00:00,22.25,85.5,285.02997,290.25003,11.879970000000014,17.100030000000004
2017-04-10 23:00:00,22.25,85.75,286.2534,293.11618,13.103400000000022,19.96618000000001
2017-04-10 23:00:00,22.25,86.0,286.2534,293.11618,13.103400000000022,19.96618000000001
2017-04-10 23:00:00,22.25,86.25,287.92657,294.22928,14.77657000000005,21.07928000000004
2017-04-10 23:00:00,22.25,86.5,288.85657,295.58328,15.70657,22.433280000000025
2017-04-10 23:00:00,22.25,86.75,291.5915,298.4684,18.44150000000002,25.318399999999997
2017-04-10 23:00:00,22.25,87.0,293.94476,300.36124,20.794759999999997,27.211240000000032
2017-04-10 23:00:00,22.25,87.25,295.59714,301.63138,22.447140000000047,28.48138
2017-04-10 23:00:00,22.25,87.5,296.5086,301.80902,23.358600000000024,28.659019999999998
2017-04-10 23:00:00,22.25,87.75,297.05954,301.80643,23.90954000000005,28.65643
2017-04-10 23:00:00,22.25,88.0,297.09814,301.29584,23.948140000000024,28.14584000000002
2017-04-10 23:00:00,22.25,88.25,297.09814,301.29584,23.948140000000024,28.14584000000002
2017-04-10 23:00:00,22.25,88.5,296.92325,300.92474,23.77325000000002,27.77474000000001
2017-04-10 23:00:00,22.25,88.75,296.90753,301.1315,23.75753000000003,27.98150000000004
2017-04-10 23:00:00,22.25,89.0,297.06833,301.09842,23.918330000000026,27.94842
2017-04-10 23:00:00,22.25,89.25,296.9821,300.53412,23.832100000000025,27.384119999999996
2017-04-10 23:00:00,22.25,89.5,296.5615,300.114,23.411500000000046,26.964
2017-04-10 23:00:00,22.25,89.75,296.2462,299.8718,23.09620000000001,26.72180000000003
2017-04-10 23:00:00,22.25,90.0,295.79474,299.50034,22.644740000000013,26.350340000000017
2017-04-10 23:00:00,22.0,85.5,286.03674,293.1912,12.886740000000032,20.041200000000003
2017-04-10 23:00:00,22.0,85.75,288.15552,295.5801,15.005520000000047,22.43010000000004
2017-04-10 23:00:00,22.0,86.0,288.15552,295.5801,15.005520000000047,22.43010000000004
2017-04-10 23:00:00,22.0,86.25,290.03192,297.15436,16.881920000000036,24.00436000000002
2017-04-10 23:00:00,22.0,86.5,291.18512,298.26984,18.035120000000006,25.11984000000001
2017-04-10 23:00:00,22.0,86.75,293.658,300.61594,20.508000000000038,27.465940000000046
2017-04-10 23:00:00,22.0,87.0,295.20593,301.6581,22.055930000000046,28.508100000000013
2017-04-10 23:00:00,22.0,87.25,295.80637,301.47263,22.656370000000038,28.322630000000004
2017-04-10 23:00:00,22.0,87.5,295.9067,301.00613,22.756700000000023,27.856130000000007
2017-04-10 23:00:00,22.0,87.75,296.04596,300.5121,22.895960000000002,27.362099999999998
2017-04-10 23:00:00,22.0,88.0,296.22107,300.65268,23.07107000000002,27.502679999999998
2017-04-10 23:00:00,22.0,88.25,296.22107,300.65268,23.07107000000002,27.502679999999998
2017-04-10 23:00:00,22.0,88.5,296.35062,300.5916,23.200620000000015,27.44160000000005
2017-04-10 23:00:00,22.0,88.75,296.29642,300.40317,23.146420000000035,27.25317000000001
2017-04-10 23:00:00,22.0,89.0,296.068,300.2901,22.918000000000006,27.140100000000018
2017-04-10 23:00:00,22.0,89.25,296.0394,299.9407,22.889400000000023,26.790700000000015
2017-04-10 23:00:00,22.0,89.5,296.34778,299.75186,23.197780000000023,26.601860000000045
2017-04-10 23:00:00,22.0,89.75,296.6727,299.94632,23.522700000000043,26.796320000000037
2017-04-10 23:00:00,22.0,90.0,296.7702,300.16745,23.62020000000001,27.017449999999997
2017-04-10 23:00:00,21.75,85.5,290.35773,296.98767,17.207730000000026,23.837670000000003
2017-04-10 23:00:00,21.75,85.75,292.3363,299.4129,19.186300000000017,26.262900000000002
2017-04-10 23:00:00,21.75,86.0,292.3363,299.4129,19.186300000000017,26.262900000000002
2017-04-10 23:00:00,21.75,86.25,292.84937,297.698,19.699370000000044,24.548000000000002
2017-04-10 23:00:00,21.75,86.5,294.06097,299.35092,20.91097000000002,26.200919999999996
2017-04-10 23:00:00,21.75,86.75,295.92322,301.88766,22.773220000000038,28.737660000000005
2017-04-10 23:00:00,21.75,87.0,296.3391,301.199,23.189099999999996,28.049000000000035
2017-04-10 23:00:00,21.75,87.25,296.1403,300.5833,22.990300000000047,27.43330000000003
2017-04-10 23:00:00,21.75,87.5,295.79727,300.07114,22.64727000000005,26.921140000000037
2017-04-10 23:00:00,21.75,87.75,296.25366,298.96722,23.103660000000048,25.81722000000002
2017-04-10 23:00:00,21.75,88.0,296.1994,298.91412,23.04940000000005,25.764120000000048
2017-04-10 23:00:00,21.75,88.25,296.1994,298.91412,23.04940000000005,25.764120000000048
2017-04-10 23:00:00,21.75,88.5,296.397,298.96872,23.247000000000014,25.81872000000004
2017-04-10 23:00:00,21.75,88.75,296.34277,299.17892,23.192769999999996,26.028920000000028
2017-04-10 23:00:00,21.75,89.0,295.66473,299.35306,22.514730000000043,26.20306000000005
2017-04-10 23:00:00,21.75,89.25,295.8933,298.62433,22.743300000000033,25.47433000000001
2017-04-10 23:00:00,21.75,89.5,296.8892,297.93738,23.73920000000004,24.78738000000004
2017-04-10 23:00:00,21.75,89.75,297.22247,297.98178,24.07247000000001,24.831780000000037
2017-04-10 23:00:00,21.75,90.0,297.3346,298.12527,24.184600000000046,24.975270000000023
2017-04-10 23:00:00,21.5,85.5,294.09122,299.31467,20.941220000000044,26.16467
2017-04-10 23:00:00,21.5,85.75,296.09634,301.03375,22.94634000000002,27.88375000000002
2017-04-10 23:00:00,21.5,86.0,296.09634,301.03375,22.94634000000002,27.88375000000002
2017-04-10 23:00:00,21.5,86.25,296.77112,300.1509,23.62112000000002,27.0009
2017-04-10 23:00:00,21.5,86.5,297.55835,301.38565,24.40835000000004,28.23565000000002
2017-04-10 23:00:00,21.5,86.75,297.8483,301.56485,24.698300000000017,28.41485
2017-04-10 23:00:00,21.5,87.0,297.8181,299.82706,24.668100000000038,26.67706000000004
2017-04-10 23:00:00,21.5,87.25,297.32883,298.93484,24.178830000000005,25.78484000000003
2017-04-10 23:00:00,21.5,87.5,296.75378,298.65485,23.60378000000003,25.504850000000033
2017-04-10 23:00:00,21.5,87.75,296.41885,298.03046,23.268850000000043,24.880460000000028
2017-04-10 23:00:00,21.5,88.0,296.39868,297.87006,23.248680000000036,24.720060000000046
2017-04-10 23:00:00,21.5,88.25,296.39868,297.87006,23.248680000000036,24.720060000000046
2017-04-10 23:00:00,21.5,88.5,296.53333,297.89426,23.38333,24.744259999999997
2017-04-10 23:00:00,21.5,88.75,296.6295,297.85318,23.47950000000003,24.70318000000003
2017-04-10 23:00:00,21.5,89.0,296.63028,297.85757,23.48028000000005,24.707570000000032
2017-04-10 23:00:00,21.5,89.25,296.6257,297.79156,23.475700000000018,24.641560000000027
2017-04-10 23:00:00,21.5,89.5,296.73605,297.77448,23.58605,24.624480000000005
2017-04-10 23:00:00,21.5,89.75,296.90942,297.91397,23.759420000000034,24.76397000000003
2017-04-10 23:00:00,21.5,90.0,296.9584,298.01834,23.808400000000006,24.868340000000046
2017-04-10 23:00:00,21.25,85.5,295.8117,301.0183,22.661699999999996,27.868300000000033
2017-04-10 23:00:00,21.25,85.75,297.40808,302.1284,24.258080000000007,28.978400000000022
2017-04-10 23:00:00,21.25,86.0,297.40808,302.1284,24.258080000000007,28.978400000000022
2017-04-10 23:00:00,21.25,86.25,298.32996,302.56192,25.17996000000005,29.41192000000001
2017-04-10 23:00:00,21.25,86.5,298.4283,302.3513,25.2783,29.201300000000003
2017-04-10 23:00:00,21.25,86.75,298.4216,301.62238,25.271600000000035,28.472380000000044
2017-04-10 23:00:00,21.25,87.0,297.8727,299.78894,24.72270000000003,26.638940000000048
2017-04-10 23:00:00,21.25,87.25,297.19382,298.77704,24.04382000000004,25.627040000000022
2017-04-10 23:00:00,21.25,87.5,296.603,298.24576,23.45300000000003,25.09576000000004
2017-04-10 23:00:00,21.25,87.75,296.30093,297.85742,23.150930000000017,24.707420000000013
2017-04-10 23:00:00,21.25,88.0,296.31085,297.76788,23.16085000000004,24.617880000000014
2017-04-10 23:00:00,21.25,88.25,296.31085,297.76788,23.16085000000004,24.617880000000014
2017-04-10 23:00:00,21.25,88.5,296.44388,297.82043,23.29388,24.67043000000001
2017-04-10 23:00:00,21.25,88.75,296.54132,297.80197,23.391320000000007,24.651970000000006
2017-04-10 23:00:00,21.25,89.0,296.5954,297.72592,23.445400000000006,24.575919999999996
2017-04-10 23:00:00,21.25,89.25,296.64627,297.70322,23.496270000000038,24.55322000000001
2017-04-10 23:00:00,21.25,89.5,296.7389,297.76416,23.588900000000024,24.614160000000027
2017-04-10 23:00:00,21.25,89.75,296.84277,297.85095,23.692769999999996,24.700950000000034
2017-04-10 23:00:00,21.25,90.0,296.83127,297.97458,23.68127000000004,24.824580000000026
2017-04-10 23:00:00,21.0,85.5,295.53653,301.8098,22.38653000000005,28.65980000000002
2017-04-10 23:00:00,21.0,85.75,296.6894,302.35254,23.5394,29.20254
2017-04-10 23:00:00,21.0,86.0,296.6894,302.35254,23.5394,29.20254
2017-04-10 23:00:00,21.0,86.25,297.29785,302.64853,24.147850000000005,29.498530000000017
2017-04-10 23:00:00,21.0,86.5,297.29984,301.9754,24.14984000000004,28.825400000000002
2017-04-10 23:00:00,21.0,86.75,297.44226,300.8466,24.29226,27.696600000000046
2017-04-10 23:00:00,21.0,87.0,297.34546,299.56503,24.195460000000026,26.41503
2017-04-10 23:00:00,21.0,87.25,296.91638,298.70535,23.766380000000026,25.555350000000033
2017-04-10 23:00:00,21.0,87.5,296.5532,298.068,23.403200000000027,24.918000000000006
2017-04-10 23:00:00,21.0,87.75,296.38068,297.76328,23.230680000000007,24.61328000000003
2017-04-10 23:00:00,21.0,88.0,296.3956,297.6471,23.245600000000024,24.497100000000046
2017-04-10 23:00:00,21.0,88.25,296.3956,297.6471,23.245600000000024,24.497100000000046
2017-04-10 23:00:00,21.0,88.5,296.50015,297.65152,23.350150000000042,24.501520000000028
2017-04-10 23:00:00,21.0,88.75,296.5811,297.7214,23.431100000000015,24.57140000000004
2017-04-10 23:00:00,21.0,89.0,296.6319,297.7165,23.481899999999996,24.56650000000002
2017-04-10 23:00:00,21.0,89.25,296.6894,297.7025,23.5394,24.55250000000001
2017-04-10 23:00:00,21.0,89.5,296.76108,297.72937,23.611080000000015,24.57937000000004
2017-04-10 23:00:00,21.0,89.75,296.8209,297.7354,23.670900000000017,24.58540000000005
2017-04-10 23:00:00,21.0,90.0,296.81873,297.89224,23.66873000000004,24.742240000000038
