time,lat,lon,mrt,utci,MRT_Celsius,UTCI_Celsius
2022-05-26 00:00:00,27.5,85.5,287.78015,289.8048,14.630150000000015,16.654800000000023
2022-05-26 00:00:00,27.5,85.75,286.91284,289.67734,13.76284000000004,16.527340000000038
2022-05-26 00:00:00,27.5,86.0,286.91284,289.67734,13.76284000000004,16.527340000000038
2022-05-26 00:00:00,27.5,86.25,285.27805,287.45245,12.12805000000003,14.302450000000022
2022-05-26 00:00:00,27.5,86.5,282.89142,286.30765,9.741420000000005,13.157650000000046
2022-05-26 00:00:00,27.5,86.75,280.26382,284.6033,7.1138200000000325,11.453300000000013
2022-05-26 00:00:00,27.5,87.0,278.03204,282.9375,4.882040000000018,9.787500000000023
2022-05-26 00:00:00,27.5,87.25,277.06793,282.50638,3.9179300000000126,9.356380000000001
2022-05-26 00:00:00,27.5,87.5,276.68948,283.4637,3.539480000000026,10.31370000000004
2022-05-26 00:00:00,27.5,87.75,276.50073,282.22986,3.3507299999999987,9.079859999999996
2022-05-26 00:00:00,27.5,88.0,277.98312,281.44,4.833120000000008,8.29000000000002
2022-05-26 00:00:00,27.5,88.25,277.98312,281.44,4.833120000000008,8.29000000000002
2022-05-26 00:00:00,27.5,88.5,281.2873,284.28134,8.137300000000039,11.131340000000023
2022-05-26 00:00:00,27.5,88.75,282.84833,285.0989,9.698329999999999,11.948900000000037
2022-05-26 00:00:00,27.5,89.0,280.70648,280.9095,7.556480000000022,7.759500000000003
2022-05-26 00:00:00,27.5,89.25,279.41675,278.58466,6.266750000000002,5.434660000000008
2022-05-26 00:00:00,27.5,89.5,281.2747,281.392,8.124700000000018,8.242000000000019
2022-05-26 00:00:00,27.5,89.75,283.47836,284.29785,10.328360000000032,11.147850000000005
2022-05-26 00:00:00,27.5,90.0,285.81537,286.0712,12.665369999999996,12.921199999999999
2022-05-26 00:00:00,27.25,85.5,292.81552,295.84503,19.665520000000015,22.69503000000003
2022-05-26 00:00:00,27.25,85.75,292.69696,294.8675,19.546960000000013,21.71750000000003
2022-05-26 00:00:00,27.25,86.0,292.69696,294.8675,19.546960000000013,21.71750000000003
2022-05-26 00:00:00,27.25,86.25,290.65604,293.38205,17.50604000000004,20.232050000000015
2022-05-26 00:00:00,27.25,86.5,289.18463,292.6523,16.03463000000005,19.502300000000048
2022-05-26 00:00:00,27.25,86.75,287.7408,291.47742,14.590800000000002,18.327420000000018
2022-05-26 00:00:00,27.25,87.0,285.74042,289.29312,12.590419999999995,16.14312000000001
2022-05-26 00:00:00,27.25,87.25,284.31116,289.28488,11.161159999999995,16.13488000000001
2022-05-26 00:00:00,27.25,87.5,283.7522,289.11145,10.602200000000039,15.961450000000013
2022-05-26 00:00:00,27.25,87.75,283.67786,287.8201,10.527860000000032,14.670100000000048
2022-05-26 00:00:00,27.25,88.0,285.2911,287.7421,12.141099999999994,14.592100000000016
2022-05-26 00:00:00,27.25,88.25,285.2911,287.7421,12.141099999999994,14.592100000000016
2022-05-26 00:00:00,27.25,88.5,288.70822,290.26022,15.558220000000006,17.110220000000027
2022-05-26 00:00:00,27.25,88.75,290.21487,292.03104,17.06487000000004,18.88104000000004
2022-05-26 00:00:00,27.25,89.0,287.78284,289.41928,14.632840000000044,16.269280000000037
2022-05-26 00:00:00,27.25,89.25,285.69305,287.55286,12.54305000000005,14.402860000000032
2022-05-26 00:00:00,27.25,89.5,285.2589,286.36127,12.108900000000006,13.211270000000013
2022-05-26 00:00:00,27.25,89.75,285.9344,285.3407,12.784400000000005,12.19070000000005
2022-05-26 00:00:00,27.25,90.0,288.57498,287.98196,15.424980000000005,14.831960000000038
2022-05-26 00:00:00,27.0,85.5,292.81552,295.84503,19.665520000000015,22.69503000000003
2022-05-26 00:00:00,27.0,85.75,292.69696,294.8675,19.546960000000013,21.71750000000003
2022-05-26 00:00:00,27.0,86.0,292.69696,294.8675,19.546960000000013,21.71750000000003
2022-05-26 00:00:00,27.0,86.25,290.65604,293.38205,17.50604000000004,20.232050000000015
2022-05-26 00:00:00,27.0,86.5,289.18463,292.6523,16.03463000000005,19.502300000000048
2022-05-26 00:00:00,27.0,86.75,287.7408,291.47742,14.590800000000002,18.327420000000018
2022-05-26 00:00:00,27.0,87.0,285.74042,289.29312,12.590419999999995,16.14312000000001
2022-05-26 00:00:00,27.0,87.25,284.31116,289.28488,11.161159999999995,16.13488000000001
2022-05-26 00:00:00,27.0,87.5,283.7522,289.11145,10.602200000000039,15.961450000000013
2022-05-26 00:00:00,27.0,87.75,283.67786,287.8201,10.527860000000032,14.670100000000048
2022-05-26 00:00:00,27.0,88.0,285.2911,287.7421,12.141099999999994,14.592100000000016
2022-05-26 00:00:00,27.0,88.25,285.2911,287.7421,12.141099999999994,14.592100000000016
2022-05-26 00:00:00,27.0,88.5,288.70822,290.26022,15.558220000000006,17.110220000000027
2022-05-26 00:00:00,27.0,88.75,290.21487,292.03104,17.06487000000004,18.88104000000004
2022-05-26 00:00:00,27.0,89.0,287.78284,289.41928,14.632840000000044,16.269280000000037
2022-05-26 00:00:00,27.0,89.25,285.69305,287.55286,12.54305000000005,14.402860000000032
2022-05-26 00:00:00,27.0,89.5,285.2589,286.36127,12.108900000000006,13.211270000000013
2022-05-26 00:00:00,27.0,89.75,285.9344,285.3407,12.784400000000005,12.19070000000005
2022-05-26 00:00:00,27.0,90.0,288.57498,287.98196,15.424980000000005,14.831960000000038
2022-05-26 00:00:00,26.75,85.5,294.5779,299.2241,21.427900000000022,26.074100000000044
2022-05-26 00:00:00,26.75,85.75,294.6987,298.617,21.548699999999997,25.46700000000004
2022-05-26 00:00:00,26.75,86.0,294.6987,298.617,21.548699999999997,25.46700000000004
2022-05-26 00:00:00,26.75,86.25,294.51834,298.64444,21.368340000000046,25.494439999999997
2022-05-26 00:00:00,26.75,86.5,293.75427,298.48566,20.604270000000042,25.33566000000002
2022-05-26 00:00:00,26.75,86.75,293.1736,297.6865,20.023600000000044,24.536500000000046
2022-05-26 00:00:00,26.75,87.0,292.08777,296.6252,18.93777,23.47520000000003
2022-05-26 00:00:00,26.75,87.25,290.92853,295.0422,17.778530000000046,21.892200000000003
2022-05-26 00:00:00,26.75,87.5,289.74023,293.49164,16.59023000000002,20.34164000000004
2022-05-26 00:00:00,26.75,87.75,289.63596,293.04718,16.485960000000034,19.89718000000005
2022-05-26 00:00:00,26.75,88.0,291.2079,294.31107,18.057900000000018,21.161069999999995
2022-05-26 00:00:00,26.75,88.25,291.2079,294.31107,18.057900000000018,21.161069999999995
2022-05-26 00:00:00,26.75,88.5,293.6947,296.543,20.544700000000034,23.39300000000003
2022-05-26 00:00:00,26.75,88.75,295.15768,297.55692,22.00768000000005,24.406920000000014
2022-05-26 00:00:00,26.75,89.0,293.94183,296.55338,20.791830000000004,23.403380000000027
2022-05-26 00:00:00,26.75,89.25,292.4008,296.01398,19.250800000000027,22.863980000000026
2022-05-26 00:00:00,26.75,89.5,291.7314,294.68817,18.58140000000003,21.538170000000036
2022-05-26 00:00:00,26.75,89.75,291.8382,293.44028,18.688199999999995,20.290279999999996
2022-05-26 00:00:00,26.75,90.0,293.58997,295.54898,20.439970000000017,22.398979999999995
2022-05-26 00:00:00,26.5,85.5,294.76062,300.13284,21.61062000000004,26.98284000000001
2022-05-26 00:00:00,26.5,85.75,294.77066,299.8383,21.620660000000044,26.688300000000027
2022-05-26 00:00:00,26.5,86.0,294.77066,299.8383,21.620660000000044,26.688300000000027
2022-05-26 00:00:00,26.5,86.25,295.15057,300.3269,22.00057000000004,27.176900000000046
2022-05-26 00:00:00,26.5,86.5,295.22067,298.77618,22.070670000000007,25.626180000000033
2022-05-26 00:00:00,26.5,86.75,295.0021,298.3828,21.852100000000007,25.232799999999997
2022-05-26 00:00:00,26.5,87.0,295.1541,299.80322,22.00410000000005,26.653220000000033
2022-05-26 00:00:00,26.5,87.25,294.7481,299.53607,21.598100000000045,26.386070000000018
2022-05-26 00:00:00,26.5,87.5,293.92886,298.28165,20.77886000000001,25.131650000000036
2022-05-26 00:00:00,26.5,87.75,294.00067,298.22147,20.850670000000036,25.071470000000033
2022-05-26 00:00:00,26.5,88.0,295.0271,298.55002,21.87710000000004,25.40002000000004
2022-05-26 00:00:00,26.5,88.25,295.0271,298.55002,21.87710000000004,25.40002000000004
2022-05-26 00:00:00,26.5,88.5,296.15143,298.67636,23.001430000000028,25.52636000000001
2022-05-26 00:00:00,26.5,88.75,296.73608,299.09747,23.586080000000038,25.94747000000001
2022-05-26 00:00:00,26.5,89.0,296.40836,298.78287,23.25836000000004,25.632870000000025
2022-05-26 00:00:00,26.5,89.25,296.09256,298.78763,22.942560000000014,25.63763
2022-05-26 00:00:00,26.5,89.5,296.13867,299.1033,22.988670000000013,25.953300000000013
2022-05-26 00:00:00,26.5,89.75,296.3183,298.9034,23.168300000000045,25.7534
2022-05-26 00:00:00,26.5,90.0,296.7696,299.2376,23.619600000000048,26.08760000000001
2022-05-26 00:00:00,26.25,85.5,294.3918,299.80157,21.241800000000012,26.65157000000005
2022-05-26 00:00:00,26.25,85.75,294.9157,299.79523,21.765700000000038,26.645230000000026
2022-05-26 00:00:00,26.25,86.0,294.9157,299.79523,21.765700000000038,26.645230000000026
2022-05-26 00:00:00,26.25,86.25,295.5492,299.28995,22.399200000000008,26.13995
2022-05-26 00:00:00,26.25,86.5,295.73425,298.26978,22.584249999999997,25.11978000000005
2022-05-26 00:00:00,26.25,86.75,295.6594,298.46106,22.509400000000028,25.311059999999998
2022-05-26 00:00:00,26.25,87.0,295.52643,298.47583,22.376430000000028,25.325829999999996
2022-05-26 00:00:00,26.25,87.25,295.51193,298.27377,22.36193000000003,25.123770000000036
2022-05-26 00:00:00,26.25,87.5,295.50235,298.6108,22.35235,25.460800000000006
2022-05-26 00:00:00,26.25,87.75,295.39334,298.27194,22.243340000000046,25.121939999999995
2022-05-26 00:00:00,26.25,88.0,295.4384,297.5242,22.288400000000024,24.37420000000003
2022-05-26 00:00:00,26.25,88.25,295.4384,297.5242,22.288400000000024,24.37420000000003
2022-05-26 00:00:00,26.25,88.5,295.91122,298.1032,22.761220000000037,24.953200000000038
2022-05-26 00:00:00,26.25,88.75,296.60806,299.32214,23.458060000000046,26.172140000000013
2022-05-26 00:00:00,26.25,89.0,297.05707,299.26163,23.907070000000033,26.111630000000048
2022-05-26 00:00:00,26.25,89.25,297.17587,298.6134,24.025869999999998,25.463400000000036
2022-05-26 00:00:00,26.25,89.5,297.32513,299.12054,24.175130000000024,25.970540000000028
2022-05-26 00:00:00,26.25,89.75,297.21173,299.60413,24.06173000000001,26.45413000000002
2022-05-26 00:00:00,26.25,90.0,296.88654,300.08286,23.736540000000048,26.932860000000005
2022-05-26 00:00:00,26.0,85.5,294.8771,300.8568,21.727100000000007,27.706800000000044
2022-05-26 00:00:00,26.0,85.75,295.08548,300.5164,21.93548000000004,27.3664
2022-05-26 00:00:00,26.0,86.0,295.08548,300.5164,21.93548000000004,27.3664
2022-05-26 00:00:00,26.0,86.25,295.53726,300.5001,22.387260000000026,27.350099999999998
2022-05-26 00:00:00,26.0,86.5,295.92038,300.14102,22.770380000000046,26.99102000000005
2022-05-26 00:00:00,26.0,86.75,296.14328,299.3045,22.993280000000027,26.15450000000004
2022-05-26 00:00:00,26.0,87.0,296.23645,298.46442,23.086450000000013,25.31442000000004
2022-05-26 00:00:00,26.0,87.25,296.42325,298.5121,23.27325000000002,25.362099999999998
2022-05-26 00:00:00,26.0,87.5,296.5334,299.28754,23.383399999999995,26.13754
2022-05-26 00:00:00,26.0,87.75,296.16595,299.06223,23.015950000000032,25.912230000000022
2022-05-26 00:00:00,26.0,88.0,295.7918,298.38766,22.641800000000046,25.237660000000005
2022-05-26 00:00:00,26.0,88.25,295.7918,298.38766,22.641800000000046,25.237660000000005
2022-05-26 00:00:00,26.0,88.5,295.90744,298.87567,22.75744000000003,25.725670000000036
2022-05-26 00:00:00,26.0,88.75,296.2751,299.67484,23.12510000000003,26.52484000000004
2022-05-26 00:00:00,26.0,89.0,296.74554,299.57074,23.595540000000028,26.420740000000023
2022-05-26 00:00:00,26.0,89.25,297.03656,299.26846,23.88656000000003,26.118460000000027
2022-05-26 00:00:00,26.0,89.5,297.22882,299.26788,24.078820000000007,26.117880000000014
2022-05-26 00:00:00,26.0,89.75,297.13873,299.0084,23.988730000000032,25.858400000000017
2022-05-26 00:00:00,26.0,90.0,297.71973,300.12866,24.56973000000005,26.978660000000048
2022-05-26 00:00:00,25.75,85.5,295.156,301.48953,22.00600000000003,28.339530000000025
2022-05-26 00:00:00,25.75,85.75,295.1481,300.96582,21.998100000000022,27.81582000000003
2022-05-26 00:00:00,25.75,86.0,295.1481,300.96582,21.998100000000022,27.81582000000003
2022-05-26 00:00:00,25.75,86.25,295.3722,300.74234,22.222200000000043,27.592340000000036
2022-05-26 00:00:00,25.75,86.5,295.63025,301.15417,22.480250000000012,28.004170000000045
2022-05-26 00:00:00,25.75,86.75,295.90994,300.13324,22.75994000000003,26.983240000000023
2022-05-26 00:00:00,25.75,87.0,296.0853,298.77545,22.93530000000004,25.62545
2022-05-26 00:00:00,25.75,87.25,296.27057,298.19168,23.120570000000043,25.041680000000042
2022-05-26 00:00:00,25.75,87.5,296.3694,298.41983,23.219400000000007,25.269830000000013
2022-05-26 00:00:00,25.75,87.75,296.16647,298.57657,23.016470000000027,25.426570000000027
2022-05-26 00:00:00,25.75,88.0,295.7711,298.28503,22.621100000000013,25.13503000000003
2022-05-26 00:00:00,25.75,88.25,295.7711,298.28503,22.621100000000013,25.13503000000003
2022-05-26 00:00:00,25.75,88.5,295.4567,297.93945,22.306700000000035,24.789450000000045
2022-05-26 00:00:00,25.75,88.75,295.34552,297.67294,22.195520000000045,24.522940000000006
2022-05-26 00:00:00,25.75,89.0,295.48532,297.3285,22.335320000000024,24.178500000000042
2022-05-26 00:00:00,25.75,89.25,295.85944,297.32858,22.70944000000003,24.17858000000001
2022-05-26 00:00:00,25.75,89.5,296.49,298.07895,23.340000000000032,24.928950000000043
2022-05-26 00:00:00,25.75,89.75,297.23975,298.86157,24.089750000000038,25.711569999999995
2022-05-26 00:00:00,25.75,90.0,296.864,298.7513,23.714,25.601300000000037
2022-05-26 00:00:00,25.5,85.5,295.44977,301.93085,22.299770000000024,28.780850000000044
2022-05-26 00:00:00,25.5,85.75,295.5965,301.75815,22.446500000000015,28.608150000000023
2022-05-26 00:00:00,25.5,86.0,295.5965,301.75815,22.446500000000015,28.608150000000023
2022-05-26 00:00:00,25.5,86.25,295.5428,301.489,22.392800000000022,28.339
2022-05-26 00:00:00,25.5,86.5,295.8069,301.6585,22.656900000000007,28.508500000000026
2022-05-26 00:00:00,25.5,86.75,296.0323,301.16788,22.882300000000043,28.017880000000048
2022-05-26 00:00:00,25.5,87.0,296.2375,300.61755,23.087500000000034,27.467550000000017
2022-05-26 00:00:00,25.5,87.25,296.53348,300.25626,23.38348000000002,27.10626000000002
2022-05-26 00:00:00,25.5,87.5,296.8393,299.87753,23.689300000000003,26.72753
2022-05-26 00:00:00,25.5,87.75,296.65656,298.98486,23.506560000000036,25.83486000000005
2022-05-26 00:00:00,25.5,88.0,296.18042,297.98007,23.03042000000005,24.830070000000035
2022-05-26 00:00:00,25.5,88.25,296.18042,297.98007,23.03042000000005,24.830070000000035
2022-05-26 00:00:00,25.5,88.5,295.84082,297.64587,22.69082000000003,24.495870000000025
2022-05-26 00:00:00,25.5,88.75,295.55768,297.73114,22.407680000000028,24.581140000000005
2022-05-26 00:00:00,25.5,89.0,295.46863,297.66434,22.31863000000004,24.514340000000004
2022-05-26 00:00:00,25.5,89.25,295.74176,297.9137,22.591760000000022,24.76370000000003
2022-05-26 00:00:00,25.5,89.5,296.41907,298.96603,23.26907,25.816030000000012
2022-05-26 00:00:00,25.5,89.75,297.46307,299.9298,24.31307000000004,26.779800000000023
2022-05-26 00:00:00,25.5,90.0,296.95132,298.59048,23.801320000000032,25.440480000000036
2022-05-26 00:00:00,25.25,85.5,295.43872,301.17072,22.288720000000012,28.02072000000004
2022-05-26 00:00:00,25.25,85.75,295.49637,300.89185,22.346370000000036,27.74185
2022-05-26 00:00:00,25.25,86.0,295.49637,300.89185,22.346370000000036,27.74185
2022-05-26 00:00:00,25.25,86.25,295.4066,300.88083,22.25660000000005,27.730830000000026
2022-05-26 00:00:00,25.25,86.5,295.36646,300.97223,22.21646000000004,27.822230000000047
2022-05-26 00:00:00,25.25,86.75,295.3973,301.0646,22.247299999999996,27.914600000000007
2022-05-26 00:00:00,25.25,87.0,295.76712,301.32254,22.61712,28.172540000000026
2022-05-26 00:00:00,25.25,87.25,295.9454,301.32214,22.79540000000003,28.172140000000013
2022-05-26 00:00:00,25.25,87.5,296.2667,301.27502,23.116700000000037,28.125020000000006
2022-05-26 00:00:00,25.25,87.75,297.10303,300.5785,23.953030000000012,27.428500000000042
2022-05-26 00:00:00,25.25,88.0,297.60977,299.24463,24.45977000000005,26.094629999999995
2022-05-26 00:00:00,25.25,88.25,297.60977,299.24463,24.45977000000005,26.094629999999995
2022-05-26 00:00:00,25.25,88.5,297.12958,298.4841,23.97958,25.334100000000035
2022-05-26 00:00:00,25.25,88.75,296.38623,298.4924,23.236230000000035,25.342399999999998
2022-05-26 00:00:00,25.25,89.0,296.10928,298.3978,22.959280000000035,25.24780000000004
2022-05-26 00:00:00,25.25,89.25,296.2122,298.6477,23.06220000000002,25.49770000000001
2022-05-26 00:00:00,25.25,89.5,296.6653,299.21988,23.515300000000025,26.069880000000012
2022-05-26 00:00:00,25.25,89.75,297.4158,299.2993,24.265800000000013,26.14930000000004
2022-05-26 00:00:00,25.25,90.0,297.25714,298.1242,24.107140000000015,24.974199999999996
2022-05-26 00:00:00,25.0,85.5,295.05176,300.3385,21.901760000000024,27.188500000000033
2022-05-26 00:00:00,25.0,85.75,294.98492,300.40247,21.83492000000001,27.252470000000017
2022-05-26 00:00:00,25.0,86.0,294.98492,300.40247,21.83492000000001,27.252470000000017
2022-05-26 00:00:00,25.0,86.25,294.9143,300.6129,21.76430000000005,27.462900000000047
2022-05-26 00:00:00,25.0,86.5,295.1785,300.22754,22.028500000000008,27.07754
2022-05-26 00:00:00,25.0,86.75,295.40918,299.8453,22.259180000000015,26.69530000000003
2022-05-26 00:00:00,25.0,87.0,295.16016,299.95566,22.01016000000004,26.805660000000046
2022-05-26 00:00:00,25.0,87.25,295.3244,300.19363,22.17440000000005,27.043630000000007
2022-05-26 00:00:00,25.0,87.5,295.8377,300.4813,22.687700000000007,27.3313
2022-05-26 00:00:00,25.0,87.75,297.0212,301.37848,23.871200000000044,28.228480000000047
2022-05-26 00:00:00,25.0,88.0,298.1374,301.42712,24.987400000000036,28.277120000000025
2022-05-26 00:00:00,25.0,88.25,298.1374,301.42712,24.987400000000036,28.277120000000025
2022-05-26 00:00:00,25.0,88.5,298.0722,300.03275,24.922200000000032,26.882750000000044
2022-05-26 00:00:00,25.0,88.75,297.4058,299.47644,24.255800000000022,26.326440000000048
2022-05-26 00:00:00,25.0,89.0,297.0103,300.0748,23.860299999999995,26.924800000000005
2022-05-26 00:00:00,25.0,89.25,296.8311,299.9605,23.681100000000015,26.810500000000047
2022-05-26 00:00:00,25.0,89.5,297.00198,299.76157,23.851980000000026,26.61157000000003
2022-05-26 00:00:00,25.0,89.75,297.53195,299.3263,24.381950000000018,26.176300000000026
2022-05-26 00:00:00,25.0,90.0,297.51816,298.73315,24.368160000000046,25.583150000000046
2022-05-26 00:00:00,24.75,85.5,295.05176,300.3385,21.901760000000024,27.188500000000033
2022-05-26 00:00:00,24.75,85.75,294.98492,300.40247,21.83492000000001,27.252470000000017
2022-05-26 00:00:00,24.75,86.0,294.98492,300.40247,21.83492000000001,27.252470000000017
2022-05-26 00:00:00,24.75,86.25,294.9143,300.6129,21.76430000000005,27.462900000000047
2022-05-26 00:00:00,24.75,86.5,295.1785,300.22754,22.028500000000008,27.07754
2022-05-26 00:00:00,24.75,86.75,295.40918,299.8453,22.259180000000015,26.69530000000003
2022-05-26 00:00:00,24.75,87.0,295.16016,299.95566,22.01016000000004,26.805660000000046
2022-05-26 00:00:00,24.75,87.25,295.3244,300.19363,22.17440000000005,27.043630000000007
2022-05-26 00:00:00,24.75,87.5,295.8377,300.4813,22.687700000000007,27.3313
2022-05-26 00:00:00,24.75,87.75,297.0212,301.37848,23.871200000000044,28.228480000000047
2022-05-26 00:00:00,24.75,88.0,298.1374,301.42712,24.987400000000036,28.277120000000025
2022-05-26 00:00:00,24.75,88.25,298.1374,301.42712,24.987400000000036,28.277120000000025
2022-05-26 00:00:00,24.75,88.5,298.0722,300.03275,24.922200000000032,26.882750000000044
2022-05-26 00:00:00,24.75,88.75,297.4058,299.47644,24.255800000000022,26.326440000000048
2022-05-26 00:00:00,24.75,89.0,297.0103,300.0748,23.860299999999995,26.924800000000005
2022-05-26 00:00:00,24.75,89.25,296.8311,299.9605,23.681100000000015,26.810500000000047
2022-05-26 00:00:00,24.75,89.5,297.00198,299.76157,23.851980000000026,26.61157000000003
2022-05-26 00:00:00,24.75,89.75,297.53195,299.3263,24.381950000000018,26.176300000000026
2022-05-26 00:00:00,24.75,90.0,297.51816,298.73315,24.368160000000046,25.583150000000046
2022-05-26 00:00:00,24.5,85.5,294.65637,299.37848,21.506370000000004,26.228480000000047
2022-05-26 00:00:00,24.5,85.75,294.2788,299.48654,21.128800000000012,26.336540000000014
2022-05-26 00:00:00,24.5,86.0,294.2788,299.48654,21.128800000000012,26.336540000000014
2022-05-26 00:00:00,24.5,86.25,294.0706,298.96417,20.920600000000036,25.814170000000047
2022-05-26 00:00:00,24.5,86.5,294.5973,298.3849,21.44730000000004,25.23490000000004
2022-05-26 00:00:00,24.5,86.75,294.81348,298.3262,21.66348000000005,25.176199999999994
2022-05-26 00:00:00,24.5,87.0,294.86783,298.46738,21.71783000000005,25.317380000000014
2022-05-26 00:00:00,24.5,87.25,294.9159,298.8996,21.765900000000045,25.749600000000044
2022-05-26 00:00:00,24.5,87.5,295.57114,299.81485,22.421140000000037,26.66485
2022-05-26 00:00:00,24.5,87.75,296.8338,301.43658,23.68380000000002,28.286580000000015
2022-05-26 00:00:00,24.5,88.0,298.03885,302.70386,24.888850000000048,29.553860000000043
2022-05-26 00:00:00,24.5,88.25,298.03885,302.70386,24.888850000000048,29.553860000000043
2022-05-26 00:00:00,24.5,88.5,298.4489,301.87842,25.298900000000003,28.72842000000003
2022-05-26 00:00:00,24.5,88.75,297.91733,300.09354,24.767330000000015,26.94354000000004
2022-05-26 00:00:00,24.5,89.0,297.19138,299.83582,24.041380000000004,26.685820000000035
2022-05-26 00:00:00,24.5,89.25,296.9303,299.383,23.78030000000001,26.233000000000004
2022-05-26 00:00:00,24.5,89.5,297.1725,300.049,24.022500000000036,26.899
2022-05-26 00:00:00,24.5,89.75,297.39368,298.89423,24.24368000000004,25.744230000000016
2022-05-26 00:00:00,24.5,90.0,296.65332,296.7828,23.50332000000003,23.63280000000003
2022-05-26 00:00:00,24.25,85.5,293.0044,297.34274,19.8544,24.192740000000015
2022-05-26 00:00:00,24.25,85.75,293.2848,297.56473,20.13480000000004,24.41473000000002
2022-05-26 00:00:00,24.25,86.0,293.2848,297.56473,20.13480000000004,24.41473000000002
2022-05-26 00:00:00,24.25,86.25,293.46017,297.6025,20.310170000000028,24.452500000000043
2022-05-26 00:00:00,24.25,86.5,293.7985,297.91385,20.648500000000013,24.763850000000048
2022-05-26 00:00:00,24.25,86.75,294.07828,298.6014,20.92828000000003,25.451400000000035
2022-05-26 00:00:00,24.25,87.0,294.49246,298.9528,21.342460000000017,25.802800000000047
2022-05-26 00:00:00,24.25,87.25,295.06705,299.61713,21.917050000000017,26.467129999999997
2022-05-26 00:00:00,24.25,87.5,295.9002,300.44373,22.750200000000007,27.29373000000004
2022-05-26 00:00:00,24.25,87.75,297.12366,301.3366,23.973659999999995,28.1866
2022-05-26 00:00:00,24.25,88.0,298.06058,302.26657,24.91058000000004,29.116570000000024
2022-05-26 00:00:00,24.25,88.25,298.06058,302.26657,24.91058000000004,29.116570000000024
2022-05-26 00:00:00,24.25,88.5,298.27927,302.22266,25.12927000000002,29.07266000000004
2022-05-26 00:00:00,24.25,88.75,298.07346,300.76953,24.923460000000034,27.619529999999997
2022-05-26 00:00:00,24.25,89.0,297.49893,299.45776,24.348929999999996,26.30776000000003
2022-05-26 00:00:00,24.25,89.25,297.21487,299.24075,24.06487000000004,26.090750000000014
2022-05-26 00:00:00,24.25,89.5,297.3638,300.3044,24.21380000000005,27.15440000000001
2022-05-26 00:00:00,24.25,89.75,297.3859,299.12766,24.235900000000015,25.977660000000014
2022-05-26 00:00:00,24.25,90.0,296.27014,297.20667,23.12014000000005,24.056669999999997
2022-05-26 00:00:00,24.0,85.5,291.59125,296.49203,18.441250000000025,23.342030000000022
2022-05-26 00:00:00,24.0,85.75,292.41974,297.54825,19.269740000000013,24.39825000000002
2022-05-26 00:00:00,24.0,86.0,292.41974,297.54825,19.269740000000013,24.39825000000002
2022-05-26 00:00:00,24.0,86.25,293.11887,298.19144,19.968870000000038,25.041440000000023
2022-05-26 00:00:00,24.0,86.5,293.63123,298.9229,20.48123000000004,25.77290000000005
2022-05-26 00:00:00,24.0,86.75,294.13272,299.60852,20.98272000000003,26.45852000000002
2022-05-26 00:00:00,24.0,87.0,294.60242,299.80722,21.452420000000018,26.657219999999995
2022-05-26 00:00:00,24.0,87.25,295.30673,300.12112,22.15673000000004,26.97112000000004
2022-05-26 00:00:00,24.0,87.5,296.21912,300.89822,23.069119999999998,27.748220000000003
2022-05-26 00:00:00,24.0,87.75,297.23145,301.68393,24.081450000000018,28.533929999999998
2022-05-26 00:00:00,24.0,88.0,297.85184,301.7802,24.701840000000004,28.630200000000002
2022-05-26 00:00:00,24.0,88.25,297.85184,301.7802,24.701840000000004,28.630200000000002
2022-05-26 00:00:00,24.0,88.5,298.01205,301.68997,24.86205000000001,28.53997000000004
2022-05-26 00:00:00,24.0,88.75,298.19888,301.95233,25.048879999999997,28.80233000000004
2022-05-26 00:00:00,24.0,89.0,298.26022,301.29565,25.110220000000027,28.145650000000046
2022-05-26 00:00:00,24.0,89.25,298.08524,299.84476,24.93524000000002,26.69476000000003
2022-05-26 00:00:00,24.0,89.5,297.95032,300.00604,24.80032,26.856040000000007
2022-05-26 00:00:00,24.0,89.75,298.15317,300.1251,25.00317000000001,26.975099999999998
2022-05-26 00:00:00,24.0,90.0,297.29642,298.51624,24.146420000000035,25.366240000000005
2022-05-26 00:00:00,23.75,85.5,291.6743,297.18176,18.52430000000004,24.03176000000002
2022-05-26 00:00:00,23.75,85.75,293.07904,298.4154,19.929040000000043,25.2654
2022-05-26 00:00:00,23.75,86.0,293.07904,298.4154,19.929040000000043,25.2654
2022-05-26 00:00:00,23.75,86.25,293.6435,299.04376,20.49350000000004,25.893760000000043
2022-05-26 00:00:00,23.75,86.5,294.2312,299.74048,21.081200000000024,26.590480000000014
2022-05-26 00:00:00,23.75,86.75,294.87616,300.4612,21.72616000000005,27.311200000000042
2022-05-26 00:00:00,23.75,87.0,295.17484,300.34863,22.02484000000004,27.198630000000037
2022-05-26 00:00:00,23.75,87.25,295.46564,300.29843,22.31564000000003,27.14843000000002
2022-05-26 00:00:00,23.75,87.5,296.09042,300.71356,22.940420000000017,27.563559999999995
2022-05-26 00:00:00,23.75,87.75,296.87717,301.20175,23.72717,28.051750000000027
2022-05-26 00:00:00,23.75,88.0,297.53198,301.31424,24.38198,28.164240000000007
2022-05-26 00:00:00,23.75,88.25,297.53198,301.31424,24.38198,28.164240000000007
2022-05-26 00:00:00,23.75,88.5,297.95117,301.0678,24.801170000000013,27.9178
2022-05-26 00:00:00,23.75,88.75,298.24127,301.10782,25.09127000000001,27.957820000000027
2022-05-26 00:00:00,23.75,89.0,298.5163,301.88547,25.366300000000024,28.73547000000002
2022-05-26 00:00:00,23.75,89.25,298.65256,302.647,25.502560000000017,29.497000000000014
2022-05-26 00:00:00,23.75,89.5,298.97098,302.98938,25.82098000000002,29.839380000000006
2022-05-26 00:00:00,23.75,89.75,298.98825,303.18542,25.838250000000016,30.035420000000045
2022-05-26 00:00:00,23.75,90.0,299.4147,303.17697,26.264700000000005,30.026970000000006
2022-05-26 00:00:00,23.5,85.5,291.6561,296.83902,18.506100000000004,23.689020000000028
2022-05-26 00:00:00,23.5,85.75,293.10876,298.282,19.95876000000004,25.132000000000005
2022-05-26 00:00:00,23.5,86.0,293.10876,298.282,19.95876000000004,25.132000000000005
2022-05-26 00:00:00,23.5,86.25,293.86227,298.63556,20.712270000000046,25.48556000000002
2022-05-26 00:00:00,23.5,86.5,294.53726,298.6885,21.387260000000026,25.5385
2022-05-26 00:00:00,23.5,86.75,294.86908,299.42105,21.71908000000002,26.271050000000002
2022-05-26 00:00:00,23.5,87.0,295.1451,299.6996,21.995100000000036,26.549599999999998
2022-05-26 00:00:00,23.5,87.25,295.51144,300.0802,22.361440000000016,26.930200000000013
2022-05-26 00:00:00,23.5,87.5,296.04755,300.5088,22.897550000000024,27.35880000000003
2022-05-26 00:00:00,23.5,87.75,296.68085,300.80032,23.530850000000044,27.650320000000022
2022-05-26 00:00:00,23.5,88.0,297.2493,300.9283,24.099300000000028,27.7783
2022-05-26 00:00:00,23.5,88.25,297.2493,300.9283,24.099300000000028,27.7783
2022-05-26 00:00:00,23.5,88.5,297.77023,300.98932,24.62023000000005,27.839320000000043
2022-05-26 00:00:00,23.5,88.75,298.30624,301.09967,25.156240000000025,27.949670000000026
2022-05-26 00:00:00,23.5,89.0,298.75967,301.1736,25.60967000000005,28.023600000000044
2022-05-26 00:00:00,23.5,89.25,299.14337,301.40918,25.993370000000027,28.259180000000015
2022-05-26 00:00:00,23.5,89.5,299.24915,301.71512,26.09915000000001,28.565120000000036
2022-05-26 00:00:00,23.5,89.75,299.30145,301.8812,26.15145000000001,28.7312
2022-05-26 00:00:00,23.5,90.0,299.79156,302.70984,26.641560000000027,29.55984000000001
2022-05-26 00:00:00,23.25,85.5,292.025,297.35074,18.875,24.200739999999996
2022-05-26 00:00:00,23.25,85.75,293.10645,298.391,19.956450000000018,25.241000000000042
2022-05-26 00:00:00,23.25,86.0,293.10645,298.391,19.956450000000018,25.241000000000042
2022-05-26 00:00:00,23.25,86.25,294.32007,299.20264,21.17007000000001,26.052639999999997
2022-05-26 00:00:00,23.25,86.5,294.77405,299.67926,21.62405000000001,26.529260000000022
2022-05-26 00:00:00,23.25,86.75,295.26303,300.1967,22.113030000000037,27.046700000000044
2022-05-26 00:00:00,23.25,87.0,295.61172,300.37134,22.461720000000014,27.221339999999998
2022-05-26 00:00:00,23.25,87.25,295.9218,300.22968,22.77180000000004,27.079679999999996
2022-05-26 00:00:00,23.25,87.5,296.35196,300.4386,23.201960000000042,27.28860000000003
2022-05-26 00:00:00,23.25,87.75,296.93445,301.02686,23.78445000000005,27.876860000000022
2022-05-26 00:00:00,23.25,88.0,297.40393,301.23193,24.253930000000025,28.08193
2022-05-26 00:00:00,23.25,88.25,297.40393,301.23193,24.253930000000025,28.08193
2022-05-26 00:00:00,23.25,88.5,297.8167,301.26834,24.66670000000005,28.118340000000046
2022-05-26 00:00:00,23.25,88.75,298.38495,301.66437,25.234950000000026,28.514370000000042
2022-05-26 00:00:00,23.25,89.0,298.8021,301.70984,25.65210000000002,28.55984000000001
2022-05-26 00:00:00,23.25,89.25,299.15607,301.7881,26.006070000000022,28.63810000000001
2022-05-26 00:00:00,23.25,89.5,299.29547,302.0504,26.145470000000046,28.900400000000047
2022-05-26 00:00:00,23.25,89.75,299.54834,302.01093,26.39834000000002,28.860929999999996
2022-05-26 00:00:00,23.25,90.0,299.46512,301.77353,26.315120000000036,28.623530000000017
2022-05-26 00:00:00,23.0,85.5,292.91385,298.23245,19.763850000000048,25.082449999999994
2022-05-26 00:00:00,23.0,85.75,293.71753,298.88568,20.567530000000033,25.735680000000002
2022-05-26 00:00:00,23.0,86.0,293.71753,298.88568,20.567530000000033,25.735680000000002
2022-05-26 00:00:00,23.0,86.25,294.68286,300.23865,21.532860000000028,27.08865000000003
2022-05-26 00:00:00,23.0,86.5,295.51035,300.8201,22.36035000000004,27.670100000000048
2022-05-26 00:00:00,23.0,86.75,296.0433,301.5901,22.89330000000001,28.44010000000003
2022-05-26 00:00:00,23.0,87.0,296.15576,301.4174,23.00576000000001,28.26740000000001
2022-05-26 00:00:00,23.0,87.25,296.35178,300.96384,23.201780000000042,27.813840000000027
2022-05-26 00:00:00,23.0,87.5,296.69165,300.93686,23.541650000000004,27.786860000000047
2022-05-26 00:00:00,23.0,87.75,297.16098,301.40515,24.010980000000018,28.255150000000015
2022-05-26 00:00:00,23.0,88.0,297.5554,301.77478,24.405400000000043,28.624780000000044
2022-05-26 00:00:00,23.0,88.25,297.5554,301.77478,24.405400000000043,28.624780000000044
2022-05-26 00:00:00,23.0,88.5,297.84824,301.88846,24.69824,28.738460000000032
2022-05-26 00:00:00,23.0,88.75,298.28195,302.05444,25.131950000000018,28.904440000000022
2022-05-26 00:00:00,23.0,89.0,298.72806,302.04837,25.57806000000005,28.89837
2022-05-26 00:00:00,23.0,89.25,299.14047,302.11484,25.990470000000016,28.964840000000038
2022-05-26 00:00:00,23.0,89.5,299.4438,302.26627,26.293800000000033,29.116270000000043
2022-05-26 00:00:00,23.0,89.75,299.55487,302.2851,26.404870000000017,29.135100000000023
2022-05-26 00:00:00,23.0,90.0,299.59174,302.13705,26.44174000000004,28.98705000000001
2022-05-26 00:00:00,22.75,85.5,293.2226,298.85995,20.072600000000023,25.70995000000005
2022-05-26 00:00:00,22.75,85.75,293.79654,299.384,20.646540000000016,26.234000000000037
2022-05-26 00:00:00,22.75,86.0,293.79654,299.384,20.646540000000016,26.234000000000037
2022-05-26 00:00:00,22.75,86.25,294.6212,300.34454,21.47120000000001,27.194540000000018
2022-05-26 00:00:00,22.75,86.5,295.51935,301.0625,22.369349999999997,27.912500000000023
2022-05-26 00:00:00,22.75,86.75,296.19672,301.8027,23.04672000000005,28.65270000000004
2022-05-26 00:00:00,22.75,87.0,296.63464,301.70224,23.484640000000013,28.55224000000004
2022-05-26 00:00:00,22.75,87.25,296.89124,301.44754,23.741240000000005,28.297540000000026
2022-05-26 00:00:00,22.75,87.5,297.2156,301.6383,24.065600000000018,28.488300000000038
2022-05-26 00:00:00,22.75,87.75,297.5955,302.1273,24.445500000000038,28.977300000000014
2022-05-26 00:00:00,22.75,88.0,297.91708,302.28113,24.76708000000002,29.13113000000004
2022-05-26 00:00:00,22.75,88.25,297.91708,302.28113,24.76708000000002,29.13113000000004
2022-05-26 00:00:00,22.75,88.5,298.3291,302.4008,25.179100000000005,29.250800000000027
2022-05-26 00:00:00,22.75,88.75,298.84378,302.82742,25.693780000000004,29.67742000000004
2022-05-26 00:00:00,22.75,89.0,299.26917,302.99292,26.119169999999997,29.84292000000005
2022-05-26 00:00:00,22.75,89.25,299.61404,302.5812,26.46404000000001,29.431200000000047
2022-05-26 00:00:00,22.75,89.5,299.82883,302.38138,26.678830000000005,29.23138
2022-05-26 00:00:00,22.75,89.75,299.8312,302.75726,26.681200000000047,29.607259999999997
2022-05-26 00:00:00,22.75,90.0,299.87546,302.95074,26.725459999999998,29.80074000000002
2022-05-26 00:00:00,22.5,85.5,293.2226,298.85995,20.072600000000023,25.70995000000005
2022-05-26 00:00:00,22.5,85.75,293.79654,299.384,20.646540000000016,26.234000000000037
2022-05-26 00:00:00,22.5,86.0,293.79654,299.384,20.646540000000016,26.234000000000037
2022-05-26 00:00:00,22.5,86.25,294.6212,300.34454,21.47120000000001,27.194540000000018
2022-05-26 00:00:00,22.5,86.5,295.51935,301.0625,22.369349999999997,27.912500000000023
2022-05-26 00:00:00,22.5,86.75,296.19672,301.8027,23.04672000000005,28.65270000000004
2022-05-26 00:00:00,22.5,87.0,296.63464,301.70224,23.484640000000013,28.55224000000004
2022-05-26 00:00:00,22.5,87.25,296.89124,301.44754,23.741240000000005,28.297540000000026
2022-05-26 00:00:00,22.5,87.5,297.2156,301.6383,24.065600000000018,28.488300000000038
2022-05-26 00:00:00,22.5,87.75,297.5955,302.1273,24.445500000000038,28.977300000000014
2022-05-26 00:00:00,22.5,88.0,297.91708,302.28113,24.76708000000002,29.13113000000004
2022-05-26 00:00:00,22.5,88.25,297.91708,302.28113,24.76708000000002,29.13113000000004
2022-05-26 00:00:00,22.5,88.5,298.3291,302.4008,25.179100000000005,29.250800000000027
2022-05-26 00:00:00,22.5,88.75,298.84378,302.82742,25.693780000000004,29.67742000000004
2022-05-26 00:00:00,22.5,89.0,299.26917,302.99292,26.119169999999997,29.84292000000005
2022-05-26 00:00:00,22.5,89.25,299.61404,302.5812,26.46404000000001,29.431200000000047
2022-05-26 00:00:00,22.5,89.5,299.82883,302.38138,26.678830000000005,29.23138
2022-05-26 00:00:00,22.5,89.75,299.8312,302.75726,26.681200000000047,29.607259999999997
2022-05-26 00:00:00,22.5,90.0,299.87546,302.95074,26.725459999999998,29.80074000000002
2022-05-26 00:00:00,22.25,85.5,292.99963,297.30853,19.849630000000047,24.15853000000004
2022-05-26 00:00:00,22.25,85.75,293.445,297.9649,20.295000000000016,24.814900000000023
2022-05-26 00:00:00,22.25,86.0,293.445,297.9649,20.295000000000016,24.814900000000023
2022-05-26 00:00:00,22.25,86.25,294.06454,298.75467,20.914540000000045,25.60467
2022-05-26 00:00:00,22.25,86.5,294.549,300.22452,21.399,27.074520000000007
2022-05-26 00:00:00,22.25,86.75,295.8425,301.93893,22.692499999999995,28.78893000000005
2022-05-26 00:00:00,22.25,87.0,296.79233,302.14142,23.642330000000015,28.991420000000005
2022-05-26 00:00:00,22.25,87.25,297.17703,301.96936,24.027030000000025,28.819360000000017
2022-05-26 00:00:00,22.25,87.5,297.42596,302.16995,24.275959999999998,29.019949999999994
2022-05-26 00:00:00,22.25,87.75,297.99753,302.7821,24.847530000000006,29.632100000000037
2022-05-26 00:00:00,22.25,88.0,298.15164,302.79367,25.00164000000001,29.643670000000043
2022-05-26 00:00:00,22.25,88.25,298.15164,302.79367,25.00164000000001,29.643670000000043
2022-05-26 00:00:00,22.25,88.5,298.3092,302.67606,25.1592,29.52606000000003
2022-05-26 00:00:00,22.25,88.75,298.78625,302.9753,25.636250000000018,29.825300000000027
2022-05-26 00:00:00,22.25,89.0,299.24765,303.1339,26.097650000000044,29.983900000000006
2022-05-26 00:00:00,22.25,89.25,299.496,302.98663,26.346000000000004,29.836630000000014
2022-05-26 00:00:00,22.25,89.5,299.69562,302.99405,26.545620000000042,29.84405000000004
2022-05-26 00:00:00,22.25,89.75,300.05685,303.03738,26.90685000000002,29.887380000000007
2022-05-26 00:00:00,22.25,90.0,300.2842,303.03867,27.13420000000002,29.888670000000047
2022-05-26 00:00:00,22.0,85.5,292.094,297.14694,18.944000000000017,23.996939999999995
2022-05-26 00:00:00,22.0,85.75,292.89267,297.87976,19.742670000000032,24.72976
2022-05-26 00:00:00,22.0,86.0,292.89267,297.87976,19.742670000000032,24.72976
2022-05-26 00:00:00,22.0,86.25,293.3423,297.54868,20.192300000000046,24.398680000000013
2022-05-26 00:00:00,22.0,86.5,293.90527,299.08185,20.755269999999996,25.931849999999997
2022-05-26 00:00:00,22.0,86.75,295.81277,301.4565,22.662770000000023,28.306500000000028
2022-05-26 00:00:00,22.0,87.0,297.05823,302.13046,23.908230000000003,28.98046000000005
2022-05-26 00:00:00,22.0,87.25,297.46384,302.33035,24.313840000000027,29.180350000000033
2022-05-26 00:00:00,22.0,87.5,297.69275,302.73602,24.542750000000012,29.58602000000002
2022-05-26 00:00:00,22.0,87.75,298.18643,303.0566,25.036429999999996,29.906600000000026
2022-05-26 00:00:00,22.0,88.0,298.6022,303.30823,25.452200000000005,30.158230000000003
2022-05-26 00:00:00,22.0,88.25,298.6022,303.30823,25.452200000000005,30.158230000000003
2022-05-26 00:00:00,22.0,88.5,298.9589,303.11353,25.80890000000005,29.96353000000005
2022-05-26 00:00:00,22.0,88.75,299.2186,303.1098,26.068600000000004,29.95980000000003
2022-05-26 00:00:00,22.0,89.0,299.30884,303.25717,26.158839999999998,30.107169999999996
2022-05-26 00:00:00,22.0,89.25,299.5233,302.99896,26.37330000000003,29.848960000000034
2022-05-26 00:00:00,22.0,89.5,299.98273,302.8412,26.832730000000026,29.691200000000038
2022-05-26 00:00:00,22.0,89.75,300.4583,302.99442,27.30830000000003,29.844420000000014
2022-05-26 00:00:00,22.0,90.0,300.84293,303.1868,27.692930000000047,30.036800000000028
2022-05-26 00:00:00,21.75,85.5,291.70953,297.56747,18.559529999999995,24.417470000000037
2022-05-26 00:00:00,21.75,85.75,292.62674,297.90173,19.476740000000007,24.75173000000001
2022-05-26 00:00:00,21.75,86.0,292.62674,297.90173,19.476740000000007,24.75173000000001
2022-05-26 00:00:00,21.75,86.25,292.66125,297.23245,19.511250000000018,24.082449999999994
2022-05-26 00:00:00,21.75,86.5,293.9235,297.7657,20.773500000000013,24.615700000000004
2022-05-26 00:00:00,21.75,86.75,296.2036,300.60132,23.053600000000017,27.45132000000001
2022-05-26 00:00:00,21.75,87.0,297.4651,301.9145,24.31510000000003,28.764499999999998
2022-05-26 00:00:00,21.75,87.25,297.86514,302.55405,24.71514000000002,29.40405000000004
2022-05-26 00:00:00,21.75,87.5,298.208,302.9827,25.05800000000005,29.832700000000045
2022-05-26 00:00:00,21.75,87.75,299.48508,302.76816,26.335080000000005,29.618160000000046
2022-05-26 00:00:00,21.75,88.0,299.64822,302.69946,26.498220000000003,29.54946000000001
2022-05-26 00:00:00,21.75,88.25,299.64822,302.69946,26.498220000000003,29.54946000000001
2022-05-26 00:00:00,21.75,88.5,300.27866,302.21555,27.128660000000025,29.06555000000003
2022-05-26 00:00:00,21.75,88.75,300.32562,302.06253,27.175620000000038,28.912530000000004
2022-05-26 00:00:00,21.75,89.0,299.46097,301.90567,26.310969999999998,28.75567000000001
2022-05-26 00:00:00,21.75,89.25,300.25266,301.3094,27.102660000000014,28.159400000000005
2022-05-26 00:00:00,21.75,89.5,301.9707,301.32428,28.820700000000045,28.17428000000001
2022-05-26 00:00:00,21.75,89.75,302.46375,301.50378,29.313750000000027,28.35378000000003
2022-05-26 00:00:00,21.75,90.0,302.68033,301.4875,29.53033000000005,28.337500000000034
2022-05-26 00:00:00,21.5,85.5,291.34668,296.60458,18.196680000000015,23.45458000000002
2022-05-26 00:00:00,21.5,85.75,292.45526,299.18582,19.305260000000033,26.03582
2022-05-26 00:00:00,21.5,86.0,292.45526,299.18582,19.305260000000033,26.03582
2022-05-26 00:00:00,21.5,86.25,293.73877,299.7507,20.58877000000001,26.600700000000018
2022-05-26 00:00:00,21.5,86.5,295.06357,300.74072,21.91357000000005,27.590720000000033
2022-05-26 00:00:00,21.5,86.75,296.75543,301.87473,23.605430000000013,28.724730000000022
2022-05-26 00:00:00,21.5,87.0,299.2502,301.71338,26.10020000000003,28.563379999999995
2022-05-26 00:00:00,21.5,87.25,299.91263,301.70645,26.76263,28.55645000000004
2022-05-26 00:00:00,21.5,87.5,299.85333,301.7822,26.70333000000005,28.63220000000001
2022-05-26 00:00:00,21.5,87.75,299.98645,301.7127,26.836450000000013,28.562700000000007
2022-05-26 00:00:00,21.5,88.0,300.30743,301.81714,27.157430000000033,28.667140000000018
2022-05-26 00:00:00,21.5,88.25,300.30743,301.81714,27.157430000000033,28.667140000000018
2022-05-26 00:00:00,21.5,88.5,300.7112,301.61356,27.561200000000042,28.46356000000003
2022-05-26 00:00:00,21.5,88.75,301.02307,301.40344,27.87307000000004,28.253440000000012
2022-05-26 00:00:00,21.5,89.0,301.24133,301.40613,28.091330000000028,28.25613000000004
2022-05-26 00:00:00,21.5,89.25,301.57303,301.45166,28.42303000000004,28.301660000000027
2022-05-26 00:00:00,21.5,89.5,302.01273,301.5842,28.86273,28.434200000000033
2022-05-26 00:00:00,21.5,89.75,302.32156,301.59708,29.17156,28.447080000000028
2022-05-26 00:00:00,21.5,90.0,302.4307,301.50757,29.280700000000024,28.35757000000001
2022-05-26 00:00:00,21.25,85.5,292.38422,298.19696,19.23422000000005,25.046960000000013
2022-05-26 00:00:00,21.25,85.75,293.53946,300.6155,20.389460000000042,27.46550000000002
2022-05-26 00:00:00,21.25,86.0,293.53946,300.6155,20.389460000000042,27.46550000000002
2022-05-26 00:00:00,21.25,86.25,295.01608,302.67468,21.86608000000001,29.524680000000046
2022-05-26 00:00:00,21.25,86.5,295.91644,302.5516,22.766440000000046,29.40160000000003
2022-05-26 00:00:00,21.25,86.75,297.72357,303.04422,24.573570000000018,29.89422000000002
2022-05-26 00:00:00,21.25,87.0,299.4103,301.90503,26.26030000000003,28.755030000000033
2022-05-26 00:00:00,21.25,87.25,299.95667,301.52194,26.806669999999997,28.371939999999995
2022-05-26 00:00:00,21.25,87.5,300.06403,301.68283,26.914030000000025,28.532830000000047
2022-05-26 00:00:00,21.25,87.75,300.38467,301.82187,27.23467000000005,28.671870000000013
2022-05-26 00:00:00,21.25,88.0,300.82535,301.85654,27.675350000000037,28.706540000000018
2022-05-26 00:00:00,21.25,88.25,300.82535,301.85654,27.675350000000037,28.706540000000018
2022-05-26 00:00:00,21.25,88.5,301.09207,301.6963,27.94207,28.54630000000003
2022-05-26 00:00:00,21.25,88.75,301.2738,301.62143,28.123800000000017,28.471429999999998
2022-05-26 00:00:00,21.25,89.0,301.41418,301.6809,28.26418000000001,28.53090000000003
2022-05-26 00:00:00,21.25,89.25,301.48495,301.65475,28.33495000000005,28.50475
2022-05-26 00:00:00,21.25,89.5,301.67062,301.56934,28.520620000000008,28.419340000000034
2022-05-26 00:00:00,21.25,89.75,301.9943,301.51202,28.844300000000032,28.36202000000003
2022-05-26 00:00:00,21.25,90.0,302.24448,301.49585,29.094480000000033,28.34585000000004
2022-05-26 00:00:00,21.0,85.5,293.74728,300.6603,20.597280000000012,27.51030000000003
2022-05-26 00:00:00,21.0,85.75,294.5614,301.14716,21.411400000000015,27.997160000000008
2022-05-26 00:00:00,21.0,86.0,294.5614,301.14716,21.411400000000015,27.997160000000008
2022-05-26 00:00:00,21.0,86.25,295.67728,302.3572,22.52728000000002,29.2072
2022-05-26 00:00:00,21.0,86.5,296.50772,302.3562,23.35772000000003,29.206200000000024
2022-05-26 00:00:00,21.0,86.75,297.48123,302.41663,24.331230000000005,29.26663000000002
2022-05-26 00:00:00,21.0,87.0,299.16663,301.8581,26.01663000000002,28.7081
2022-05-26 00:00:00,21.0,87.25,299.7384,301.57297,26.588400000000036,28.42297000000002
2022-05-26 00:00:00,21.0,87.5,300.08618,301.73206,26.936180000000036,28.582060000000013
2022-05-26 00:00:00,21.0,87.75,300.55176,301.81064,27.401760000000024,28.66064
2022-05-26 00:00:00,21.0,88.0,300.95212,301.76706,27.802120000000002,28.617060000000038
2022-05-26 00:00:00,21.0,88.25,300.95212,301.76706,27.802120000000002,28.617060000000038
2022-05-26 00:00:00,21.0,88.5,301.12958,301.60864,27.97958,28.458640000000003
2022-05-26 00:00:00,21.0,88.75,301.2252,301.52066,28.075199999999995,28.370660000000044
2022-05-26 00:00:00,21.0,89.0,301.35468,301.5817,28.204679999999996,28.431700000000035
2022-05-26 00:00:00,21.0,89.25,301.4395,301.57904,28.289500000000032,28.429040000000043
2022-05-26 00:00:00,21.0,89.5,301.5731,301.46466,28.423100000000034,28.314660000000003
2022-05-26 00:00:00,21.0,89.75,301.90372,301.4368,28.753720000000044,28.286800000000028
2022-05-26 00:00:00,21.0,90.0,302.205,301.4942,29.055000000000007,28.3442
2022-05-26 01:00:00,27.5,85.5,302.1209,296.3957,28.97090000000003,23.2457
2022-05-26 01:00:00,27.5,85.75,300.2669,295.31796,27.116900000000044,22.16796000000005
2022-05-26 01:00:00,27.5,86.0,300.2669,295.31796,27.116900000000044,22.16796000000005
2022-05-26 01:00:00,27.5,86.25,298.01123,293.36322,24.861230000000035,20.213220000000035
2022-05-26 01:00:00,27.5,86.5,296.4834,292.4947,23.33340000000004,19.344700000000046
2022-05-26 01:00:00,27.5,86.75,296.18835,292.12595,23.038350000000037,18.97595000000001
2022-05-26 01:00:00,27.5,87.0,295.79047,291.70715,22.64047000000005,18.557150000000036
2022-05-26 01:00:00,27.5,87.25,294.7657,291.6788,21.615700000000004,18.528800000000047
2022-05-26 01:00:00,27.5,87.5,292.88702,291.0801,19.73702000000003,17.93010000000004
2022-05-26 01:00:00,27.5,87.75,290.6929,288.89117,17.54290000000003,15.741170000000011
2022-05-26 01:00:00,27.5,88.0,290.27924,287.69296,17.12924000000004,14.54296000000005
2022-05-26 01:00:00,27.5,88.25,290.27924,287.69296,17.12924000000004,14.54296000000005
2022-05-26 01:00:00,27.5,88.5,292.47266,289.64212,19.32266000000004,16.49212
2022-05-26 01:00:00,27.5,88.75,294.47675,290.9118,21.326750000000004,17.76180000000005
2022-05-26 01:00:00,27.5,89.0,294.24023,287.98215,21.09023000000002,14.832150000000013
2022-05-26 01:00:00,27.5,89.25,294.73257,286.2189,21.582570000000032,13.068900000000042
2022-05-26 01:00:00,27.5,89.5,296.38104,288.78473,23.231040000000007,15.634730000000047
2022-05-26 01:00:00,27.5,89.75,295.75775,290.08557,22.60775000000001,16.93557000000004
2022-05-26 01:00:00,27.5,90.0,295.2073,291.39896,22.057299999999998,18.24896000000001
2022-05-26 01:00:00,27.25,85.5,306.32465,301.1996,33.17465000000004,28.049599999999998
2022-05-26 01:00:00,27.25,85.75,305.65927,300.2016,32.509270000000015,27.051600000000008
2022-05-26 01:00:00,27.25,86.0,305.65927,300.2016,32.509270000000015,27.051600000000008
2022-05-26 01:00:00,27.25,86.25,303.74377,299.2935,30.593770000000006,26.143500000000017
2022-05-26 01:00:00,27.25,86.5,302.68558,298.3708,29.53558000000004,25.220799999999997
2022-05-26 01:00:00,27.25,86.75,301.86356,297.5628,28.71356000000003,24.412800000000004
2022-05-26 01:00:00,27.25,87.0,300.23358,296.12823,27.08358000000004,22.978229999999996
2022-05-26 01:00:00,27.25,87.25,298.33643,295.18622,25.18643000000003,22.036220000000014
2022-05-26 01:00:00,27.25,87.5,296.42725,294.21115,23.277250000000038,21.061149999999998
2022-05-26 01:00:00,27.25,87.75,294.60416,292.45325,21.45416,19.303250000000048
2022-05-26 01:00:00,27.25,88.0,294.58414,292.05826,21.434140000000014,18.90826000000004
2022-05-26 01:00:00,27.25,88.25,294.58414,292.05826,21.434140000000014,18.90826000000004
2022-05-26 01:00:00,27.25,88.5,297.07196,294.50223,23.921960000000013,21.35223000000002
2022-05-26 01:00:00,27.25,88.75,299.40677,296.28357,26.256770000000017,23.13357000000002
2022-05-26 01:00:00,27.25,89.0,299.84247,294.70377,26.692470000000014,21.553770000000043
2022-05-26 01:00:00,27.25,89.25,300.4695,293.91687,27.319500000000005,20.76687000000004
2022-05-26 01:00:00,27.25,89.5,300.99612,293.42166,27.84612000000004,20.271659999999997
2022-05-26 01:00:00,27.25,89.75,300.71237,292.78513,27.562370000000044,19.635130000000004
2022-05-26 01:00:00,27.25,90.0,301.82263,295.08685,28.672630000000026,21.93685000000005
2022-05-26 01:00:00,27.0,85.5,306.32465,301.1996,33.17465000000004,28.049599999999998
2022-05-26 01:00:00,27.0,85.75,305.65927,300.2016,32.509270000000015,27.051600000000008
2022-05-26 01:00:00,27.0,86.0,305.65927,300.2016,32.509270000000015,27.051600000000008
2022-05-26 01:00:00,27.0,86.25,303.74377,299.2935,30.593770000000006,26.143500000000017
2022-05-26 01:00:00,27.0,86.5,302.68558,298.3708,29.53558000000004,25.220799999999997
2022-05-26 01:00:00,27.0,86.75,301.86356,297.5628,28.71356000000003,24.412800000000004
2022-05-26 01:00:00,27.0,87.0,300.23358,296.12823,27.08358000000004,22.978229999999996
2022-05-26 01:00:00,27.0,87.25,298.33643,295.18622,25.18643000000003,22.036220000000014
2022-05-26 01:00:00,27.0,87.5,296.42725,294.21115,23.277250000000038,21.061149999999998
2022-05-26 01:00:00,27.0,87.75,294.60416,292.45325,21.45416,19.303250000000048
2022-05-26 01:00:00,27.0,88.0,294.58414,292.05826,21.434140000000014,18.90826000000004
2022-05-26 01:00:00,27.0,88.25,294.58414,292.05826,21.434140000000014,18.90826000000004
2022-05-26 01:00:00,27.0,88.5,297.07196,294.50223,23.921960000000013,21.35223000000002
2022-05-26 01:00:00,27.0,88.75,299.40677,296.28357,26.256770000000017,23.13357000000002
2022-05-26 01:00:00,27.0,89.0,299.84247,294.70377,26.692470000000014,21.553770000000043
2022-05-26 01:00:00,27.0,89.25,300.4695,293.91687,27.319500000000005,20.76687000000004
2022-05-26 01:00:00,27.0,89.5,300.99612,293.42166,27.84612000000004,20.271659999999997
2022-05-26 01:00:00,27.0,89.75,300.71237,292.78513,27.562370000000044,19.635130000000004
2022-05-26 01:00:00,27.0,90.0,301.82263,295.08685,28.672630000000026,21.93685000000005
2022-05-26 01:00:00,26.75,85.5,308.33423,303.64142,35.184230000000014,30.491420000000005
2022-05-26 01:00:00,26.75,85.75,308.59665,303.3413,35.446650000000034,30.191300000000012
2022-05-26 01:00:00,26.75,86.0,308.59665,303.3413,35.446650000000034,30.191300000000012
2022-05-26 01:00:00,26.75,86.25,308.6526,303.52438,35.50260000000003,30.37438000000003
2022-05-26 01:00:00,26.75,86.5,307.8875,303.08948,34.73750000000001,29.939480000000003
2022-05-26 01:00:00,26.75,86.75,306.4842,302.27524,33.33420000000001,29.12524000000002
2022-05-26 01:00:00,26.75,87.0,304.69168,300.7828,31.541680000000042,27.63280000000003
2022-05-26 01:00:00,26.75,87.25,302.3837,298.75986,29.2337,25.609860000000026
2022-05-26 01:00:00,26.75,87.5,299.7376,296.92365,26.58760000000001,23.773650000000032
2022-05-26 01:00:00,26.75,87.75,298.36737,296.33008,25.217370000000017,23.180080000000032
2022-05-26 01:00:00,26.75,88.0,299.1921,297.61032,26.042100000000005,24.460320000000024
2022-05-26 01:00:00,26.75,88.25,299.1921,297.61032,26.042100000000005,24.460320000000024
2022-05-26 01:00:00,26.75,88.5,301.44266,299.73874,28.292660000000012,26.58874000000003
2022-05-26 01:00:00,26.75,88.75,303.46,300.78873,30.310000000000002,27.63873000000001
2022-05-26 01:00:00,26.75,89.0,304.13266,300.62183,30.98266000000001,27.47183000000001
2022-05-26 01:00:00,26.75,89.25,304.6082,300.48135,31.458200000000033,27.331350000000043
2022-05-26 01:00:00,26.75,89.5,304.70068,299.23062,31.55068,26.08062000000001
2022-05-26 01:00:00,26.75,89.75,304.40982,297.78894,31.259820000000047,24.638940000000048
2022-05-26 01:00:00,26.75,90.0,305.3122,299.28214,32.16220000000004,26.13214000000005
2022-05-26 01:00:00,26.5,85.5,309.51047,304.38052,36.36047000000002,31.230520000000013
2022-05-26 01:00:00,26.5,85.75,309.37473,304.40912,36.22473000000002,31.259119999999996
2022-05-26 01:00:00,26.5,86.0,309.37473,304.40912,36.22473000000002,31.259119999999996
2022-05-26 01:00:00,26.5,86.25,309.6225,304.22888,36.472500000000025,31.078880000000026
2022-05-26 01:00:00,26.5,86.5,309.3502,303.55362,36.200199999999995,30.403620000000046
2022-05-26 01:00:00,26.5,86.75,308.15906,303.01028,35.009060000000034,29.860280000000046
2022-05-26 01:00:00,26.5,87.0,307.3945,302.56958,34.244500000000016,29.419579999999996
2022-05-26 01:00:00,26.5,87.25,305.91776,301.53162,32.76776000000001,28.381619999999998
2022-05-26 01:00:00,26.5,87.5,303.81723,300.39484,30.667230000000018,27.24484000000001
2022-05-26 01:00:00,26.5,87.75,302.80002,300.73102,29.65002000000004,27.581020000000024
2022-05-26 01:00:00,26.5,88.0,303.35553,301.68387,30.20553000000001,28.533870000000036
2022-05-26 01:00:00,26.5,88.25,303.35553,301.68387,30.20553000000001,28.533870000000036
2022-05-26 01:00:00,26.5,88.5,304.42215,301.93936,31.27215000000001,28.789360000000045
2022-05-26 01:00:00,26.5,88.75,304.84286,302.04666,31.692859999999996,28.896659999999997
2022-05-26 01:00:00,26.5,89.0,304.28784,302.0009,31.13784000000004,28.850900000000024
2022-05-26 01:00:00,26.5,89.25,303.83475,301.87177,30.684750000000008,28.72177000000005
2022-05-26 01:00:00,26.5,89.5,303.66656,302.0205,30.516560000000027,28.87050000000005
2022-05-26 01:00:00,26.5,89.75,303.51968,301.66428,30.369680000000017,28.514280000000042
2022-05-26 01:00:00,26.5,90.0,303.43863,301.35748,30.288630000000012,28.207480000000032
2022-05-26 01:00:00,26.25,85.5,309.9305,304.51794,36.78050000000002,31.367940000000033
2022-05-26 01:00:00,26.25,85.75,310.12585,304.68997,36.97585000000004,31.53997000000004
2022-05-26 01:00:00,26.25,86.0,310.12585,304.68997,36.97585000000004,31.53997000000004
2022-05-26 01:00:00,26.25,86.25,310.16162,304.07648,37.01162000000005,30.926480000000026
2022-05-26 01:00:00,26.25,86.5,309.2549,303.30048,36.10490000000004,30.150480000000016
2022-05-26 01:00:00,26.25,86.75,308.3493,302.2322,35.19930000000005,29.0822
2022-05-26 01:00:00,26.25,87.0,307.43655,301.10373,34.286550000000034,27.953730000000007
2022-05-26 01:00:00,26.25,87.25,306.30875,301.31192,33.15875,28.16192000000001
2022-05-26 01:00:00,26.25,87.5,305.26865,301.95016,32.11865,28.800160000000005
2022-05-26 01:00:00,26.25,87.75,304.59915,302.06464,31.44915000000003,28.91464000000002
2022-05-26 01:00:00,26.25,88.0,304.54517,301.81015,31.395170000000007,28.660150000000044
2022-05-26 01:00:00,26.25,88.25,304.54517,301.81015,31.395170000000007,28.660150000000044
2022-05-26 01:00:00,26.25,88.5,305.03107,301.65707,31.881070000000022,28.50707
2022-05-26 01:00:00,26.25,88.75,305.07007,301.67133,31.92007000000001,28.521330000000034
2022-05-26 01:00:00,26.25,89.0,303.84805,301.41815,30.698050000000023,28.26815000000005
2022-05-26 01:00:00,26.25,89.25,302.34952,300.9638,29.199520000000007,27.813800000000015
2022-05-26 01:00:00,26.25,89.5,301.12076,301.11002,27.97076000000004,27.960020000000043
2022-05-26 01:00:00,26.25,89.75,300.2189,301.03372,27.068900000000042,27.88372000000004
2022-05-26 01:00:00,26.25,90.0,299.71194,300.82196,26.56194000000005,27.671960000000013
2022-05-26 01:00:00,26.0,85.5,310.27762,305.48502,37.127620000000036,32.33502000000004
2022-05-26 01:00:00,26.0,85.75,310.25534,305.35364,37.10534000000001,32.20364000000001
2022-05-26 01:00:00,26.0,86.0,310.25534,305.35364,37.10534000000001,32.20364000000001
2022-05-26 01:00:00,26.0,86.25,310.3798,304.756,37.22980000000001,31.605999999999995
2022-05-26 01:00:00,26.0,86.5,309.8162,304.3389,36.6662,31.188900000000046
2022-05-26 01:00:00,26.0,86.75,309.34622,303.12506,36.19622000000004,29.975060000000042
2022-05-26 01:00:00,26.0,87.0,308.28595,301.94983,35.13595000000004,28.799830000000043
2022-05-26 01:00:00,26.0,87.25,307.21823,302.19827,34.06823000000003,29.048270000000002
2022-05-26 01:00:00,26.0,87.5,306.40887,302.90918,33.25887,29.759180000000015
2022-05-26 01:00:00,26.0,87.75,305.57202,302.8988,32.42202000000003,29.748800000000017
2022-05-26 01:00:00,26.0,88.0,305.1662,302.42416,32.016200000000026,29.274159999999995
2022-05-26 01:00:00,26.0,88.25,305.1662,302.42416,32.016200000000026,29.274159999999995
2022-05-26 01:00:00,26.0,88.5,305.52646,302.1161,32.37646000000001,28.96610000000004
2022-05-26 01:00:00,26.0,88.75,305.86334,302.13605,32.71334000000002,28.986050000000034
2022-05-26 01:00:00,26.0,89.0,305.42908,302.2219,32.27908000000002,29.071900000000028
2022-05-26 01:00:00,26.0,89.25,304.23688,301.58826,31.086880000000008,28.438260000000014
2022-05-26 01:00:00,26.0,89.5,302.99164,300.83444,29.84164000000004,27.684439999999995
2022-05-26 01:00:00,26.0,89.75,301.32993,300.01392,28.179930000000013,26.863920000000007
2022-05-26 01:00:00,26.0,90.0,300.47324,301.05823,27.32324,27.908230000000003
2022-05-26 01:00:00,25.75,85.5,310.13177,305.7317,36.98177000000004,32.58170000000001
2022-05-26 01:00:00,25.75,85.75,310.27167,305.77383,37.121669999999995,32.62383
2022-05-26 01:00:00,25.75,86.0,310.27167,305.77383,37.121669999999995,32.62383
2022-05-26 01:00:00,25.75,86.25,310.21536,305.59793,37.06536,32.44793000000004
2022-05-26 01:00:00,25.75,86.5,309.98596,305.18268,36.83596,32.03268000000003
2022-05-26 01:00:00,25.75,86.75,309.37082,303.6251,36.22082,30.475099999999998
2022-05-26 01:00:00,25.75,87.0,308.4284,302.41315,35.27840000000003,29.263149999999996
2022-05-26 01:00:00,25.75,87.25,307.37097,301.9429,34.22097000000002,28.79290000000003
2022-05-26 01:00:00,25.75,87.5,306.3699,302.19247,33.219899999999996,29.042470000000037
2022-05-26 01:00:00,25.75,87.75,305.75406,302.61392,32.604060000000004,29.46392000000003
2022-05-26 01:00:00,25.75,88.0,305.5857,302.5984,32.4357,29.44840000000005
2022-05-26 01:00:00,25.75,88.25,305.5857,302.5984,32.4357,29.44840000000005
2022-05-26 01:00:00,25.75,88.5,305.62125,302.18988,32.47125,29.03988000000004
2022-05-26 01:00:00,25.75,88.75,305.71045,301.81952,32.56045,28.669520000000034
2022-05-26 01:00:00,25.75,89.0,305.79904,301.3282,32.649040000000014,28.178200000000004
2022-05-26 01:00:00,25.75,89.25,305.64493,300.16888,32.49493000000001,27.018880000000024
2022-05-26 01:00:00,25.75,89.5,304.62326,299.6522,31.47326000000004,26.502200000000016
2022-05-26 01:00:00,25.75,89.75,303.06668,300.1251,29.916680000000042,26.975099999999998
2022-05-26 01:00:00,25.75,90.0,300.95526,299.6866,27.805260000000033,26.53660000000002
2022-05-26 01:00:00,25.5,85.5,310.21106,305.87152,37.06106,32.72152
2022-05-26 01:00:00,25.5,85.75,310.36893,305.99576,37.21893,32.84576000000004
2022-05-26 01:00:00,25.5,86.0,310.36893,305.99576,37.21893,32.84576000000004
2022-05-26 01:00:00,25.5,86.25,310.36392,305.7555,37.21392000000003,32.605500000000006
2022-05-26 01:00:00,25.5,86.5,310.22903,305.69543,37.079030000000046,32.54543000000001
2022-05-26 01:00:00,25.5,86.75,309.81784,304.4824,36.66784000000001,31.332400000000007
2022-05-26 01:00:00,25.5,87.0,309.32367,303.52914,36.173670000000016,30.379140000000007
2022-05-26 01:00:00,25.5,87.25,308.80695,302.90637,35.656949999999995,29.756370000000004
2022-05-26 01:00:00,25.5,87.5,308.0598,302.6811,34.90980000000002,29.531100000000038
2022-05-26 01:00:00,25.5,87.75,307.19534,302.81897,34.04534000000001,29.66897
2022-05-26 01:00:00,25.5,88.0,306.61288,302.75458,33.46288000000004,29.60458
2022-05-26 01:00:00,25.5,88.25,306.61288,302.75458,33.46288000000004,29.60458
2022-05-26 01:00:00,25.5,88.5,306.29276,302.01245,33.14276000000001,28.862450000000024
2022-05-26 01:00:00,25.5,88.75,305.95175,300.9845,32.80175000000003,27.834500000000048
2022-05-26 01:00:00,25.5,89.0,305.7155,300.2513,32.56550000000004,27.101300000000037
2022-05-26 01:00:00,25.5,89.25,305.54184,299.6024,32.39184,26.45240000000001
2022-05-26 01:00:00,25.5,89.5,304.89102,299.98618,31.74102000000005,26.836180000000013
2022-05-26 01:00:00,25.5,89.75,303.69104,301.10568,30.54104000000001,27.95568000000003
2022-05-26 01:00:00,25.5,90.0,301.43164,299.7981,28.28164000000004,26.6481
2022-05-26 01:00:00,25.25,85.5,310.36374,305.39438,37.21374000000003,32.244380000000035
2022-05-26 01:00:00,25.25,85.75,310.61334,305.66544,37.46334000000002,32.51544000000001
2022-05-26 01:00:00,25.25,86.0,310.61334,305.66544,37.46334000000002,32.51544000000001
2022-05-26 01:00:00,25.25,86.25,310.3622,305.70096,37.212199999999996,32.55096000000003
2022-05-26 01:00:00,25.25,86.5,309.83527,305.52863,36.68527,32.378630000000044
2022-05-26 01:00:00,25.25,86.75,309.7683,305.58826,36.61830000000003,32.438260000000014
2022-05-26 01:00:00,25.25,87.0,310.00766,305.68893,36.85766000000001,32.53893000000005
2022-05-26 01:00:00,25.25,87.25,309.87512,305.3705,36.725120000000004,32.220500000000015
2022-05-26 01:00:00,25.25,87.5,309.32657,304.48703,36.17657000000003,31.337030000000027
2022-05-26 01:00:00,25.25,87.75,309.0018,303.66406,35.851800000000026,30.51406000000003
2022-05-26 01:00:00,25.25,88.0,308.69324,303.2632,35.543240000000026,30.113200000000006
2022-05-26 01:00:00,25.25,88.25,308.69324,303.2632,35.543240000000026,30.113200000000006
2022-05-26 01:00:00,25.25,88.5,307.60446,302.634,34.45446000000004,29.484000000000037
2022-05-26 01:00:00,25.25,88.75,305.9701,301.24728,32.820100000000025,28.097280000000012
2022-05-26 01:00:00,25.25,89.0,304.77597,299.82922,31.625969999999995,26.679220000000043
2022-05-26 01:00:00,25.25,89.25,304.20898,299.4186,31.05898000000002,26.26860000000005
2022-05-26 01:00:00,25.25,89.5,303.89902,300.2687,30.74902000000003,27.118700000000047
2022-05-26 01:00:00,25.25,89.75,303.20047,301.03574,30.05047000000002,27.88574
2022-05-26 01:00:00,25.25,90.0,301.45618,299.28928,28.30618000000004,26.139280000000042
2022-05-26 01:00:00,25.0,85.5,310.058,305.19,36.908000000000015,32.04000000000002
2022-05-26 01:00:00,25.0,85.75,309.93628,305.54166,36.78628000000003,32.39166
2022-05-26 01:00:00,25.0,86.0,309.93628,305.54166,36.78628000000003,32.39166
2022-05-26 01:00:00,25.0,86.25,309.72928,305.5705,36.57928000000004,32.420500000000004
2022-05-26 01:00:00,25.0,86.5,310.11407,305.23636,36.96407000000005,32.08636000000001
2022-05-26 01:00:00,25.0,86.75,310.17795,304.9773,37.02795000000003,31.827300000000037
2022-05-26 01:00:00,25.0,87.0,309.95206,305.11545,36.80206000000004,31.965450000000033
2022-05-26 01:00:00,25.0,87.25,310.05695,304.92734,36.906949999999995,31.777340000000038
2022-05-26 01:00:00,25.0,87.5,310.12485,304.80377,36.97485,31.65377000000001
2022-05-26 01:00:00,25.0,87.75,310.3672,304.92966,37.21720000000005,31.779660000000035
2022-05-26 01:00:00,25.0,88.0,310.18887,304.54587,37.03887000000003,31.395870000000002
2022-05-26 01:00:00,25.0,88.25,310.18887,304.54587,37.03887000000003,31.395870000000002
2022-05-26 01:00:00,25.0,88.5,308.6241,303.49545,35.47410000000002,30.345450000000028
2022-05-26 01:00:00,25.0,88.75,306.19516,302.35538,33.04516000000001,29.205380000000048
2022-05-26 01:00:00,25.0,89.0,304.04724,301.15665,30.89724000000001,28.006650000000036
2022-05-26 01:00:00,25.0,89.25,302.9104,300.42172,29.760400000000004,27.271720000000016
2022-05-26 01:00:00,25.0,89.5,302.65628,301.1795,29.506280000000004,28.02950000000004
2022-05-26 01:00:00,25.0,89.75,302.42047,301.53098,29.270470000000046,28.380980000000022
2022-05-26 01:00:00,25.0,90.0,301.54233,300.60403,28.392330000000015,27.454030000000046
2022-05-26 01:00:00,24.75,85.5,310.058,305.19,36.908000000000015,32.04000000000002
2022-05-26 01:00:00,24.75,85.75,309.93628,305.54166,36.78628000000003,32.39166
2022-05-26 01:00:00,24.75,86.0,309.93628,305.54166,36.78628000000003,32.39166
2022-05-26 01:00:00,24.75,86.25,309.72928,305.5705,36.57928000000004,32.420500000000004
2022-05-26 01:00:00,24.75,86.5,310.11407,305.23636,36.96407000000005,32.08636000000001
2022-05-26 01:00:00,24.75,86.75,310.17795,304.9773,37.02795000000003,31.827300000000037
2022-05-26 01:00:00,24.75,87.0,309.95206,305.11545,36.80206000000004,31.965450000000033
2022-05-26 01:00:00,24.75,87.25,310.05695,304.92734,36.906949999999995,31.777340000000038
2022-05-26 01:00:00,24.75,87.5,310.12485,304.80377,36.97485,31.65377000000001
2022-05-26 01:00:00,24.75,87.75,310.3672,304.92966,37.21720000000005,31.779660000000035
2022-05-26 01:00:00,24.75,88.0,310.18887,304.54587,37.03887000000003,31.395870000000002
2022-05-26 01:00:00,24.75,88.25,310.18887,304.54587,37.03887000000003,31.395870000000002
2022-05-26 01:00:00,24.75,88.5,308.6241,303.49545,35.47410000000002,30.345450000000028
2022-05-26 01:00:00,24.75,88.75,306.19516,302.35538,33.04516000000001,29.205380000000048
2022-05-26 01:00:00,24.75,89.0,304.04724,301.15665,30.89724000000001,28.006650000000036
2022-05-26 01:00:00,24.75,89.25,302.9104,300.42172,29.760400000000004,27.271720000000016
2022-05-26 01:00:00,24.75,89.5,302.65628,301.1795,29.506280000000004,28.02950000000004
2022-05-26 01:00:00,24.75,89.75,302.42047,301.53098,29.270470000000046,28.380980000000022
2022-05-26 01:00:00,24.75,90.0,301.54233,300.60403,28.392330000000015,27.454030000000046
2022-05-26 01:00:00,24.5,85.5,309.0797,304.2329,35.929700000000025,31.082899999999995
2022-05-26 01:00:00,24.5,85.75,309.10867,304.29498,35.95867000000004,31.144980000000032
2022-05-26 01:00:00,24.5,86.0,309.10867,304.29498,35.95867000000004,31.144980000000032
2022-05-26 01:00:00,24.5,86.25,309.0838,303.8389,35.93380000000002,30.688900000000046
2022-05-26 01:00:00,24.5,86.5,309.6041,303.48734,36.45410000000004,30.33734000000004
2022-05-26 01:00:00,24.5,86.75,309.95993,303.63498,36.80993000000001,30.484980000000007
2022-05-26 01:00:00,24.5,87.0,310.1331,304.21698,36.983100000000036,31.06698
2022-05-26 01:00:00,24.5,87.25,309.979,304.66742,36.82900000000001,31.517420000000016
2022-05-26 01:00:00,24.5,87.5,310.16284,304.97882,37.01284000000004,31.828820000000007
2022-05-26 01:00:00,24.5,87.75,310.77637,305.43365,37.62637000000001,32.28365000000002
2022-05-26 01:00:00,24.5,88.0,310.78238,305.1598,37.63238000000001,32.00980000000004
2022-05-26 01:00:00,24.5,88.25,310.78238,305.1598,37.63238000000001,32.00980000000004
2022-05-26 01:00:00,24.5,88.5,309.1985,304.06097,36.04850000000005,30.91097000000002
2022-05-26 01:00:00,24.5,88.75,306.44904,303.12296,33.29904000000005,29.97296
2022-05-26 01:00:00,24.5,89.0,303.87534,301.9594,30.725340000000017,28.80940000000004
2022-05-26 01:00:00,24.5,89.25,301.9432,300.91824,28.793200000000013,27.76824000000005
2022-05-26 01:00:00,24.5,89.5,301.00394,300.92664,27.853940000000023,27.776640000000043
2022-05-26 01:00:00,24.5,89.75,300.55338,300.19003,27.403380000000027,27.04003
2022-05-26 01:00:00,24.5,90.0,300.1572,299.0256,27.00720000000001,25.87560000000002
2022-05-26 01:00:00,24.25,85.5,308.0257,302.58347,34.875699999999995,29.43347
2022-05-26 01:00:00,24.25,85.75,308.51953,302.92633,35.36953,29.77633000000003
2022-05-26 01:00:00,24.25,86.0,308.51953,302.92633,35.36953,29.77633000000003
2022-05-26 01:00:00,24.25,86.25,308.85126,303.00504,35.70126000000005,29.85504000000003
2022-05-26 01:00:00,24.25,86.5,309.2738,303.2437,36.12380000000002,30.093700000000013
2022-05-26 01:00:00,24.25,86.75,309.58798,303.8104,36.43798000000004,30.66040000000004
2022-05-26 01:00:00,24.25,87.0,309.8847,304.12485,36.73470000000003,30.974850000000004
2022-05-26 01:00:00,24.25,87.25,310.16196,304.59744,37.011960000000045,31.44744000000003
2022-05-26 01:00:00,24.25,87.5,310.5845,305.1587,37.434500000000014,32.00870000000003
2022-05-26 01:00:00,24.25,87.75,311.18295,305.90262,38.03295000000003,32.752620000000036
2022-05-26 01:00:00,24.25,88.0,311.28616,306.2851,38.13616000000002,33.13510000000002
2022-05-26 01:00:00,24.25,88.25,311.28616,306.2851,38.13616000000002,33.13510000000002
2022-05-26 01:00:00,24.25,88.5,309.92288,305.26334,36.77288000000004,32.11334000000005
2022-05-26 01:00:00,24.25,88.75,307.1847,303.2702,34.03470000000004,30.12020000000001
2022-05-26 01:00:00,24.25,89.0,304.2781,301.8961,31.128100000000018,28.746100000000013
2022-05-26 01:00:00,24.25,89.25,301.77823,301.1491,28.62823000000003,27.9991
2022-05-26 01:00:00,24.25,89.5,300.04425,300.28775,26.89425,27.13775000000004
2022-05-26 01:00:00,24.25,89.75,299.4087,299.2842,26.258700000000033,26.13420000000002
2022-05-26 01:00:00,24.25,90.0,299.76587,298.70892,26.61587000000003,25.55892
2022-05-26 01:00:00,24.0,85.5,306.92194,301.9774,33.77194000000003,28.82740000000001
2022-05-26 01:00:00,24.0,85.75,307.78378,303.09073,34.63378,29.94073000000003
2022-05-26 01:00:00,24.0,86.0,307.78378,303.09073,34.63378,29.94073000000003
2022-05-26 01:00:00,24.0,86.25,308.37808,303.71927,35.228080000000034,30.569270000000017
2022-05-26 01:00:00,24.0,86.5,309.117,303.97342,35.96700000000004,30.82342
2022-05-26 01:00:00,24.0,86.75,309.76794,304.49017,36.61794000000003,31.34017
2022-05-26 01:00:00,24.0,87.0,310.11572,304.70563,36.96572000000003,31.555630000000008
2022-05-26 01:00:00,24.0,87.25,310.3754,304.89685,37.225400000000036,31.746849999999995
2022-05-26 01:00:00,24.0,87.5,310.8084,305.3619,37.65840000000003,32.211900000000014
2022-05-26 01:00:00,24.0,87.75,311.3199,305.77783,38.16990000000004,32.62783000000002
2022-05-26 01:00:00,24.0,88.0,311.31268,305.9491,38.16268000000002,32.79910000000001
2022-05-26 01:00:00,24.0,88.25,311.31268,305.9491,38.16268000000002,32.79910000000001
2022-05-26 01:00:00,24.0,88.5,310.53983,305.89203,37.38983000000002,32.74203
2022-05-26 01:00:00,24.0,88.75,309.0837,304.85895,35.933700000000044,31.708950000000016
2022-05-26 01:00:00,24.0,89.0,306.76996,302.77158,33.61996000000005,29.621579999999994
2022-05-26 01:00:00,24.0,89.25,304.27676,302.0172,31.126760000000047,28.867200000000025
2022-05-26 01:00:00,24.0,89.5,302.44247,301.39313,29.292470000000037,28.243130000000008
2022-05-26 01:00:00,24.0,89.75,301.80078,300.5569,28.650779999999997,27.406900000000007
2022-05-26 01:00:00,24.0,90.0,301.6504,299.23666,28.500400000000013,26.086659999999995
2022-05-26 01:00:00,23.75,85.5,307.1352,302.8128,33.98520000000002,29.662800000000004
2022-05-26 01:00:00,23.75,85.75,307.98227,303.7417,34.83227000000005,30.591700000000003
2022-05-26 01:00:00,23.75,86.0,307.98227,303.7417,34.83227000000005,30.591700000000003
2022-05-26 01:00:00,23.75,86.25,308.72397,304.15146,35.57397000000003,31.00146000000001
2022-05-26 01:00:00,23.75,86.5,309.42764,304.4987,36.27764000000002,31.348700000000008
2022-05-26 01:00:00,23.75,86.75,309.88123,304.90308,36.73123000000004,31.75308000000001
2022-05-26 01:00:00,23.75,87.0,310.18384,304.94147,37.03384,31.791470000000004
2022-05-26 01:00:00,23.75,87.25,310.4024,305.00024,37.25240000000002,31.850240000000042
2022-05-26 01:00:00,23.75,87.5,310.67972,305.27054,37.52972,32.120540000000005
2022-05-26 01:00:00,23.75,87.75,311.10437,305.56796,37.95437000000004,32.41796000000005
2022-05-26 01:00:00,23.75,88.0,311.3227,305.56967,38.17270000000002,32.419669999999996
2022-05-26 01:00:00,23.75,88.25,311.3227,305.56967,38.17270000000002,32.419669999999996
2022-05-26 01:00:00,23.75,88.5,311.11203,305.48087,37.96203000000003,32.330870000000004
2022-05-26 01:00:00,23.75,88.75,310.6572,305.77997,37.50720000000001,32.629970000000014
2022-05-26 01:00:00,23.75,89.0,309.77347,305.5698,36.62347,32.41980000000001
2022-05-26 01:00:00,23.75,89.25,308.31204,303.719,35.16204000000005,30.569000000000017
2022-05-26 01:00:00,23.75,89.5,307.2537,303.24243,34.1037,30.092430000000036
2022-05-26 01:00:00,23.75,89.75,306.2234,302.4828,33.07340000000005,29.33280000000002
2022-05-26 01:00:00,23.75,90.0,305.8875,301.8202,32.73750000000001,28.670200000000023
2022-05-26 01:00:00,23.5,85.5,307.04782,302.55585,33.897820000000024,29.405850000000044
2022-05-26 01:00:00,23.5,85.75,308.11328,303.4321,34.96328,30.282100000000014
2022-05-26 01:00:00,23.5,86.0,308.11328,303.4321,34.96328,30.282100000000014
2022-05-26 01:00:00,23.5,86.25,309.13834,303.78058,35.98834000000005,30.63058000000001
2022-05-26 01:00:00,23.5,86.5,309.82153,304.20908,36.67153000000002,31.059079999999994
2022-05-26 01:00:00,23.5,86.75,310.04938,304.5611,36.89938000000001,31.411100000000033
2022-05-26 01:00:00,23.5,87.0,310.0683,304.72217,36.918300000000045,31.57217000000003
2022-05-26 01:00:00,23.5,87.25,310.18915,304.97714,37.03915000000001,31.827140000000043
2022-05-26 01:00:00,23.5,87.5,310.5804,305.24786,37.43040000000002,32.097860000000026
2022-05-26 01:00:00,23.5,87.75,310.98538,305.37137,37.83538000000004,32.221370000000036
2022-05-26 01:00:00,23.5,88.0,311.24188,305.3303,38.09188,32.180300000000045
2022-05-26 01:00:00,23.5,88.25,311.24188,305.3303,38.09188,32.180300000000045
2022-05-26 01:00:00,23.5,88.5,311.50034,304.9595,38.35034000000002,31.809500000000014
2022-05-26 01:00:00,23.5,88.75,311.81522,304.83997,38.66522000000003,31.689970000000017
2022-05-26 01:00:00,23.5,89.0,312.03943,305.83728,38.889430000000004,32.687280000000044
2022-05-26 01:00:00,23.5,89.25,311.96884,306.4159,38.81884000000002,33.265900000000045
2022-05-26 01:00:00,23.5,89.5,311.19788,306.68808,38.04788000000002,33.538080000000036
2022-05-26 01:00:00,23.5,89.75,310.1477,306.57904,36.99770000000001,33.42904000000004
2022-05-26 01:00:00,23.5,90.0,308.58673,306.0279,35.43673000000001,32.87790000000001
2022-05-26 01:00:00,23.25,85.5,307.1689,302.7072,34.01890000000003,29.557200000000023
2022-05-26 01:00:00,23.25,85.75,308.3614,303.63763,35.211400000000026,30.487630000000024
2022-05-26 01:00:00,23.25,86.0,308.3614,303.63763,35.211400000000026,30.487630000000024
2022-05-26 01:00:00,23.25,86.25,309.01923,304.15945,35.869230000000016,31.009450000000015
2022-05-26 01:00:00,23.25,86.5,309.68994,304.50504,36.53994,31.35504000000003
2022-05-26 01:00:00,23.25,86.75,310.10498,304.8144,36.954980000000035,31.6644
2022-05-26 01:00:00,23.25,87.0,310.24548,304.96838,37.09548000000001,31.818380000000047
2022-05-26 01:00:00,23.25,87.25,310.37335,305.03677,37.22335000000004,31.886770000000013
2022-05-26 01:00:00,23.25,87.5,310.57214,305.0935,37.42214000000001,31.94350000000003
2022-05-26 01:00:00,23.25,87.75,310.85938,304.77225,37.70938000000001,31.622250000000008
2022-05-26 01:00:00,23.25,88.0,311.19528,304.36276,38.04528000000005,31.212760000000003
2022-05-26 01:00:00,23.25,88.25,311.19528,304.36276,38.04528000000005,31.212760000000003
2022-05-26 01:00:00,23.25,88.5,311.57864,304.34207,38.42864000000003,31.19207
2022-05-26 01:00:00,23.25,88.75,312.06876,304.46378,38.91876000000002,31.31378000000001
2022-05-26 01:00:00,23.25,89.0,312.5193,304.47113,39.36930000000001,31.32113000000004
2022-05-26 01:00:00,23.25,89.25,312.5473,304.47153,39.39730000000003,31.321529999999996
2022-05-26 01:00:00,23.25,89.5,311.91425,305.25226,38.764250000000004,32.10226
2022-05-26 01:00:00,23.25,89.75,311.40326,306.1187,38.25326000000001,32.96870000000001
2022-05-26 01:00:00,23.25,90.0,309.95712,305.8062,36.80712,32.65620000000001
2022-05-26 01:00:00,23.0,85.5,307.3677,303.07785,34.217700000000036,29.927850000000035
2022-05-26 01:00:00,23.0,85.75,308.07373,303.84924,34.923730000000035,30.69924000000003
2022-05-26 01:00:00,23.0,86.0,308.07373,303.84924,34.923730000000035,30.69924000000003
2022-05-26 01:00:00,23.0,86.25,309.09634,304.80368,35.94634000000002,31.65368000000001
2022-05-26 01:00:00,23.0,86.5,309.86774,305.32837,36.71774000000005,32.17837000000003
2022-05-26 01:00:00,23.0,86.75,310.17288,305.49493,37.02288000000004,32.34493000000003
2022-05-26 01:00:00,23.0,87.0,310.31247,305.3677,37.16247000000004,32.217700000000036
2022-05-26 01:00:00,23.0,87.25,310.43747,305.13745,37.28747000000004,31.987450000000024
2022-05-26 01:00:00,23.0,87.5,310.59207,304.72827,37.44207,31.578270000000032
2022-05-26 01:00:00,23.0,87.75,310.77313,304.47586,37.62313,31.325860000000034
2022-05-26 01:00:00,23.0,88.0,310.89648,304.54837,37.74648000000002,31.39837
2022-05-26 01:00:00,23.0,88.25,310.89648,304.54837,37.74648000000002,31.39837
2022-05-26 01:00:00,23.0,88.5,311.1237,304.65573,37.97370000000001,31.505730000000028
2022-05-26 01:00:00,23.0,88.75,311.66962,304.63116,38.51962000000003,31.481160000000045
2022-05-26 01:00:00,23.0,89.0,312.2665,304.53503,39.11650000000003,31.38503000000003
2022-05-26 01:00:00,23.0,89.25,312.5885,304.49106,39.43850000000003,31.341060000000027
2022-05-26 01:00:00,23.0,89.5,312.35004,304.8283,39.20004,31.678300000000036
2022-05-26 01:00:00,23.0,89.75,311.9924,305.45566,38.8424,32.305660000000046
2022-05-26 01:00:00,23.0,90.0,310.9882,305.90314,37.83820000000003,32.75314000000003
2022-05-26 01:00:00,22.75,85.5,307.88358,303.6213,34.73358000000002,30.471300000000042
2022-05-26 01:00:00,22.75,85.75,308.87082,304.40808,35.72082,31.258080000000007
2022-05-26 01:00:00,22.75,86.0,308.87082,304.40808,35.72082,31.258080000000007
2022-05-26 01:00:00,22.75,86.25,309.5598,305.14764,36.40980000000002,31.997640000000047
2022-05-26 01:00:00,22.75,86.5,309.97772,305.95187,36.82772,32.80187000000001
2022-05-26 01:00:00,22.75,86.75,310.43323,305.78275,37.28323,32.632750000000044
2022-05-26 01:00:00,22.75,87.0,310.5489,305.60504,37.398900000000026,32.45504
2022-05-26 01:00:00,22.75,87.25,310.71628,305.3473,37.566280000000006,32.19730000000004
2022-05-26 01:00:00,22.75,87.5,310.8157,305.0159,37.665700000000015,31.86590000000001
2022-05-26 01:00:00,22.75,87.75,311.03632,304.96133,37.88632000000001,31.811329999999998
2022-05-26 01:00:00,22.75,88.0,311.21243,304.82767,38.062430000000006,31.677670000000035
2022-05-26 01:00:00,22.75,88.25,311.21243,304.82767,38.062430000000006,31.677670000000035
2022-05-26 01:00:00,22.75,88.5,311.49503,304.74078,38.34503000000001,31.590779999999995
2022-05-26 01:00:00,22.75,88.75,311.93442,304.80728,38.78442000000001,31.657280000000014
2022-05-26 01:00:00,22.75,89.0,312.21976,304.8768,39.06976000000003,31.726800000000026
2022-05-26 01:00:00,22.75,89.25,312.2852,304.9781,39.1352,31.828100000000006
2022-05-26 01:00:00,22.75,89.5,312.39987,305.29132,39.249870000000044,32.14132000000001
2022-05-26 01:00:00,22.75,89.75,312.3574,305.7923,39.20740000000001,32.642300000000034
2022-05-26 01:00:00,22.75,90.0,311.52338,306.17847,38.37338,33.02847000000003
2022-05-26 01:00:00,22.5,85.5,307.88358,303.6213,34.73358000000002,30.471300000000042
2022-05-26 01:00:00,22.5,85.75,308.87082,304.40808,35.72082,31.258080000000007
2022-05-26 01:00:00,22.5,86.0,308.87082,304.40808,35.72082,31.258080000000007
2022-05-26 01:00:00,22.5,86.25,309.5598,305.14764,36.40980000000002,31.997640000000047
2022-05-26 01:00:00,22.5,86.5,309.97772,305.95187,36.82772,32.80187000000001
2022-05-26 01:00:00,22.5,86.75,310.43323,305.78275,37.28323,32.632750000000044
2022-05-26 01:00:00,22.5,87.0,310.5489,305.60504,37.398900000000026,32.45504
2022-05-26 01:00:00,22.5,87.25,310.71628,305.3473,37.566280000000006,32.19730000000004
2022-05-26 01:00:00,22.5,87.5,310.8157,305.0159,37.665700000000015,31.86590000000001
2022-05-26 01:00:00,22.5,87.75,311.03632,304.96133,37.88632000000001,31.811329999999998
2022-05-26 01:00:00,22.5,88.0,311.21243,304.82767,38.062430000000006,31.677670000000035
2022-05-26 01:00:00,22.5,88.25,311.21243,304.82767,38.062430000000006,31.677670000000035
2022-05-26 01:00:00,22.5,88.5,311.49503,304.74078,38.34503000000001,31.590779999999995
2022-05-26 01:00:00,22.5,88.75,311.93442,304.80728,38.78442000000001,31.657280000000014
2022-05-26 01:00:00,22.5,89.0,312.21976,304.8768,39.06976000000003,31.726800000000026
2022-05-26 01:00:00,22.5,89.25,312.2852,304.9781,39.1352,31.828100000000006
2022-05-26 01:00:00,22.5,89.5,312.39987,305.29132,39.249870000000044,32.14132000000001
2022-05-26 01:00:00,22.5,89.75,312.3574,305.7923,39.20740000000001,32.642300000000034
2022-05-26 01:00:00,22.5,90.0,311.52338,306.17847,38.37338,33.02847000000003
2022-05-26 01:00:00,22.25,85.5,307.28415,302.45056,34.134150000000034,29.30056000000002
2022-05-26 01:00:00,22.25,85.75,308.15796,303.03778,35.007960000000026,29.88778000000002
2022-05-26 01:00:00,22.25,86.0,308.15796,303.03778,35.007960000000026,29.88778000000002
2022-05-26 01:00:00,22.25,86.25,308.84323,303.9332,35.69323000000003,30.783200000000022
2022-05-26 01:00:00,22.25,86.5,309.5233,305.5725,36.37330000000003,32.422500000000014
2022-05-26 01:00:00,22.25,86.75,310.39264,306.16934,37.242639999999994,33.01934
2022-05-26 01:00:00,22.25,87.0,310.75092,305.80057,37.60092000000003,32.650570000000016
2022-05-26 01:00:00,22.25,87.25,311.0623,305.79272,37.912300000000016,32.64272
2022-05-26 01:00:00,22.25,87.5,311.32144,306.0066,38.17144000000002,32.856600000000014
2022-05-26 01:00:00,22.25,87.75,311.5279,305.7915,38.37790000000001,32.64150000000001
2022-05-26 01:00:00,22.25,88.0,311.79184,305.42426,38.64184,32.27426000000003
2022-05-26 01:00:00,22.25,88.25,311.79184,305.42426,38.64184,32.27426000000003
2022-05-26 01:00:00,22.25,88.5,312.11856,305.38617,38.968560000000025,32.236170000000016
2022-05-26 01:00:00,22.25,88.75,312.3243,305.50406,39.17430000000002,32.354060000000004
2022-05-26 01:00:00,22.25,89.0,312.4051,305.49957,39.25510000000003,32.34957000000003
2022-05-26 01:00:00,22.25,89.25,312.52823,305.51123,39.37823000000003,32.361230000000035
2022-05-26 01:00:00,22.25,89.5,312.76675,305.7749,39.616750000000025,32.624900000000025
2022-05-26 01:00:00,22.25,89.75,313.0704,306.13495,39.92040000000003,32.984950000000026
2022-05-26 01:00:00,22.25,90.0,313.1102,306.4591,39.96020000000004,33.3091
2022-05-26 01:00:00,22.0,85.5,306.82135,302.08716,33.67135000000002,28.937160000000006
2022-05-26 01:00:00,22.0,85.75,307.80054,302.42493,34.650540000000035,29.27493000000004
2022-05-26 01:00:00,22.0,86.0,307.80054,302.42493,34.650540000000035,29.27493000000004
2022-05-26 01:00:00,22.0,86.25,308.067,302.5719,34.91700000000003,29.42190000000005
2022-05-26 01:00:00,22.0,86.5,308.91434,304.21588,35.764340000000004,31.06588000000005
2022-05-26 01:00:00,22.0,86.75,310.42123,305.83667,37.27123,32.68667000000005
2022-05-26 01:00:00,22.0,87.0,311.14325,305.86813,37.993250000000046,32.71813000000003
2022-05-26 01:00:00,22.0,87.25,311.5355,306.1169,38.385500000000036,32.96690000000001
2022-05-26 01:00:00,22.0,87.5,311.79266,306.47684,38.642660000000035,33.326840000000004
2022-05-26 01:00:00,22.0,87.75,312.13138,306.23306,38.98138,33.083060000000046
2022-05-26 01:00:00,22.0,88.0,312.49838,306.10248,39.34838000000002,32.95248000000004
2022-05-26 01:00:00,22.0,88.25,312.49838,306.10248,39.34838000000002,32.95248000000004
2022-05-26 01:00:00,22.0,88.5,312.6217,305.7793,39.4717,32.6293
2022-05-26 01:00:00,22.0,88.75,312.65536,305.5671,39.505359999999996,32.417100000000005
2022-05-26 01:00:00,22.0,89.0,312.73297,305.77737,39.582970000000046,32.62737000000004
2022-05-26 01:00:00,22.0,89.25,312.86517,305.76227,39.71517,32.612270000000024
2022-05-26 01:00:00,22.0,89.5,313.19452,305.6098,40.044520000000034,32.45980000000003
2022-05-26 01:00:00,22.0,89.75,313.73694,305.83334,40.58694000000003,32.683340000000044
2022-05-26 01:00:00,22.0,90.0,314.1232,306.0509,40.97320000000002,32.900900000000036
2022-05-26 01:00:00,21.75,85.5,306.7776,302.54327,33.62760000000003,29.39327000000003
2022-05-26 01:00:00,21.75,85.75,307.72363,302.7933,34.57363000000004,29.64330000000001
2022-05-26 01:00:00,21.75,86.0,307.72363,302.7933,34.57363000000004,29.64330000000001
2022-05-26 01:00:00,21.75,86.25,306.98428,302.19696,33.834280000000035,29.046960000000013
2022-05-26 01:00:00,21.75,86.5,308.17996,303.00348,35.02996000000002,29.853480000000047
2022-05-26 01:00:00,21.75,86.75,310.64514,305.2471,37.49514000000005,32.09710000000001
2022-05-26 01:00:00,21.75,87.0,311.6797,305.59946,38.52970000000005,32.449460000000045
2022-05-26 01:00:00,21.75,87.25,312.21176,306.01572,39.06176000000005,32.86572000000001
2022-05-26 01:00:00,21.75,87.5,312.40778,306.11758,39.257780000000025,32.96758
2022-05-26 01:00:00,21.75,87.75,312.45,305.28824,39.30000000000001,32.138239999999996
2022-05-26 01:00:00,21.75,88.0,312.6788,305.2211,39.52880000000005,32.0711
2022-05-26 01:00:00,21.75,88.25,312.6788,305.2211,39.52880000000005,32.0711
2022-05-26 01:00:00,21.75,88.5,312.92877,304.84033,39.77877000000001,31.690330000000017
2022-05-26 01:00:00,21.75,88.75,312.91568,304.59872,39.76568000000003,31.448720000000037
2022-05-26 01:00:00,21.75,89.0,313.0356,304.87598,39.88560000000001,31.72598000000005
2022-05-26 01:00:00,21.75,89.25,313.67233,304.53992,40.52233000000001,31.389920000000018
2022-05-26 01:00:00,21.75,89.5,314.44812,303.98267,41.29812000000004,30.832670000000007
2022-05-26 01:00:00,21.75,89.75,314.88248,303.97192,41.73248000000001,30.821920000000034
2022-05-26 01:00:00,21.75,90.0,314.81488,303.99054,41.66488000000004,30.840540000000033
2022-05-26 01:00:00,21.5,85.5,306.54227,303.0271,33.392269999999996,29.87710000000004
2022-05-26 01:00:00,21.5,85.75,307.6515,304.11755,34.50150000000002,30.967550000000017
2022-05-26 01:00:00,21.5,86.0,307.6515,304.11755,34.50150000000002,30.967550000000017
2022-05-26 01:00:00,21.5,86.25,308.17026,304.6699,35.02026000000001,31.519900000000007
2022-05-26 01:00:00,21.5,86.5,309.29846,305.14124,36.14846,31.991240000000005
2022-05-26 01:00:00,21.5,86.75,311.0119,305.7236,37.86190000000005,32.5736
2022-05-26 01:00:00,21.5,87.0,311.8703,304.39883,38.72030000000001,31.248829999999998
2022-05-26 01:00:00,21.5,87.25,312.26227,304.00842,39.112270000000024,30.858420000000024
2022-05-26 01:00:00,21.5,87.5,312.32483,304.0874,39.17483000000004,30.937400000000025
2022-05-26 01:00:00,21.5,87.75,312.368,304.02652,39.21800000000002,30.876520000000028
2022-05-26 01:00:00,21.5,88.0,312.389,304.13867,39.23900000000003,30.988670000000013
2022-05-26 01:00:00,21.5,88.25,312.389,304.13867,39.23900000000003,30.988670000000013
2022-05-26 01:00:00,21.5,88.5,312.51385,303.99622,39.36385000000001,30.846220000000017
2022-05-26 01:00:00,21.5,88.75,312.87177,303.8399,39.72177000000005,30.689900000000023
2022-05-26 01:00:00,21.5,89.0,313.40723,303.92264,40.25723000000005,30.772640000000024
2022-05-26 01:00:00,21.5,89.25,314.0578,304.02048,40.90780000000001,30.870480000000043
2022-05-26 01:00:00,21.5,89.5,314.69037,304.1139,41.540369999999996,30.963900000000024
2022-05-26 01:00:00,21.5,89.75,314.97437,304.125,41.824370000000044,30.975000000000023
2022-05-26 01:00:00,21.5,90.0,314.71817,304.01556,41.56817000000001,30.865560000000016
2022-05-26 01:00:00,21.25,85.5,307.31577,304.39053,34.16577000000001,31.240530000000035
2022-05-26 01:00:00,21.25,85.75,308.40674,305.57898,35.256740000000036,32.428980000000024
2022-05-26 01:00:00,21.25,86.0,308.40674,305.57898,35.256740000000036,32.428980000000024
2022-05-26 01:00:00,21.25,86.25,309.47858,306.61304,36.328580000000045,33.463040000000035
2022-05-26 01:00:00,21.25,86.5,310.48245,306.62976,37.332449999999994,33.47976
2022-05-26 01:00:00,21.25,86.75,311.1767,305.9937,38.026700000000005,32.84370000000001
2022-05-26 01:00:00,21.25,87.0,311.8759,304.35867,38.725900000000024,31.20867000000004
2022-05-26 01:00:00,21.25,87.25,312.3382,303.92264,39.188199999999995,30.772640000000024
2022-05-26 01:00:00,21.25,87.5,312.5206,303.97525,39.370600000000024,30.82525000000004
2022-05-26 01:00:00,21.25,87.75,312.5945,304.12946,39.444500000000005,30.979460000000017
2022-05-26 01:00:00,21.25,88.0,312.49573,304.16238,39.34573,31.012380000000007
2022-05-26 01:00:00,21.25,88.25,312.49573,304.16238,39.34573,31.012380000000007
2022-05-26 01:00:00,21.25,88.5,312.29828,303.94696,39.14828,30.796960000000013
2022-05-26 01:00:00,21.25,88.75,312.5322,303.87122,39.38220000000001,30.721220000000017
2022-05-26 01:00:00,21.25,89.0,313.17267,303.9912,40.022670000000005,30.841200000000015
2022-05-26 01:00:00,21.25,89.25,313.76825,304.0345,40.618250000000046,30.884500000000003
2022-05-26 01:00:00,21.25,89.5,314.27057,304.0108,41.12057000000004,30.86080000000004
2022-05-26 01:00:00,21.25,89.75,314.66095,303.96246,41.51095000000004,30.812460000000044
2022-05-26 01:00:00,21.25,90.0,314.71777,303.87714,41.567769999999996,30.72714000000002
2022-05-26 01:00:00,21.0,85.5,308.7364,305.59924,35.586400000000026,32.44924000000003
2022-05-26 01:00:00,21.0,85.75,309.56482,306.07462,36.41482000000002,32.924620000000004
2022-05-26 01:00:00,21.0,86.0,309.56482,306.07462,36.41482000000002,32.924620000000004
2022-05-26 01:00:00,21.0,86.25,310.5179,306.17264,37.36790000000002,33.022640000000024
2022-05-26 01:00:00,21.0,86.5,310.97543,305.99924,37.82543000000004,32.84924000000001
2022-05-26 01:00:00,21.0,86.75,311.65607,305.48053,38.50607000000002,32.33053000000001
2022-05-26 01:00:00,21.0,87.0,311.81876,304.3954,38.66876000000002,31.245400000000018
2022-05-26 01:00:00,21.0,87.25,312.11417,304.00595,38.964170000000024,30.855950000000007
2022-05-26 01:00:00,21.0,87.5,312.46225,304.0316,39.312250000000006,30.88160000000005
2022-05-26 01:00:00,21.0,87.75,312.5185,304.05673,39.36850000000004,30.90673000000004
2022-05-26 01:00:00,21.0,88.0,312.13757,303.9366,38.987570000000005,30.78660000000002
2022-05-26 01:00:00,21.0,88.25,312.13757,303.9366,38.987570000000005,30.78660000000002
2022-05-26 01:00:00,21.0,88.5,311.64096,303.7089,38.49096000000003,30.55890000000005
2022-05-26 01:00:00,21.0,88.75,311.7679,303.66406,38.61790000000002,30.51406000000003
2022-05-26 01:00:00,21.0,89.0,312.54337,303.85953,39.393370000000004,30.70953000000003
2022-05-26 01:00:00,21.0,89.25,313.3007,303.97885,40.15070000000003,30.828850000000045
2022-05-26 01:00:00,21.0,89.5,313.85007,303.9183,40.70007000000004,30.76830000000001
2022-05-26 01:00:00,21.0,89.75,314.40466,303.90317,41.25466,30.75317000000001
2022-05-26 01:00:00,21.0,90.0,314.85822,303.95233,41.70822000000004,30.80233000000004
2022-05-26 02:00:00,27.5,85.5,314.68283,301.75302,41.53283000000005,28.603020000000015
2022-05-26 02:00:00,27.5,85.75,313.2425,301.1358,40.09250000000003,27.98580000000004
2022-05-26 02:00:00,27.5,86.0,313.2425,301.1358,40.09250000000003,27.98580000000004
2022-05-26 02:00:00,27.5,86.25,311.31937,299.6623,38.169370000000015,26.51230000000004
2022-05-26 02:00:00,27.5,86.5,309.6038,297.79044,36.4538,24.640440000000012
2022-05-26 02:00:00,27.5,86.75,309.10236,296.97305,35.95236,23.823050000000023
2022-05-26 02:00:00,27.5,87.0,308.69345,296.7483,35.54345000000001,23.598299999999995
2022-05-26 02:00:00,27.5,87.25,308.19858,297.4458,35.048580000000015,24.295800000000042
2022-05-26 02:00:00,27.5,87.5,306.72635,296.95908,33.57635000000005,23.809079999999994
2022-05-26 02:00:00,27.5,87.75,303.33087,294.0286,30.180870000000027,20.878600000000006
2022-05-26 02:00:00,27.5,88.0,300.9311,292.2423,27.781100000000038,19.092300000000023
2022-05-26 02:00:00,27.5,88.25,300.9311,292.2423,27.781100000000038,19.092300000000023
2022-05-26 02:00:00,27.5,88.5,301.37952,293.71353,28.229520000000036,20.563530000000014
2022-05-26 02:00:00,27.5,88.75,302.03265,293.76556,28.882650000000012,20.615560000000016
2022-05-26 02:00:00,27.5,89.0,301.86392,290.01144,28.71392000000003,16.861440000000016
2022-05-26 02:00:00,27.5,89.25,302.53494,289.31003,29.38494000000003,16.160030000000006
2022-05-26 02:00:00,27.5,89.5,305.2685,292.52393,32.11850000000004,19.37393000000003
2022-05-26 02:00:00,27.5,89.75,304.77887,293.76553,31.628870000000006,20.615530000000035
2022-05-26 02:00:00,27.5,90.0,305.04596,294.92926,31.895960000000002,21.779260000000022
2022-05-26 02:00:00,27.25,85.5,319.53284,306.43924,46.382840000000044,33.28924000000001
2022-05-26 02:00:00,27.25,85.75,318.9896,305.60205,45.83960000000002,32.45205000000004
2022-05-26 02:00:00,27.25,86.0,318.9896,305.60205,45.83960000000002,32.45205000000004
2022-05-26 02:00:00,27.25,86.25,316.85773,303.80103,43.707730000000026,30.65103000000005
2022-05-26 02:00:00,27.25,86.5,315.8093,302.7671,42.65930000000003,29.61710000000005
2022-05-26 02:00:00,27.25,86.75,315.02533,302.2279,41.87533000000002,29.0779
2022-05-26 02:00:00,27.25,87.0,313.1528,300.84454,40.002800000000036,27.694540000000018
2022-05-26 02:00:00,27.25,87.25,311.51807,300.12085,38.368070000000046,26.97085000000004
2022-05-26 02:00:00,27.25,87.5,310.21436,299.41132,37.06436000000002,26.261320000000012
2022-05-26 02:00:00,27.25,87.75,307.55927,297.8612,34.40927000000005,24.71120000000002
2022-05-26 02:00:00,27.25,88.0,305.11685,296.92743,31.966850000000022,23.777430000000038
2022-05-26 02:00:00,27.25,88.25,305.11685,296.92743,31.966850000000022,23.777430000000038
2022-05-26 02:00:00,27.25,88.5,304.83005,297.83627,31.68005000000005,24.686270000000036
2022-05-26 02:00:00,27.25,88.75,305.3262,298.45764,32.176199999999994,25.30764000000005
2022-05-26 02:00:00,27.25,89.0,305.99924,296.94525,32.84924000000001,23.79525000000001
2022-05-26 02:00:00,27.25,89.25,307.4408,296.30548,34.29080000000005,23.15548000000001
2022-05-26 02:00:00,27.25,89.5,308.77072,295.8189,35.620720000000006,22.668900000000008
2022-05-26 02:00:00,27.25,89.75,309.0584,295.68408,35.90840000000003,22.534080000000017
2022-05-26 02:00:00,27.25,90.0,311.27893,298.23032,38.128930000000025,25.08032000000003
2022-05-26 02:00:00,27.0,85.5,319.53284,306.43924,46.382840000000044,33.28924000000001
2022-05-26 02:00:00,27.0,85.75,318.9896,305.60205,45.83960000000002,32.45205000000004
2022-05-26 02:00:00,27.0,86.0,318.9896,305.60205,45.83960000000002,32.45205000000004
2022-05-26 02:00:00,27.0,86.25,316.85773,303.80103,43.707730000000026,30.65103000000005
2022-05-26 02:00:00,27.0,86.5,315.8093,302.7671,42.65930000000003,29.61710000000005
2022-05-26 02:00:00,27.0,86.75,315.02533,302.2279,41.87533000000002,29.0779
2022-05-26 02:00:00,27.0,87.0,313.1528,300.84454,40.002800000000036,27.694540000000018
2022-05-26 02:00:00,27.0,87.25,311.51807,300.12085,38.368070000000046,26.97085000000004
2022-05-26 02:00:00,27.0,87.5,310.21436,299.41132,37.06436000000002,26.261320000000012
2022-05-26 02:00:00,27.0,87.75,307.55927,297.8612,34.40927000000005,24.71120000000002
2022-05-26 02:00:00,27.0,88.0,305.11685,296.92743,31.966850000000022,23.777430000000038
2022-05-26 02:00:00,27.0,88.25,305.11685,296.92743,31.966850000000022,23.777430000000038
2022-05-26 02:00:00,27.0,88.5,304.83005,297.83627,31.68005000000005,24.686270000000036
2022-05-26 02:00:00,27.0,88.75,305.3262,298.45764,32.176199999999994,25.30764000000005
2022-05-26 02:00:00,27.0,89.0,305.99924,296.94525,32.84924000000001,23.79525000000001
2022-05-26 02:00:00,27.0,89.25,307.4408,296.30548,34.29080000000005,23.15548000000001
2022-05-26 02:00:00,27.0,89.5,308.77072,295.8189,35.620720000000006,22.668900000000008
2022-05-26 02:00:00,27.0,89.75,309.0584,295.68408,35.90840000000003,22.534080000000017
2022-05-26 02:00:00,27.0,90.0,311.27893,298.23032,38.128930000000025,25.08032000000003
2022-05-26 02:00:00,26.75,85.5,320.67963,307.8402,47.52963,34.690200000000004
2022-05-26 02:00:00,26.75,85.75,321.68817,307.87582,48.53817000000004,34.72582
2022-05-26 02:00:00,26.75,86.0,321.68817,307.87582,48.53817000000004,34.72582
2022-05-26 02:00:00,26.75,86.25,322.00397,307.63144,48.853970000000004,34.48144000000002
2022-05-26 02:00:00,26.75,86.5,320.86542,307.09766,47.715419999999995,33.94766000000004
2022-05-26 02:00:00,26.75,86.75,318.69608,305.96103,45.54608000000002,32.81103000000002
2022-05-26 02:00:00,26.75,87.0,316.20694,304.48325,43.05694,31.33325000000002
2022-05-26 02:00:00,26.75,87.25,314.4005,303.4318,41.250500000000045,30.281800000000032
2022-05-26 02:00:00,26.75,87.5,312.54645,302.15536,39.396450000000016,29.005359999999996
2022-05-26 02:00:00,26.75,87.75,310.95084,301.39673,37.80084000000005,28.246730000000014
2022-05-26 02:00:00,26.75,88.0,309.88617,301.26367,36.736170000000016,28.113670000000013
2022-05-26 02:00:00,26.75,88.25,309.88617,301.26367,36.736170000000016,28.113670000000013
2022-05-26 02:00:00,26.75,88.5,309.41803,301.6571,36.26803000000001,28.507100000000037
2022-05-26 02:00:00,26.75,88.75,309.90912,302.6933,36.759119999999996,29.543300000000045
2022-05-26 02:00:00,26.75,89.0,310.82343,303.04327,37.673429999999996,29.89327000000003
2022-05-26 02:00:00,26.75,89.25,311.78262,302.93396,38.63262000000003,29.783960000000036
2022-05-26 02:00:00,26.75,89.5,311.97266,301.33945,38.82266000000004,28.189450000000022
2022-05-26 02:00:00,26.75,89.75,311.07916,299.81848,37.929160000000024,26.668480000000045
2022-05-26 02:00:00,26.75,90.0,311.93057,301.4296,38.78057000000001,28.279600000000016
2022-05-26 02:00:00,26.5,85.5,321.2733,308.2001,48.12330000000003,35.05010000000004
2022-05-26 02:00:00,26.5,85.75,321.31534,308.1193,48.165340000000015,34.96930000000003
2022-05-26 02:00:00,26.5,86.0,321.31534,308.1193,48.165340000000015,34.96930000000003
2022-05-26 02:00:00,26.5,86.25,321.90533,308.2072,48.755330000000015,35.05720000000002
2022-05-26 02:00:00,26.5,86.5,321.24402,307.06326,48.09402,33.91326000000004
2022-05-26 02:00:00,26.5,86.75,318.50812,305.12415,45.35812000000004,31.97415000000001
2022-05-26 02:00:00,26.5,87.0,316.40494,304.66235,43.25494000000003,31.512350000000026
2022-05-26 02:00:00,26.5,87.25,315.59607,304.6707,42.44607000000002,31.520700000000033
2022-05-26 02:00:00,26.5,87.5,314.86618,303.82736,41.71618000000001,30.67736000000002
2022-05-26 02:00:00,26.5,87.75,314.41968,303.8022,41.26968000000005,30.65220000000005
2022-05-26 02:00:00,26.5,88.0,314.44955,304.81732,41.29955000000001,31.667320000000018
2022-05-26 02:00:00,26.5,88.25,314.44955,304.81732,41.29955000000001,31.667320000000018
2022-05-26 02:00:00,26.5,88.5,314.1745,305.36304,41.024500000000046,32.213040000000035
2022-05-26 02:00:00,26.5,88.75,313.47437,305.3832,40.324370000000044,32.23320000000001
2022-05-26 02:00:00,26.5,89.0,312.9329,305.22125,39.78290000000004,32.07125000000002
2022-05-26 02:00:00,26.5,89.25,312.31345,304.80362,39.16345000000001,31.653620000000046
2022-05-26 02:00:00,26.5,89.5,310.7793,304.13364,37.6293,30.983640000000037
2022-05-26 02:00:00,26.5,89.75,308.69824,303.41187,35.54824000000002,30.261870000000044
2022-05-26 02:00:00,26.5,90.0,306.9147,302.44653,33.764700000000005,29.29653000000002
2022-05-26 02:00:00,26.25,85.5,320.898,308.26767,47.74800000000005,35.11767000000003
2022-05-26 02:00:00,26.25,85.75,321.69617,308.42938,48.54617000000002,35.27938
2022-05-26 02:00:00,26.25,86.0,321.69617,308.42938,48.54617000000002,35.27938
2022-05-26 02:00:00,26.25,86.25,321.8793,308.02823,48.72930000000002,34.87823000000003
2022-05-26 02:00:00,26.25,86.5,319.8825,306.36414,46.732500000000016,33.21414000000004
2022-05-26 02:00:00,26.25,86.75,316.9931,303.90564,43.84310000000005,30.755640000000028
2022-05-26 02:00:00,26.25,87.0,314.41025,303.23737,41.26025000000004,30.08737000000002
2022-05-26 02:00:00,26.25,87.25,314.0354,303.96677,40.885400000000004,30.81677000000002
2022-05-26 02:00:00,26.25,87.5,314.76038,304.3776,41.61038000000002,31.227599999999995
2022-05-26 02:00:00,26.25,87.75,315.4641,304.74072,42.314099999999996,31.590720000000033
2022-05-26 02:00:00,26.25,88.0,315.96262,305.31238,42.81262000000004,32.16238000000004
2022-05-26 02:00:00,26.25,88.25,315.96262,305.31238,42.81262000000004,32.16238000000004
2022-05-26 02:00:00,26.25,88.5,316.1161,305.80127,42.96610000000004,32.65127000000001
2022-05-26 02:00:00,26.25,88.75,315.53952,305.965,42.389520000000005,32.815
2022-05-26 02:00:00,26.25,89.0,314.01447,305.03513,40.86447000000004,31.885130000000004
2022-05-26 02:00:00,26.25,89.25,312.0874,303.63055,38.937400000000025,30.48055000000005
2022-05-26 02:00:00,26.25,89.5,308.82004,302.777,35.67004000000003,29.62700000000001
2022-05-26 02:00:00,26.25,89.75,304.64334,302.03027,31.493340000000046,28.880269999999996
2022-05-26 02:00:00,26.25,90.0,301.3072,301.21277,28.157200000000046,28.06277
2022-05-26 02:00:00,26.0,85.5,321.3903,308.81317,48.24030000000005,35.66317000000004
2022-05-26 02:00:00,26.0,85.75,321.60745,308.91446,48.457449999999994,35.76446000000004
2022-05-26 02:00:00,26.0,86.0,321.60745,308.91446,48.457449999999994,35.76446000000004
2022-05-26 02:00:00,26.0,86.25,321.74954,308.29968,48.59954000000005,35.149680000000046
2022-05-26 02:00:00,26.0,86.5,320.22916,307.21817,47.07916,34.06817000000001
2022-05-26 02:00:00,26.0,86.75,318.83426,305.71826,45.684259999999995,32.56826000000001
2022-05-26 02:00:00,26.0,87.0,316.7,305.23962,43.55000000000001,32.089620000000025
2022-05-26 02:00:00,26.0,87.25,315.80264,305.57434,42.65264000000002,32.42434000000003
2022-05-26 02:00:00,26.0,87.5,315.90662,305.63632,42.75662,32.486320000000035
2022-05-26 02:00:00,26.0,87.75,316.0552,305.61786,42.905200000000036,32.46786000000003
2022-05-26 02:00:00,26.0,88.0,316.37546,305.91492,43.22546,32.76492000000002
2022-05-26 02:00:00,26.0,88.25,316.37546,305.91492,43.22546,32.76492000000002
2022-05-26 02:00:00,26.0,88.5,317.00992,306.19055,43.859920000000045,33.040549999999996
2022-05-26 02:00:00,26.0,88.75,317.26993,305.9838,44.11993000000001,32.8338
2022-05-26 02:00:00,26.0,89.0,316.27078,305.03894,43.120780000000025,31.888940000000048
2022-05-26 02:00:00,26.0,89.25,313.86407,303.62582,40.71407000000005,30.47582
2022-05-26 02:00:00,26.0,89.5,310.94635,302.56073,37.79635000000002,29.41073
2022-05-26 02:00:00,26.0,89.75,306.7763,301.37256,33.626300000000015,28.222560000000044
2022-05-26 02:00:00,26.0,90.0,303.90747,301.91202,30.757470000000012,28.762020000000007
2022-05-26 02:00:00,25.75,85.5,321.38037,309.20367,48.23037000000005,36.05367000000001
2022-05-26 02:00:00,25.75,85.75,321.61462,309.17575,48.464620000000025,36.025750000000016
2022-05-26 02:00:00,25.75,86.0,321.61462,309.17575,48.464620000000025,36.025750000000016
2022-05-26 02:00:00,25.75,86.25,321.32358,308.84848,48.173580000000015,35.69848000000002
2022-05-26 02:00:00,25.75,86.5,320.63586,308.12808,47.48586,34.978080000000034
2022-05-26 02:00:00,25.75,86.75,319.6403,306.65402,46.49030000000005,33.504020000000025
2022-05-26 02:00:00,25.75,87.0,318.25482,306.24908,45.10482000000002,33.099080000000015
2022-05-26 02:00:00,25.75,87.25,316.99057,306.2784,43.840570000000014,33.1284
2022-05-26 02:00:00,25.75,87.5,315.97787,306.04013,42.82787000000002,32.89013
2022-05-26 02:00:00,25.75,87.75,315.69083,305.82373,42.54083000000003,32.673730000000035
2022-05-26 02:00:00,25.75,88.0,316.33755,305.62378,43.187550000000044,32.47378000000003
2022-05-26 02:00:00,25.75,88.25,316.33755,305.62378,43.187550000000044,32.47378000000003
2022-05-26 02:00:00,25.75,88.5,317.2367,305.39832,44.08670000000001,32.248320000000035
2022-05-26 02:00:00,25.75,88.75,317.3781,305.07028,44.22810000000004,31.920280000000048
2022-05-26 02:00:00,25.75,89.0,316.4789,304.1211,43.32890000000003,30.971100000000035
2022-05-26 02:00:00,25.75,89.25,315.14612,303.33157,41.99612000000002,30.181570000000022
2022-05-26 02:00:00,25.75,89.5,312.60202,302.67352,39.452020000000005,29.52352000000002
2022-05-26 02:00:00,25.75,89.75,309.5371,301.2353,36.38710000000003,28.085300000000018
2022-05-26 02:00:00,25.75,90.0,307.11548,300.57956,33.965480000000014,27.429560000000038
2022-05-26 02:00:00,25.5,85.5,321.71045,309.36758,48.56045,36.21758
2022-05-26 02:00:00,25.5,85.75,321.34735,309.32794,48.19735000000003,36.177940000000035
2022-05-26 02:00:00,25.5,86.0,321.34735,309.32794,48.19735000000003,36.177940000000035
2022-05-26 02:00:00,25.5,86.25,321.375,309.2788,48.22500000000002,36.12880000000001
2022-05-26 02:00:00,25.5,86.5,320.96344,308.8292,47.813440000000014,35.67920000000004
2022-05-26 02:00:00,25.5,86.75,320.4153,307.38913,47.265300000000025,34.239130000000046
2022-05-26 02:00:00,25.5,87.0,319.88452,306.7958,46.73452000000003,33.64580000000001
2022-05-26 02:00:00,25.5,87.25,318.95154,306.64792,45.801540000000045,33.49792000000002
2022-05-26 02:00:00,25.5,87.5,317.44977,306.53513,44.299770000000024,33.385130000000004
2022-05-26 02:00:00,25.5,87.75,316.42,306.28714,43.27000000000004,33.137140000000045
2022-05-26 02:00:00,25.5,88.0,316.4453,305.94635,43.2953,32.79635000000002
2022-05-26 02:00:00,25.5,88.25,316.4453,305.94635,43.2953,32.79635000000002
2022-05-26 02:00:00,25.5,88.5,317.10968,305.81235,43.95968000000005,32.66235
2022-05-26 02:00:00,25.5,88.75,317.42697,305.52017,44.276970000000006,32.37017000000003
2022-05-26 02:00:00,25.5,89.0,316.39328,304.46198,43.24328000000003,31.311980000000005
2022-05-26 02:00:00,25.5,89.25,314.57574,303.5953,41.42574000000002,30.44530000000003
2022-05-26 02:00:00,25.5,89.5,311.9897,302.71802,38.83970000000005,29.568020000000047
2022-05-26 02:00:00,25.5,89.75,309.2796,301.49313,36.12960000000004,28.34313000000003
2022-05-26 02:00:00,25.5,90.0,307.2668,300.10812,34.11680000000001,26.958120000000008
2022-05-26 02:00:00,25.25,85.5,322.41324,309.3545,49.263239999999996,36.204499999999996
2022-05-26 02:00:00,25.25,85.75,322.3777,309.5611,49.22770000000003,36.41110000000003
2022-05-26 02:00:00,25.25,86.0,322.3777,309.5611,49.22770000000003,36.41110000000003
2022-05-26 02:00:00,25.25,86.25,321.71338,309.37735,48.563379999999995,36.22735
2022-05-26 02:00:00,25.25,86.5,320.5259,308.99664,47.3759,35.846640000000036
2022-05-26 02:00:00,25.25,86.75,320.33264,308.7993,47.18264000000005,35.64930000000004
2022-05-26 02:00:00,25.25,87.0,321.03098,308.9312,47.88098000000002,35.78120000000001
2022-05-26 02:00:00,25.25,87.25,320.69348,308.37518,47.543480000000045,35.22518000000002
2022-05-26 02:00:00,25.25,87.5,319.00674,307.33652,45.85674,34.18652000000003
2022-05-26 02:00:00,25.25,87.75,317.62433,306.74927,44.47433000000001,33.59927000000005
2022-05-26 02:00:00,25.25,88.0,317.28098,306.7374,44.13098000000002,33.5874
2022-05-26 02:00:00,25.25,88.25,317.28098,306.7374,44.13098000000002,33.5874
2022-05-26 02:00:00,25.25,88.5,317.11133,306.35913,43.96133000000003,33.209130000000016
2022-05-26 02:00:00,25.25,88.75,316.44162,305.09814,43.29162000000002,31.948140000000024
2022-05-26 02:00:00,25.25,89.0,315.10074,303.64267,41.950739999999996,30.492670000000032
2022-05-26 02:00:00,25.25,89.25,312.65787,302.3055,39.507870000000025,29.155500000000018
2022-05-26 02:00:00,25.25,89.5,309.82285,301.33447,36.67285000000004,28.184470000000033
2022-05-26 02:00:00,25.25,89.75,307.1039,301.64914,33.95390000000003,28.49914000000001
2022-05-26 02:00:00,25.25,90.0,304.87347,300.05923,31.72347000000002,26.909230000000036
2022-05-26 02:00:00,25.0,85.5,322.08984,309.11737,48.939840000000004,35.96737000000002
2022-05-26 02:00:00,25.0,85.75,321.54977,309.29462,48.399770000000046,36.14462000000003
2022-05-26 02:00:00,25.0,86.0,321.54977,309.29462,48.399770000000046,36.14462000000003
2022-05-26 02:00:00,25.0,86.25,320.8133,309.04736,47.66330000000005,35.89736000000005
2022-05-26 02:00:00,25.0,86.5,321.35638,308.91745,48.206380000000024,35.76745
2022-05-26 02:00:00,25.0,86.75,321.25497,308.8407,48.10497000000004,35.69070000000005
2022-05-26 02:00:00,25.0,87.0,320.97498,308.92178,47.82498000000004,35.771780000000035
2022-05-26 02:00:00,25.0,87.25,321.1409,308.5265,47.99090000000001,35.37650000000002
2022-05-26 02:00:00,25.0,87.5,320.41153,307.7568,47.26153000000005,34.60680000000002
2022-05-26 02:00:00,25.0,87.75,319.18674,307.6598,46.03674000000001,34.50980000000004
2022-05-26 02:00:00,25.0,88.0,318.04883,307.58218,44.89883000000003,34.43218000000002
2022-05-26 02:00:00,25.0,88.25,318.04883,307.58218,44.89883000000003,34.43218000000002
2022-05-26 02:00:00,25.0,88.5,316.92136,306.67285,43.771360000000016,33.522850000000005
2022-05-26 02:00:00,25.0,88.75,315.76382,305.62823,42.61382000000003,32.478229999999996
2022-05-26 02:00:00,25.0,89.0,313.8033,304.47226,40.6533,31.32226000000003
2022-05-26 02:00:00,25.0,89.25,311.07996,302.9888,37.92996000000005,29.83880000000005
2022-05-26 02:00:00,25.0,89.5,308.3074,302.22012,35.157399999999996,29.07012000000003
2022-05-26 02:00:00,25.0,89.75,305.73044,302.57452,32.58044000000001,29.42452000000003
2022-05-26 02:00:00,25.0,90.0,303.98093,301.60007,30.830930000000023,28.45007000000004
2022-05-26 02:00:00,24.75,85.5,322.08984,309.11737,48.939840000000004,35.96737000000002
2022-05-26 02:00:00,24.75,85.75,321.54977,309.29462,48.399770000000046,36.14462000000003
2022-05-26 02:00:00,24.75,86.0,321.54977,309.29462,48.399770000000046,36.14462000000003
2022-05-26 02:00:00,24.75,86.25,320.8133,309.04736,47.66330000000005,35.89736000000005
2022-05-26 02:00:00,24.75,86.5,321.35638,308.91745,48.206380000000024,35.76745
2022-05-26 02:00:00,24.75,86.75,321.25497,308.8407,48.10497000000004,35.69070000000005
2022-05-26 02:00:00,24.75,87.0,320.97498,308.92178,47.82498000000004,35.771780000000035
2022-05-26 02:00:00,24.75,87.25,321.1409,308.5265,47.99090000000001,35.37650000000002
2022-05-26 02:00:00,24.75,87.5,320.41153,307.7568,47.26153000000005,34.60680000000002
2022-05-26 02:00:00,24.75,87.75,319.18674,307.6598,46.03674000000001,34.50980000000004
2022-05-26 02:00:00,24.75,88.0,318.04883,307.58218,44.89883000000003,34.43218000000002
2022-05-26 02:00:00,24.75,88.25,318.04883,307.58218,44.89883000000003,34.43218000000002
2022-05-26 02:00:00,24.75,88.5,316.92136,306.67285,43.771360000000016,33.522850000000005
2022-05-26 02:00:00,24.75,88.75,315.76382,305.62823,42.61382000000003,32.478229999999996
2022-05-26 02:00:00,24.75,89.0,313.8033,304.47226,40.6533,31.32226000000003
2022-05-26 02:00:00,24.75,89.25,311.07996,302.9888,37.92996000000005,29.83880000000005
2022-05-26 02:00:00,24.75,89.5,308.3074,302.22012,35.157399999999996,29.07012000000003
2022-05-26 02:00:00,24.75,89.75,305.73044,302.57452,32.58044000000001,29.42452000000003
2022-05-26 02:00:00,24.75,90.0,303.98093,301.60007,30.830930000000023,28.45007000000004
2022-05-26 02:00:00,24.5,85.5,320.21115,308.23044,47.06115,35.08044000000001
2022-05-26 02:00:00,24.5,85.75,320.8616,308.20612,47.71160000000003,35.05612000000002
2022-05-26 02:00:00,24.5,86.0,320.8616,308.20612,47.71160000000003,35.05612000000002
2022-05-26 02:00:00,24.5,86.25,320.74265,307.76352,47.59265000000005,34.61352000000005
2022-05-26 02:00:00,24.5,86.5,321.17792,307.6502,48.027919999999995,34.50020000000001
2022-05-26 02:00:00,24.5,86.75,321.43747,307.90762,48.28747000000004,34.75762000000003
2022-05-26 02:00:00,24.5,87.0,321.54785,308.3295,48.397850000000005,35.17950000000002
2022-05-26 02:00:00,24.5,87.25,321.0817,308.4639,47.931700000000035,35.31390000000005
2022-05-26 02:00:00,24.5,87.5,320.60483,308.3818,47.454830000000015,35.23180000000002
2022-05-26 02:00:00,24.5,87.75,320.29794,308.37726,47.147940000000006,35.22726
2022-05-26 02:00:00,24.5,88.0,319.28168,307.9465,46.13168000000002,34.79650000000004
2022-05-26 02:00:00,24.5,88.25,319.28168,307.9465,46.13168000000002,34.79650000000004
2022-05-26 02:00:00,24.5,88.5,317.39163,306.9256,44.24163000000004,33.7756
2022-05-26 02:00:00,24.5,88.75,315.27194,305.7958,42.121939999999995,32.64580000000001
2022-05-26 02:00:00,24.5,89.0,312.86557,304.22266,39.715570000000014,31.07266000000004
2022-05-26 02:00:00,24.5,89.25,310.48987,302.38367,37.33987000000002,29.233670000000018
2022-05-26 02:00:00,24.5,89.5,308.6182,301.6146,35.468200000000024,28.46460000000002
2022-05-26 02:00:00,24.5,89.75,306.95825,301.28125,33.808250000000044,28.131250000000023
2022-05-26 02:00:00,24.5,90.0,305.7598,300.97894,32.60980000000001,27.828940000000046
2022-05-26 02:00:00,24.25,85.5,318.72528,306.72467,45.57528000000002,33.574670000000026
2022-05-26 02:00:00,24.25,85.75,320.50717,307.26633,47.357169999999996,34.116330000000005
2022-05-26 02:00:00,24.25,86.0,320.50717,307.26633,47.357169999999996,34.116330000000005
2022-05-26 02:00:00,24.25,86.25,321.21255,307.22354,48.062550000000044,34.07354000000004
2022-05-26 02:00:00,24.25,86.5,321.44696,307.43784,48.29696000000001,34.28784000000002
2022-05-26 02:00:00,24.25,86.75,321.28635,307.80402,48.13635000000005,34.65402
2022-05-26 02:00:00,24.25,87.0,321.18942,307.92603,48.03942000000001,34.77603000000005
2022-05-26 02:00:00,24.25,87.25,321.00912,308.14413,47.85912000000002,34.99413000000004
2022-05-26 02:00:00,24.25,87.5,321.11047,308.68137,47.96047000000004,35.53137000000004
2022-05-26 02:00:00,24.25,87.75,321.56174,309.35266,48.41174000000001,36.20266000000004
2022-05-26 02:00:00,24.25,88.0,321.23608,309.30896,48.08608000000004,36.158960000000036
2022-05-26 02:00:00,24.25,88.25,321.23608,309.30896,48.08608000000004,36.158960000000036
2022-05-26 02:00:00,24.25,88.5,318.93164,307.83044,45.78164000000004,34.68044000000003
2022-05-26 02:00:00,24.25,88.75,315.218,305.37756,42.06800000000004,32.22756000000004
2022-05-26 02:00:00,24.25,89.0,312.09586,303.49084,38.94586000000004,30.340840000000014
2022-05-26 02:00:00,24.25,89.25,310.52362,303.49313,37.37362000000002,30.34313000000003
2022-05-26 02:00:00,24.25,89.5,309.83545,304.11914,36.68545,30.96914000000004
2022-05-26 02:00:00,24.25,89.75,309.3852,304.0034,36.23520000000002,30.853400000000022
2022-05-26 02:00:00,24.25,90.0,308.9133,303.36478,35.763300000000015,30.21478000000002
2022-05-26 02:00:00,24.0,85.5,316.78784,305.25232,43.63784000000004,32.10232000000002
2022-05-26 02:00:00,24.0,85.75,318.5143,306.4355,45.364300000000014,33.28550000000001
2022-05-26 02:00:00,24.0,86.0,318.5143,306.4355,45.364300000000014,33.28550000000001
2022-05-26 02:00:00,24.0,86.25,319.67273,307.2132,46.522730000000024,34.063199999999995
2022-05-26 02:00:00,24.0,86.5,320.8484,307.77112,47.69840000000005,34.62112000000002
2022-05-26 02:00:00,24.0,86.75,321.45148,308.2693,48.301480000000026,35.11930000000001
2022-05-26 02:00:00,24.0,87.0,321.47336,308.43683,48.32336000000004,35.28683000000001
2022-05-26 02:00:00,24.0,87.25,321.18417,308.42975,48.03417000000002,35.279750000000035
2022-05-26 02:00:00,24.0,87.5,321.3229,308.6959,48.17290000000003,35.54590000000002
2022-05-26 02:00:00,24.0,87.75,321.87534,309.27847,48.72534000000002,36.12847000000005
2022-05-26 02:00:00,24.0,88.0,321.77362,309.70673,48.62362000000002,36.556730000000016
2022-05-26 02:00:00,24.0,88.25,321.77362,309.70673,48.62362000000002,36.556730000000016
2022-05-26 02:00:00,24.0,88.5,320.26477,309.0894,47.11477000000002,35.939400000000035
2022-05-26 02:00:00,24.0,88.75,317.27985,306.88565,44.12985000000003,33.73565000000002
2022-05-26 02:00:00,24.0,89.0,313.64276,304.6831,40.49276000000003,31.533100000000047
2022-05-26 02:00:00,24.0,89.25,311.8878,305.0159,38.73780000000005,31.86590000000001
2022-05-26 02:00:00,24.0,89.5,311.55286,305.24847,38.40286000000003,32.09847000000002
2022-05-26 02:00:00,24.0,89.75,311.13095,304.12558,37.98095000000001,30.975580000000036
2022-05-26 02:00:00,24.0,90.0,310.7262,302.82373,37.57620000000003,29.673730000000035
2022-05-26 02:00:00,23.75,85.5,316.44485,306.0924,43.29485,32.94240000000002
2022-05-26 02:00:00,23.75,85.75,317.11783,306.76425,43.96783000000005,33.61425000000003
2022-05-26 02:00:00,23.75,86.0,317.11783,306.76425,43.96783000000005,33.61425000000003
2022-05-26 02:00:00,23.75,86.25,318.7373,307.5237,45.58730000000003,34.37370000000004
2022-05-26 02:00:00,23.75,86.5,320.27206,308.19843,47.12206000000003,35.048429999999996
2022-05-26 02:00:00,23.75,86.75,320.72726,308.58325,47.577260000000024,35.433250000000044
2022-05-26 02:00:00,23.75,87.0,321.17075,308.72058,48.02075000000002,35.57058000000001
2022-05-26 02:00:00,23.75,87.25,321.24854,308.7787,48.098540000000014,35.62870000000004
2022-05-26 02:00:00,23.75,87.5,321.37936,308.95218,48.22936000000004,35.80218000000002
2022-05-26 02:00:00,23.75,87.75,321.8557,309.18848,48.705700000000036,36.03848000000005
2022-05-26 02:00:00,23.75,88.0,321.8175,309.1508,48.66750000000002,36.00080000000003
2022-05-26 02:00:00,23.75,88.25,321.8175,309.1508,48.66750000000002,36.00080000000003
2022-05-26 02:00:00,23.75,88.5,320.75012,309.14572,47.600120000000004,35.995720000000006
2022-05-26 02:00:00,23.75,88.75,318.98694,308.79926,45.83694000000003,35.64926000000003
2022-05-26 02:00:00,23.75,89.0,316.53183,306.5996,43.381830000000036,33.44960000000003
2022-05-26 02:00:00,23.75,89.25,314.0646,304.39395,40.91460000000001,31.24395000000004
2022-05-26 02:00:00,23.75,89.5,313.20267,304.07303,40.052670000000035,30.92303000000004
2022-05-26 02:00:00,23.75,89.75,312.37137,302.66934,39.221370000000036,29.51934
2022-05-26 02:00:00,23.75,90.0,312.48706,302.43765,39.33706000000001,29.287650000000042
2022-05-26 02:00:00,23.5,85.5,316.14337,305.93683,42.99337000000003,32.78683000000001
2022-05-26 02:00:00,23.5,85.75,316.92944,306.73654,43.77944000000002,33.586540000000014
2022-05-26 02:00:00,23.5,86.0,316.92944,306.73654,43.77944000000002,33.586540000000014
2022-05-26 02:00:00,23.5,86.25,318.74673,307.37366,45.596730000000036,34.223659999999995
2022-05-26 02:00:00,23.5,86.5,320.37854,308.18097,47.22854000000001,35.030970000000025
2022-05-26 02:00:00,23.5,86.75,321.1663,308.67984,48.0163,35.529840000000036
2022-05-26 02:00:00,23.5,87.0,321.1474,308.80325,47.99740000000003,35.653250000000014
2022-05-26 02:00:00,23.5,87.25,320.87503,308.8142,47.725030000000004,35.66420000000005
2022-05-26 02:00:00,23.5,87.5,321.09216,308.91754,47.94216,35.76754
2022-05-26 02:00:00,23.5,87.75,321.40945,308.9363,48.259450000000015,35.78630000000004
2022-05-26 02:00:00,23.5,88.0,321.26587,308.65024,48.11587000000003,35.50024000000002
2022-05-26 02:00:00,23.5,88.25,321.26587,308.65024,48.11587000000003,35.50024000000002
2022-05-26 02:00:00,23.5,88.5,320.6721,308.03305,47.52210000000002,34.883050000000026
2022-05-26 02:00:00,23.5,88.75,319.85745,308.0919,46.707449999999994,34.94190000000003
2022-05-26 02:00:00,23.5,89.0,319.04526,309.37997,45.89526000000001,36.22997000000004
2022-05-26 02:00:00,23.5,89.25,318.00406,308.9722,44.854060000000004,35.82220000000001
2022-05-26 02:00:00,23.5,89.5,316.5072,307.61035,43.357200000000034,34.460350000000005
2022-05-26 02:00:00,23.5,89.75,315.32547,307.26486,42.17547000000002,34.11486000000002
2022-05-26 02:00:00,23.5,90.0,314.52554,307.23737,41.37554,34.08737000000002
2022-05-26 02:00:00,23.25,85.5,317.5536,306.4872,44.40360000000004,33.337199999999996
2022-05-26 02:00:00,23.25,85.75,318.67712,307.47003,45.527120000000025,34.32003000000003
2022-05-26 02:00:00,23.25,86.0,318.67712,307.47003,45.527120000000025,34.32003000000003
2022-05-26 02:00:00,23.25,86.25,318.5344,307.63217,45.38440000000003,34.482169999999996
2022-05-26 02:00:00,23.25,86.5,319.38345,307.9759,46.233450000000005,34.82590000000005
2022-05-26 02:00:00,23.25,86.75,320.54947,308.45856,47.39947000000001,35.30856
2022-05-26 02:00:00,23.25,87.0,321.16473,308.84732,48.01473000000004,35.69732000000005
2022-05-26 02:00:00,23.25,87.25,321.16092,308.79828,48.01092,35.64828
2022-05-26 02:00:00,23.25,87.5,320.6121,308.55597,47.46210000000002,35.405970000000025
2022-05-26 02:00:00,23.25,87.75,319.9785,308.21725,46.82850000000002,35.06725
2022-05-26 02:00:00,23.25,88.0,319.72974,307.91092,46.579740000000015,34.76092
2022-05-26 02:00:00,23.25,88.25,319.72974,307.91092,46.579740000000015,34.76092
2022-05-26 02:00:00,23.25,88.5,319.6099,307.63077,46.459900000000005,34.48077000000001
2022-05-26 02:00:00,23.25,88.75,319.37048,307.30695,46.22048000000001,34.156949999999995
2022-05-26 02:00:00,23.25,89.0,319.2865,307.24683,46.13650000000001,34.09683000000001
2022-05-26 02:00:00,23.25,89.25,318.75525,307.2023,45.60525000000001,34.0523
2022-05-26 02:00:00,23.25,89.5,317.7492,307.0965,44.599199999999996,33.946500000000015
2022-05-26 02:00:00,23.25,89.75,317.58255,307.71875,44.43255000000005,34.56875000000002
2022-05-26 02:00:00,23.25,90.0,317.447,308.35953,44.297000000000025,35.20953000000003
2022-05-26 02:00:00,23.0,85.5,318.71954,307.14258,45.56954000000002,33.99258000000003
2022-05-26 02:00:00,23.0,85.75,319.02692,307.759,45.87692000000004,34.60900000000004
2022-05-26 02:00:00,23.0,86.0,319.02692,307.759,45.87692000000004,34.60900000000004
2022-05-26 02:00:00,23.0,86.25,318.91168,308.0539,45.76168000000001,34.90390000000002
2022-05-26 02:00:00,23.0,86.5,318.86115,308.08533,45.71115000000003,34.93533000000002
2022-05-26 02:00:00,23.0,86.75,319.61118,308.4424,46.46118000000001,35.29240000000004
2022-05-26 02:00:00,23.0,87.0,320.8256,308.75357,47.67560000000003,35.60357000000005
2022-05-26 02:00:00,23.0,87.25,321.03485,308.49124,47.88485000000003,35.34124000000003
2022-05-26 02:00:00,23.0,87.5,320.11084,308.02277,46.96084000000002,34.87277
2022-05-26 02:00:00,23.0,87.75,318.7761,307.69946,45.62610000000001,34.54946000000001
2022-05-26 02:00:00,23.0,88.0,317.87128,307.42026,44.721280000000036,34.27026000000001
2022-05-26 02:00:00,23.0,88.25,317.87128,307.42026,44.721280000000036,34.27026000000001
2022-05-26 02:00:00,23.0,88.5,317.82553,307.1733,44.67553000000004,34.023300000000006
2022-05-26 02:00:00,23.0,88.75,318.35788,307.04004,45.207880000000046,33.89004
2022-05-26 02:00:00,23.0,89.0,318.99017,306.9454,45.84017,33.79540000000003
2022-05-26 02:00:00,23.0,89.25,319.37598,307.06488,46.22598000000005,33.91488000000004
2022-05-26 02:00:00,23.0,89.5,319.09995,307.22278,45.94995,34.07278000000002
2022-05-26 02:00:00,23.0,89.75,319.38242,307.90903,46.23242000000005,34.759029999999996
2022-05-26 02:00:00,23.0,90.0,319.48242,309.58292,46.33242000000001,36.432920000000024
2022-05-26 02:00:00,22.75,85.5,320.1522,307.8356,47.002200000000016,34.68560000000002
2022-05-26 02:00:00,22.75,85.75,320.41782,308.27335,47.26782000000003,35.123350000000016
2022-05-26 02:00:00,22.75,86.0,320.41782,308.27335,47.26782000000003,35.123350000000016
2022-05-26 02:00:00,22.75,86.25,319.2995,308.1252,46.149500000000046,34.97520000000003
2022-05-26 02:00:00,22.75,86.5,318.99802,308.7113,45.84802000000002,35.56130000000002
2022-05-26 02:00:00,22.75,86.75,320.5156,309.12366,47.36560000000003,35.973659999999995
2022-05-26 02:00:00,22.75,87.0,321.46185,308.9902,48.31185000000005,35.84020000000004
2022-05-26 02:00:00,22.75,87.25,321.03543,308.42175,47.88543000000004,35.27175
2022-05-26 02:00:00,22.75,87.5,319.66013,308.00314,46.510130000000004,34.853139999999996
2022-05-26 02:00:00,22.75,87.75,318.77728,307.85635,45.62728000000004,34.70635000000004
2022-05-26 02:00:00,22.75,88.0,318.38855,307.60522,45.23855000000003,34.45522
2022-05-26 02:00:00,22.75,88.25,318.38855,307.60522,45.23855000000003,34.45522
2022-05-26 02:00:00,22.75,88.5,318.4307,307.3084,45.280700000000024,34.15840000000003
2022-05-26 02:00:00,22.75,88.75,318.6967,307.02182,45.546700000000044,33.871820000000014
2022-05-26 02:00:00,22.75,89.0,318.7657,306.79675,45.615700000000004,33.64675
2022-05-26 02:00:00,22.75,89.25,318.85168,306.7355,45.70168000000001,33.585500000000025
2022-05-26 02:00:00,22.75,89.5,319.70813,307.0839,46.558130000000006,33.93390000000005
2022-05-26 02:00:00,22.75,89.75,320.85077,307.9734,47.700770000000034,34.82340000000005
2022-05-26 02:00:00,22.75,90.0,320.7469,308.8111,47.596900000000005,35.66110000000003
2022-05-26 02:00:00,22.5,85.5,320.1522,307.8356,47.002200000000016,34.68560000000002
2022-05-26 02:00:00,22.5,85.75,320.41782,308.27335,47.26782000000003,35.123350000000016
2022-05-26 02:00:00,22.5,86.0,320.41782,308.27335,47.26782000000003,35.123350000000016
2022-05-26 02:00:00,22.5,86.25,319.2995,308.1252,46.149500000000046,34.97520000000003
2022-05-26 02:00:00,22.5,86.5,318.99802,308.7113,45.84802000000002,35.56130000000002
2022-05-26 02:00:00,22.5,86.75,320.5156,309.12366,47.36560000000003,35.973659999999995
2022-05-26 02:00:00,22.5,87.0,321.46185,308.9902,48.31185000000005,35.84020000000004
2022-05-26 02:00:00,22.5,87.25,321.03543,308.42175,47.88543000000004,35.27175
2022-05-26 02:00:00,22.5,87.5,319.66013,308.00314,46.510130000000004,34.853139999999996
2022-05-26 02:00:00,22.5,87.75,318.77728,307.85635,45.62728000000004,34.70635000000004
2022-05-26 02:00:00,22.5,88.0,318.38855,307.60522,45.23855000000003,34.45522
2022-05-26 02:00:00,22.5,88.25,318.38855,307.60522,45.23855000000003,34.45522
2022-05-26 02:00:00,22.5,88.5,318.4307,307.3084,45.280700000000024,34.15840000000003
2022-05-26 02:00:00,22.5,88.75,318.6967,307.02182,45.546700000000044,33.871820000000014
2022-05-26 02:00:00,22.5,89.0,318.7657,306.79675,45.615700000000004,33.64675
2022-05-26 02:00:00,22.5,89.25,318.85168,306.7355,45.70168000000001,33.585500000000025
2022-05-26 02:00:00,22.5,89.5,319.70813,307.0839,46.558130000000006,33.93390000000005
2022-05-26 02:00:00,22.5,89.75,320.85077,307.9734,47.700770000000034,34.82340000000005
2022-05-26 02:00:00,22.5,90.0,320.7469,308.8111,47.596900000000005,35.66110000000003
2022-05-26 02:00:00,22.25,85.5,319.55457,307.0816,46.404570000000035,33.9316
2022-05-26 02:00:00,22.25,85.75,319.35574,307.0395,46.20574000000005,33.8895
2022-05-26 02:00:00,22.25,86.0,319.35574,307.0395,46.20574000000005,33.8895
2022-05-26 02:00:00,22.25,86.25,318.39926,307.4798,45.24926000000005,34.329800000000034
2022-05-26 02:00:00,22.25,86.5,318.65536,308.81467,45.505359999999996,35.66467
2022-05-26 02:00:00,22.25,86.75,320.4238,309.44623,47.27380000000005,36.29623000000004
2022-05-26 02:00:00,22.25,87.0,321.5481,308.98602,48.3981,35.83602000000002
2022-05-26 02:00:00,22.25,87.25,321.7003,308.64362,48.55030000000005,35.49362000000002
2022-05-26 02:00:00,22.25,87.5,321.21307,308.54913,48.06307000000004,35.399130000000014
2022-05-26 02:00:00,22.25,87.75,320.34634,308.26904,47.19634000000002,35.11904000000004
2022-05-26 02:00:00,22.25,88.0,320.38715,308.17636,47.23715000000004,35.02636000000001
2022-05-26 02:00:00,22.25,88.25,320.38715,308.17636,47.23715000000004,35.02636000000001
2022-05-26 02:00:00,22.25,88.5,320.72867,308.12222,47.578670000000045,34.97222000000005
2022-05-26 02:00:00,22.25,88.75,320.3056,307.69098,47.15560000000005,34.54098000000005
2022-05-26 02:00:00,22.25,89.0,319.56787,307.17017,46.41787000000005,34.02017000000001
2022-05-26 02:00:00,22.25,89.25,319.4997,307.1864,46.34970000000004,34.036400000000015
2022-05-26 02:00:00,22.25,89.5,320.28345,307.6859,47.13345000000004,34.53590000000003
2022-05-26 02:00:00,22.25,89.75,321.31717,308.06348,48.16717,34.91348000000005
2022-05-26 02:00:00,22.25,90.0,321.4762,308.4309,48.32620000000003,35.28090000000003
2022-05-26 02:00:00,22.0,85.5,319.07242,306.43875,45.922420000000045,33.28875000000005
2022-05-26 02:00:00,22.0,85.75,319.07565,306.2038,45.92565000000002,33.053800000000024
2022-05-26 02:00:00,22.0,86.0,319.07565,306.2038,45.92565000000002,33.053800000000024
2022-05-26 02:00:00,22.0,86.25,317.80386,306.42523,44.65386000000001,33.27523000000002
2022-05-26 02:00:00,22.0,86.5,318.4038,308.31802,45.25380000000001,35.16802000000001
2022-05-26 02:00:00,22.0,86.75,320.6606,309.43066,47.51060000000001,36.28066000000001
2022-05-26 02:00:00,22.0,87.0,321.93945,308.9465,48.789450000000045,35.79650000000004
2022-05-26 02:00:00,22.0,87.25,322.50275,308.97974,49.352750000000015,35.829740000000015
2022-05-26 02:00:00,22.0,87.5,322.48828,309.0701,49.33828,35.92010000000005
2022-05-26 02:00:00,22.0,87.75,322.32913,308.6767,49.17913000000004,35.526700000000005
2022-05-26 02:00:00,22.0,88.0,322.4749,308.65912,49.324900000000014,35.509119999999996
2022-05-26 02:00:00,22.0,88.25,322.4749,308.65912,49.324900000000014,35.509119999999996
2022-05-26 02:00:00,22.0,88.5,322.0455,308.29367,48.89550000000003,35.14367000000004
2022-05-26 02:00:00,22.0,88.75,321.09042,307.5297,47.94042000000002,34.379700000000014
2022-05-26 02:00:00,22.0,89.0,320.2745,307.10248,47.12450000000001,33.95248000000004
2022-05-26 02:00:00,22.0,89.25,319.9855,307.02304,46.835500000000025,33.87304
2022-05-26 02:00:00,22.0,89.5,320.48468,307.01764,47.33468000000005,33.867639999999994
2022-05-26 02:00:00,22.0,89.75,321.35986,307.08417,48.20986000000005,33.934169999999995
2022-05-26 02:00:00,22.0,90.0,321.11078,307.3318,47.96078,34.18180000000001
2022-05-26 02:00:00,21.75,85.5,319.15778,306.7164,46.007780000000025,33.566400000000044
2022-05-26 02:00:00,21.75,85.75,319.64664,306.66382,46.49664000000001,33.51382000000001
2022-05-26 02:00:00,21.75,86.0,319.64664,306.66382,46.49664000000001,33.51382000000001
2022-05-26 02:00:00,21.75,86.25,317.09778,305.29086,43.94778000000002,32.14086000000003
2022-05-26 02:00:00,21.75,86.5,318.0729,306.88257,44.92290000000003,33.73257000000001
2022-05-26 02:00:00,21.75,86.75,321.47797,308.74554,48.32797000000005,35.59554000000003
2022-05-26 02:00:00,21.75,87.0,322.57916,308.5257,49.429160000000024,35.375699999999995
2022-05-26 02:00:00,21.75,87.25,323.14832,308.7853,49.998320000000035,35.63530000000003
2022-05-26 02:00:00,21.75,87.5,322.91748,308.61047,49.767480000000035,35.46047000000004
2022-05-26 02:00:00,21.75,87.75,321.17294,307.12674,48.022940000000006,33.97674000000001
2022-05-26 02:00:00,21.75,88.0,321.7864,307.31952,48.63640000000004,34.169520000000034
2022-05-26 02:00:00,21.75,88.25,321.7864,307.31952,48.63640000000004,34.169520000000034
2022-05-26 02:00:00,21.75,88.5,321.53705,306.96686,48.387050000000045,33.81686000000002
2022-05-26 02:00:00,21.75,88.75,320.64886,306.53366,47.498860000000036,33.38366000000002
2022-05-26 02:00:00,21.75,89.0,320.94894,307.00058,47.798940000000016,33.850580000000036
2022-05-26 02:00:00,21.75,89.25,320.55267,306.49796,47.40267,33.34796
2022-05-26 02:00:00,21.75,89.5,319.8903,305.40698,46.74030000000005,32.25698
2022-05-26 02:00:00,21.75,89.75,320.47812,305.26437,47.32812000000001,32.11437000000001
2022-05-26 02:00:00,21.75,90.0,319.8256,305.1718,46.67560000000003,32.02180000000004
2022-05-26 02:00:00,21.5,85.5,318.54022,306.81027,45.39022,33.660270000000025
2022-05-26 02:00:00,21.5,85.75,319.6713,307.74472,46.5213,34.594719999999995
2022-05-26 02:00:00,21.5,86.0,319.6713,307.74472,46.5213,34.594719999999995
2022-05-26 02:00:00,21.5,86.25,319.65353,307.50784,46.50353000000001,34.35784000000001
2022-05-26 02:00:00,21.5,86.5,320.43912,307.95935,47.289120000000025,34.809349999999995
2022-05-26 02:00:00,21.5,86.75,322.157,308.67264,49.007000000000005,35.522640000000024
2022-05-26 02:00:00,21.5,87.0,320.35477,306.45474,47.204769999999996,33.30474000000004
2022-05-26 02:00:00,21.5,87.25,320.02045,305.657,46.870450000000005,32.507000000000005
2022-05-26 02:00:00,21.5,87.5,320.00687,305.57367,46.856870000000015,32.423670000000016
2022-05-26 02:00:00,21.5,87.75,320.12393,305.42447,46.973929999999996,32.27447000000001
2022-05-26 02:00:00,21.5,88.0,320.31116,305.65866,47.161159999999995,32.50866000000002
2022-05-26 02:00:00,21.5,88.25,320.31116,305.65866,47.161159999999995,32.50866000000002
2022-05-26 02:00:00,21.5,88.5,320.38342,305.65674,47.233420000000024,32.506740000000036
2022-05-26 02:00:00,21.5,88.75,320.0088,305.42688,46.85880000000003,32.276880000000006
2022-05-26 02:00:00,21.5,89.0,319.35294,305.30228,46.20294000000001,32.15228000000002
2022-05-26 02:00:00,21.5,89.25,319.15363,305.23453,46.003630000000044,32.08453000000003
2022-05-26 02:00:00,21.5,89.5,319.5952,305.28067,46.4452,32.13067000000001
2022-05-26 02:00:00,21.5,89.75,319.965,305.3116,46.815,32.16160000000002
2022-05-26 02:00:00,21.5,90.0,319.585,305.13,46.435,31.980000000000018
2022-05-26 02:00:00,21.25,85.5,318.9223,307.85233,45.77230000000003,34.70233000000002
2022-05-26 02:00:00,21.25,85.75,320.12503,308.8514,46.975030000000004,35.701400000000035
2022-05-26 02:00:00,21.25,86.0,320.12503,308.8514,46.975030000000004,35.701400000000035
2022-05-26 02:00:00,21.25,86.25,320.98553,309.49106,47.835530000000006,36.34106000000003
2022-05-26 02:00:00,21.25,86.5,322.18802,309.46826,49.03802000000002,36.31826000000001
2022-05-26 02:00:00,21.25,86.75,321.27048,308.22974,48.12048000000004,35.079740000000015
2022-05-26 02:00:00,21.25,87.0,320.14722,306.18604,46.99722000000003,33.036040000000014
2022-05-26 02:00:00,21.25,87.25,320.1019,305.5442,46.95190000000002,32.39420000000001
2022-05-26 02:00:00,21.25,87.5,320.1704,305.52863,47.020399999999995,32.378630000000044
2022-05-26 02:00:00,21.25,87.75,320.29736,305.6713,47.14736000000005,32.5213
2022-05-26 02:00:00,21.25,88.0,320.3642,305.75345,47.214200000000005,32.60345000000001
2022-05-26 02:00:00,21.25,88.25,320.3642,305.75345,47.214200000000005,32.60345000000001
2022-05-26 02:00:00,21.25,88.5,320.16708,305.6241,47.01708000000002,32.47410000000002
2022-05-26 02:00:00,21.25,88.75,319.8096,305.49176,46.65960000000001,32.34176000000002
2022-05-26 02:00:00,21.25,89.0,319.41104,305.37466,46.26104000000004,32.22466000000003
2022-05-26 02:00:00,21.25,89.25,319.0985,305.22128,45.948500000000024,32.07128
2022-05-26 02:00:00,21.25,89.5,319.06418,305.15094,45.914180000000044,32.000940000000014
2022-05-26 02:00:00,21.25,89.75,319.1841,305.05792,46.034100000000024,31.907920000000047
2022-05-26 02:00:00,21.25,90.0,319.11887,304.88763,45.96887000000004,31.737630000000024
2022-05-26 02:00:00,21.0,85.5,320.55936,309.15057,47.40936000000005,36.00057000000004
2022-05-26 02:00:00,21.0,85.75,321.28104,309.14264,48.13104000000004,35.992639999999994
2022-05-26 02:00:00,21.0,86.0,321.28104,309.14264,48.13104000000004,35.992639999999994
2022-05-26 02:00:00,21.0,86.25,322.10477,308.993,48.954769999999996,35.84300000000002
2022-05-26 02:00:00,21.0,86.5,322.21362,308.71655,49.063620000000014,35.56655000000001
2022-05-26 02:00:00,21.0,86.75,322.81815,308.08386,49.668150000000026,34.93386000000004
2022-05-26 02:00:00,21.0,87.0,320.42435,306.4063,47.27435000000003,33.25630000000001
2022-05-26 02:00:00,21.0,87.25,320.01135,305.74423,46.861350000000016,32.59423000000004
2022-05-26 02:00:00,21.0,87.5,320.2366,305.5932,47.08660000000003,32.44320000000005
2022-05-26 02:00:00,21.0,87.75,320.28073,305.6,47.13073000000003,32.450000000000045
2022-05-26 02:00:00,21.0,88.0,319.98358,305.56412,46.83358000000004,32.414120000000025
2022-05-26 02:00:00,21.0,88.25,319.98358,305.56412,46.83358000000004,32.414120000000025
2022-05-26 02:00:00,21.0,88.5,319.48102,305.40228,46.331020000000024,32.25228000000004
2022-05-26 02:00:00,21.0,88.75,319.2577,305.29767,46.10770000000002,32.147670000000005
2022-05-26 02:00:00,21.0,89.0,319.34937,305.36475,46.199370000000044,32.21475000000004
2022-05-26 02:00:00,21.0,89.25,319.25003,305.34802,46.100030000000004,32.19802000000004
2022-05-26 02:00:00,21.0,89.5,318.87592,305.08762,45.72592000000003,31.937620000000038
2022-05-26 02:00:00,21.0,89.75,318.63885,304.88354,45.48885000000001,31.733540000000005
2022-05-26 02:00:00,21.0,90.0,318.67365,304.8751,45.52365000000003,31.725099999999998
2022-05-26 03:00:00,27.5,85.5,319.35938,303.15448,46.20938000000001,30.00448
2022-05-26 03:00:00,27.5,85.75,317.32053,302.76187,44.17053000000004,29.61187000000001
2022-05-26 03:00:00,27.5,86.0,317.32053,302.76187,44.17053000000004,29.61187000000001
2022-05-26 03:00:00,27.5,86.25,314.92123,300.90585,41.77123,27.75585000000001
2022-05-26 03:00:00,27.5,86.5,312.62515,298.56912,39.47515000000004,25.41912000000002
2022-05-26 03:00:00,27.5,86.75,312.03885,297.96796,38.88885000000005,24.817960000000028
2022-05-26 03:00:00,27.5,87.0,312.34607,298.1806,39.19607000000002,25.03060000000005
2022-05-26 03:00:00,27.5,87.25,313.74863,299.53387,40.598630000000014,26.38387
2022-05-26 03:00:00,27.5,87.5,314.15015,299.45822,41.00015000000002,26.308220000000006
2022-05-26 03:00:00,27.5,87.75,311.40384,296.79773,38.253840000000025,23.647730000000024
2022-05-26 03:00:00,27.5,88.0,308.27414,294.70917,35.12414000000001,21.559169999999995
2022-05-26 03:00:00,27.5,88.25,308.27414,294.70917,35.12414000000001,21.559169999999995
2022-05-26 03:00:00,27.5,88.5,306.97293,295.30222,33.82293000000004,22.15222
2022-05-26 03:00:00,27.5,88.75,305.08676,294.6036,31.93676000000005,21.453599999999994
2022-05-26 03:00:00,27.5,89.0,301.89575,289.83606,28.745750000000044,16.686059999999998
2022-05-26 03:00:00,27.5,89.25,300.60135,288.38055,27.451350000000048,15.23055000000005
2022-05-26 03:00:00,27.5,89.5,305.0205,292.20087,31.87050000000005,19.05087000000003
2022-05-26 03:00:00,27.5,89.75,307.91064,294.9084,34.76064000000002,21.758399999999995
2022-05-26 03:00:00,27.5,90.0,311.6739,297.353,38.523900000000026,24.20300000000003
2022-05-26 03:00:00,27.25,85.5,325.35458,308.8242,52.20458000000002,35.67420000000004
2022-05-26 03:00:00,27.25,85.75,323.9541,307.38385,50.804100000000005,34.23385000000002
2022-05-26 03:00:00,27.25,86.0,323.9541,307.38385,50.804100000000005,34.23385000000002
2022-05-26 03:00:00,27.25,86.25,321.30896,305.39813,48.158960000000036,32.24813
2022-05-26 03:00:00,27.25,86.5,319.62888,303.92926,46.478880000000004,30.779260000000022
2022-05-26 03:00:00,27.25,86.75,319.20203,303.28134,46.05203,30.131340000000023
2022-05-26 03:00:00,27.25,87.0,317.94543,302.43164,44.79543000000001,29.28164000000004
2022-05-26 03:00:00,27.25,87.25,317.501,302.4306,44.351,29.28060000000005
2022-05-26 03:00:00,27.25,87.5,317.60007,302.39667,44.45007000000004,29.246669999999995
2022-05-26 03:00:00,27.25,87.75,315.1972,300.92932,42.04720000000003,27.77932000000004
2022-05-26 03:00:00,27.25,88.0,311.75522,299.487,38.60522000000003,26.337000000000046
2022-05-26 03:00:00,27.25,88.25,311.75522,299.487,38.60522000000003,26.337000000000046
2022-05-26 03:00:00,27.25,88.5,309.79617,299.78998,36.64617000000004,26.639980000000037
2022-05-26 03:00:00,27.25,88.75,308.09378,299.7731,34.943780000000004,26.623100000000022
2022-05-26 03:00:00,27.25,89.0,306.6917,297.5049,33.54170000000005,24.354900000000043
2022-05-26 03:00:00,27.25,89.25,306.6243,296.06033,33.47430000000003,22.910330000000044
2022-05-26 03:00:00,27.25,89.5,307.4608,294.93375,34.31080000000003,21.783749999999998
2022-05-26 03:00:00,27.25,89.75,309.65643,295.59415,36.50643000000002,22.444150000000036
2022-05-26 03:00:00,27.25,90.0,314.83176,298.95865,41.68176,25.80865
2022-05-26 03:00:00,27.0,85.5,325.35458,308.8242,52.20458000000002,35.67420000000004
2022-05-26 03:00:00,27.0,85.75,323.9541,307.38385,50.804100000000005,34.23385000000002
2022-05-26 03:00:00,27.0,86.0,323.9541,307.38385,50.804100000000005,34.23385000000002
2022-05-26 03:00:00,27.0,86.25,321.30896,305.39813,48.158960000000036,32.24813
2022-05-26 03:00:00,27.0,86.5,319.62888,303.92926,46.478880000000004,30.779260000000022
2022-05-26 03:00:00,27.0,86.75,319.20203,303.28134,46.05203,30.131340000000023
2022-05-26 03:00:00,27.0,87.0,317.94543,302.43164,44.79543000000001,29.28164000000004
2022-05-26 03:00:00,27.0,87.25,317.501,302.4306,44.351,29.28060000000005
2022-05-26 03:00:00,27.0,87.5,317.60007,302.39667,44.45007000000004,29.246669999999995
2022-05-26 03:00:00,27.0,87.75,315.1972,300.92932,42.04720000000003,27.77932000000004
2022-05-26 03:00:00,27.0,88.0,311.75522,299.487,38.60522000000003,26.337000000000046
2022-05-26 03:00:00,27.0,88.25,311.75522,299.487,38.60522000000003,26.337000000000046
2022-05-26 03:00:00,27.0,88.5,309.79617,299.78998,36.64617000000004,26.639980000000037
2022-05-26 03:00:00,27.0,88.75,308.09378,299.7731,34.943780000000004,26.623100000000022
2022-05-26 03:00:00,27.0,89.0,306.6917,297.5049,33.54170000000005,24.354900000000043
2022-05-26 03:00:00,27.0,89.25,306.6243,296.06033,33.47430000000003,22.910330000000044
2022-05-26 03:00:00,27.0,89.5,307.4608,294.93375,34.31080000000003,21.783749999999998
2022-05-26 03:00:00,27.0,89.75,309.65643,295.59415,36.50643000000002,22.444150000000036
2022-05-26 03:00:00,27.0,90.0,314.83176,298.95865,41.68176,25.80865
2022-05-26 03:00:00,26.75,85.5,326.5287,310.29364,53.37870000000004,37.143640000000005
2022-05-26 03:00:00,26.75,85.75,327.18066,309.85876,54.03066000000001,36.70876000000004
2022-05-26 03:00:00,26.75,86.0,327.18066,309.85876,54.03066000000001,36.70876000000004
2022-05-26 03:00:00,26.75,86.25,327.36377,309.56738,54.21377000000001,36.41738000000004
2022-05-26 03:00:00,26.75,86.5,326.29663,309.034,53.146630000000016,35.884000000000015
2022-05-26 03:00:00,26.75,86.75,324.35812,307.80585,51.20812000000001,34.655850000000044
2022-05-26 03:00:00,26.75,87.0,322.34103,306.4906,49.19103000000001,33.340599999999995
2022-05-26 03:00:00,26.75,87.25,321.18668,305.69543,48.03668000000005,32.54543000000001
2022-05-26 03:00:00,26.75,87.5,319.787,304.66266,46.637,31.51266000000004
2022-05-26 03:00:00,26.75,87.75,317.76077,303.5646,44.61077,30.414600000000007
2022-05-26 03:00:00,26.75,88.0,315.72794,302.98938,42.57794000000001,29.839380000000006
2022-05-26 03:00:00,26.75,88.25,315.72794,302.98938,42.57794000000001,29.839380000000006
2022-05-26 03:00:00,26.75,88.5,313.9109,303.27103,40.76090000000005,30.12103000000002
2022-05-26 03:00:00,26.75,88.75,312.5574,303.99606,39.407399999999996,30.846060000000023
2022-05-26 03:00:00,26.75,89.0,312.11737,303.9056,38.96737000000002,30.755600000000015
2022-05-26 03:00:00,26.75,89.25,312.08713,303.19513,38.937130000000025,30.04513000000003
2022-05-26 03:00:00,26.75,89.5,312.51596,301.6769,39.36596000000003,28.526900000000012
2022-05-26 03:00:00,26.75,89.75,312.33566,300.298,39.18566000000004,27.148000000000025
2022-05-26 03:00:00,26.75,90.0,314.3657,302.07498,41.21570000000003,28.924980000000005
2022-05-26 03:00:00,26.5,85.5,327.35046,310.43695,54.20046000000002,37.28695000000005
2022-05-26 03:00:00,26.5,85.75,326.74042,310.02298,53.590419999999995,36.87298000000004
2022-05-26 03:00:00,26.5,86.0,326.74042,310.02298,53.590419999999995,36.87298000000004
2022-05-26 03:00:00,26.5,86.25,327.21558,309.99268,54.06558000000001,36.84268000000003
2022-05-26 03:00:00,26.5,86.5,327.13422,308.5839,53.98422000000005,35.43390000000005
2022-05-26 03:00:00,26.5,86.75,325.29803,307.49707,52.148030000000006,34.34707000000003
2022-05-26 03:00:00,26.5,87.0,324.34625,308.14883,51.19625000000002,34.99883
2022-05-26 03:00:00,26.5,87.25,323.7777,308.2022,50.627700000000004,35.05220000000003
2022-05-26 03:00:00,26.5,87.5,322.17966,306.89462,49.029660000000035,33.74462
2022-05-26 03:00:00,26.5,87.75,320.33063,306.18066,47.18063000000001,33.03066000000001
2022-05-26 03:00:00,26.5,88.0,318.9806,306.53983,45.830600000000004,33.38983000000002
2022-05-26 03:00:00,26.5,88.25,318.9806,306.53983,45.830600000000004,33.38983000000002
2022-05-26 03:00:00,26.5,88.5,317.57547,306.8846,44.42547000000002,33.7346
2022-05-26 03:00:00,26.5,88.75,316.07135,306.91965,42.92135000000002,33.76965000000001
2022-05-26 03:00:00,26.5,89.0,315.27954,306.57773,42.12954000000002,33.42773
2022-05-26 03:00:00,26.5,89.25,315.02985,305.8909,41.87985000000003,32.74090000000001
2022-05-26 03:00:00,26.5,89.5,314.0992,305.45792,40.94920000000002,32.307920000000024
2022-05-26 03:00:00,26.5,89.75,312.6518,304.33118,39.5018,31.18118000000004
2022-05-26 03:00:00,26.5,90.0,311.58014,303.2567,38.430139999999994,30.106700000000046
2022-05-26 03:00:00,26.25,85.5,326.75677,310.57672,53.60677000000004,37.426720000000046
2022-05-26 03:00:00,26.25,85.75,327.24692,310.6915,54.09692000000001,37.54150000000004
2022-05-26 03:00:00,26.25,86.0,327.24692,310.6915,54.09692000000001,37.54150000000004
2022-05-26 03:00:00,26.25,86.25,327.41476,310.15295,54.264760000000024,37.00295
2022-05-26 03:00:00,26.25,86.5,326.09903,308.35925,52.94903000000005,35.20925
2022-05-26 03:00:00,26.25,86.75,324.17828,307.15045,51.028279999999995,34.00045
2022-05-26 03:00:00,26.25,87.0,323.08398,307.08725,49.93398000000002,33.937250000000006
2022-05-26 03:00:00,26.25,87.25,322.55402,307.2005,49.40402,34.0505
2022-05-26 03:00:00,26.25,87.5,321.7547,307.0131,48.60470000000004,33.86310000000003
2022-05-26 03:00:00,26.25,87.75,320.68854,306.52246,47.53854000000001,33.372460000000046
2022-05-26 03:00:00,26.25,88.0,319.58237,306.22324,46.43237000000005,33.07324
2022-05-26 03:00:00,26.25,88.25,319.58237,306.22324,46.43237000000005,33.07324
2022-05-26 03:00:00,26.25,88.5,318.60098,306.61902,45.450980000000015,33.46902
2022-05-26 03:00:00,26.25,88.75,317.92642,307.2798,44.77642000000003,34.129800000000046
2022-05-26 03:00:00,26.25,89.0,317.3988,307.06778,44.24880000000002,33.91778000000005
2022-05-26 03:00:00,26.25,89.25,316.52814,305.7134,43.37814000000003,32.5634
2022-05-26 03:00:00,26.25,89.5,313.9863,304.74084,40.83630000000005,31.590840000000014
2022-05-26 03:00:00,26.25,89.75,310.44907,303.62134,37.29907000000003,30.471339999999998
2022-05-26 03:00:00,26.25,90.0,308.0049,302.9121,34.85490000000004,29.762100000000032
2022-05-26 03:00:00,26.0,85.5,327.53162,311.10696,54.38162,37.95696000000004
2022-05-26 03:00:00,26.0,85.75,327.6514,311.23148,54.50140000000005,38.08148
2022-05-26 03:00:00,26.0,86.0,327.6514,311.23148,54.50140000000005,38.08148
2022-05-26 03:00:00,26.0,86.25,327.87836,310.87192,54.72836000000001,37.72192000000001
2022-05-26 03:00:00,26.0,86.5,326.21915,309.7368,53.069150000000036,36.58680000000004
2022-05-26 03:00:00,26.0,86.75,325.02084,308.85632,51.870840000000044,35.706320000000005
2022-05-26 03:00:00,26.0,87.0,323.04953,308.25623,49.89953000000003,35.10623000000004
2022-05-26 03:00:00,26.0,87.25,322.4355,307.97372,49.28550000000001,34.82372000000004
2022-05-26 03:00:00,26.0,87.5,322.61685,307.96167,49.46685000000002,34.81167000000005
2022-05-26 03:00:00,26.0,87.75,322.1085,307.59418,48.958500000000015,34.44418000000002
2022-05-26 03:00:00,26.0,88.0,320.6714,307.17944,47.52140000000003,34.02944000000002
2022-05-26 03:00:00,26.0,88.25,320.6714,307.17944,47.52140000000003,34.02944000000002
2022-05-26 03:00:00,26.0,88.5,319.3049,307.38513,46.1549,34.23513000000003
2022-05-26 03:00:00,26.0,88.75,318.84003,307.49493,45.690030000000036,34.34493000000003
2022-05-26 03:00:00,26.0,89.0,318.37338,306.5404,45.22338000000002,33.3904
2022-05-26 03:00:00,26.0,89.25,316.81836,305.11362,43.66836000000001,31.96362000000005
2022-05-26 03:00:00,26.0,89.5,314.6165,303.97867,41.466499999999996,30.828670000000045
2022-05-26 03:00:00,26.0,89.75,310.70074,302.33963,37.55074000000002,29.189630000000022
2022-05-26 03:00:00,26.0,90.0,308.0286,302.764,34.878600000000006,29.614000000000033
2022-05-26 03:00:00,25.75,85.5,327.686,311.43777,54.536,38.28777000000002
2022-05-26 03:00:00,25.75,85.75,328.16006,311.39444,55.01006000000001,38.24444
2022-05-26 03:00:00,25.75,86.0,328.16006,311.39444,55.01006000000001,38.24444
2022-05-26 03:00:00,25.75,86.25,327.9895,311.07684,54.839500000000044,37.92684000000003
2022-05-26 03:00:00,25.75,86.5,326.5397,310.17,53.389700000000005,37.02000000000004
2022-05-26 03:00:00,25.75,86.75,324.34805,309.06274,51.19805000000002,35.91274000000004
2022-05-26 03:00:00,25.75,87.0,321.96204,308.49942,48.812040000000025,35.34942000000001
2022-05-26 03:00:00,25.75,87.25,321.75146,308.49628,48.60146000000003,35.346280000000036
2022-05-26 03:00:00,25.75,87.5,322.74356,308.59152,49.593560000000025,35.441520000000025
2022-05-26 03:00:00,25.75,87.75,322.97537,308.3113,49.82537000000002,35.16130000000004
2022-05-26 03:00:00,25.75,88.0,321.8356,307.4359,48.68560000000002,34.28590000000003
2022-05-26 03:00:00,25.75,88.25,321.8356,307.4359,48.68560000000002,34.28590000000003
2022-05-26 03:00:00,25.75,88.5,319.7806,306.38077,46.630600000000015,33.23077000000001
2022-05-26 03:00:00,25.75,88.75,318.03973,305.71884,44.88973000000004,32.56884000000002
2022-05-26 03:00:00,25.75,89.0,317.48984,305.22678,44.33984000000004,32.07678000000004
2022-05-26 03:00:00,25.75,89.25,316.70084,304.43948,43.55084000000005,31.289480000000026
2022-05-26 03:00:00,25.75,89.5,314.4688,303.3754,41.31880000000001,30.225400000000036
2022-05-26 03:00:00,25.75,89.75,311.2794,302.1022,38.12940000000003,28.952200000000005
2022-05-26 03:00:00,25.75,90.0,309.36588,302.1888,36.21588000000003,29.038800000000037
2022-05-26 03:00:00,25.5,85.5,328.11435,311.56076,54.964350000000024,38.41076000000004
2022-05-26 03:00:00,25.5,85.75,327.879,311.51093,54.72900000000004,38.360929999999996
2022-05-26 03:00:00,25.5,86.0,327.879,311.51093,54.72900000000004,38.360929999999996
2022-05-26 03:00:00,25.5,86.25,328.18262,311.56036,55.03262000000001,38.410360000000026
2022-05-26 03:00:00,25.5,86.5,326.99744,311.02393,53.847440000000006,37.87393000000003
2022-05-26 03:00:00,25.5,86.75,325.0305,309.86246,51.88050000000004,36.71246000000002
2022-05-26 03:00:00,25.5,87.0,323.20065,309.1586,50.05065000000002,36.0086
2022-05-26 03:00:00,25.5,87.25,322.92102,309.04953,49.77102000000002,35.89953000000003
2022-05-26 03:00:00,25.5,87.5,323.46646,309.2524,50.316460000000006,36.102400000000046
2022-05-26 03:00:00,25.5,87.75,323.90442,309.0319,50.75442000000004,35.88190000000003
2022-05-26 03:00:00,25.5,88.0,322.96463,307.88263,49.81463000000002,34.73263000000003
2022-05-26 03:00:00,25.5,88.25,322.96463,307.88263,49.81463000000002,34.73263000000003
2022-05-26 03:00:00,25.5,88.5,320.9537,307.02258,47.80370000000005,33.87258000000003
2022-05-26 03:00:00,25.5,88.75,319.58182,307.11996,46.431820000000016,33.969960000000015
2022-05-26 03:00:00,25.5,89.0,318.45352,306.53842,45.30352000000005,33.388419999999996
2022-05-26 03:00:00,25.5,89.25,316.99823,305.7962,43.84823,32.64620000000002
2022-05-26 03:00:00,25.5,89.5,314.6534,304.97754,41.5034,31.82754
2022-05-26 03:00:00,25.5,89.75,311.76825,303.76627,38.618250000000046,30.616270000000043
2022-05-26 03:00:00,25.5,90.0,309.52277,301.8068,36.37277,28.656800000000032
2022-05-26 03:00:00,25.25,85.5,329.1197,311.7446,55.969700000000046,38.594600000000014
2022-05-26 03:00:00,25.25,85.75,329.30804,311.87076,56.15804000000003,38.72076000000004
2022-05-26 03:00:00,25.25,86.0,329.30804,311.87076,56.15804000000003,38.72076000000004
2022-05-26 03:00:00,25.25,86.25,328.51562,311.5541,55.365620000000035,38.40410000000003
2022-05-26 03:00:00,25.25,86.5,326.62222,311.0076,53.47222000000005,37.85760000000005
2022-05-26 03:00:00,25.25,86.75,325.5531,310.61496,52.403099999999995,37.46496000000002
2022-05-26 03:00:00,25.25,87.0,325.234,310.57245,52.084,37.422450000000026
2022-05-26 03:00:00,25.25,87.25,325.25558,310.39145,52.10558000000003,37.24145000000004
2022-05-26 03:00:00,25.25,87.5,324.75656,310.02676,51.60656,36.87676000000005
2022-05-26 03:00:00,25.25,87.75,324.47058,309.8522,51.32058000000001,36.702200000000005
2022-05-26 03:00:00,25.25,88.0,324.65344,309.80838,51.50344000000001,36.65838000000002
2022-05-26 03:00:00,25.25,88.25,324.65344,309.80838,51.50344000000001,36.65838000000002
2022-05-26 03:00:00,25.25,88.5,323.70596,309.35507,50.55596000000003,36.205070000000035
2022-05-26 03:00:00,25.25,88.75,321.25992,308.17172,48.109920000000045,35.021720000000016
2022-05-26 03:00:00,25.25,89.0,319.02335,306.65662,45.873350000000016,33.50662
2022-05-26 03:00:00,25.25,89.25,316.94147,305.52588,43.791470000000004,32.375879999999995
2022-05-26 03:00:00,25.25,89.5,314.89935,304.448,41.74935000000005,31.298000000000002
2022-05-26 03:00:00,25.25,89.75,312.32242,303.64484,39.172420000000045,30.49484000000001
2022-05-26 03:00:00,25.25,90.0,308.9535,301.06146,35.80350000000004,27.911460000000034
2022-05-26 03:00:00,25.0,85.5,328.8793,311.10318,55.72930000000002,37.95318000000003
2022-05-26 03:00:00,25.0,85.75,328.1156,311.0522,54.965599999999995,37.90220000000005
2022-05-26 03:00:00,25.0,86.0,328.1156,311.0522,54.965599999999995,37.90220000000005
2022-05-26 03:00:00,25.0,86.25,327.42563,310.7226,54.275630000000035,37.57260000000002
2022-05-26 03:00:00,25.0,86.5,327.95413,310.69998,54.80413000000004,37.549980000000005
2022-05-26 03:00:00,25.0,86.75,327.53046,310.87216,54.38046000000003,37.72216000000003
2022-05-26 03:00:00,25.0,87.0,326.9581,310.96432,53.808100000000024,37.81432000000001
2022-05-26 03:00:00,25.0,87.25,326.7602,310.65347,53.61020000000002,37.50347000000005
2022-05-26 03:00:00,25.0,87.5,325.9377,310.13205,52.78770000000003,36.982050000000015
2022-05-26 03:00:00,25.0,87.75,325.34628,310.41083,52.19628,37.26083
2022-05-26 03:00:00,25.0,88.0,325.281,310.78888,52.13100000000003,37.63888000000003
2022-05-26 03:00:00,25.0,88.25,325.281,310.78888,52.13100000000003,37.63888000000003
2022-05-26 03:00:00,25.0,88.5,324.5768,309.88367,51.426800000000014,36.73367000000002
2022-05-26 03:00:00,25.0,88.75,322.6175,308.01926,49.46750000000003,34.86926
2022-05-26 03:00:00,25.0,89.0,319.81833,306.25177,46.668330000000026,33.101770000000045
2022-05-26 03:00:00,25.0,89.25,317.67206,305.31256,44.52206000000001,32.16256000000004
2022-05-26 03:00:00,25.0,89.5,315.70532,304.60696,42.555319999999995,31.456960000000038
2022-05-26 03:00:00,25.0,89.75,313.39444,304.28983,40.24444,31.139830000000018
2022-05-26 03:00:00,25.0,90.0,310.42368,302.78616,37.27368000000001,29.636160000000018
2022-05-26 03:00:00,24.75,85.5,328.8793,311.10318,55.72930000000002,37.95318000000003
2022-05-26 03:00:00,24.75,85.75,328.1156,311.0522,54.965599999999995,37.90220000000005
2022-05-26 03:00:00,24.75,86.0,328.1156,311.0522,54.965599999999995,37.90220000000005
2022-05-26 03:00:00,24.75,86.25,327.42563,310.7226,54.275630000000035,37.57260000000002
2022-05-26 03:00:00,24.75,86.5,327.95413,310.69998,54.80413000000004,37.549980000000005
2022-05-26 03:00:00,24.75,86.75,327.53046,310.87216,54.38046000000003,37.72216000000003
2022-05-26 03:00:00,24.75,87.0,326.9581,310.96432,53.808100000000024,37.81432000000001
2022-05-26 03:00:00,24.75,87.25,326.7602,310.65347,53.61020000000002,37.50347000000005
2022-05-26 03:00:00,24.75,87.5,325.9377,310.13205,52.78770000000003,36.982050000000015
2022-05-26 03:00:00,24.75,87.75,325.34628,310.41083,52.19628,37.26083
2022-05-26 03:00:00,24.75,88.0,325.281,310.78888,52.13100000000003,37.63888000000003
2022-05-26 03:00:00,24.75,88.25,325.281,310.78888,52.13100000000003,37.63888000000003
2022-05-26 03:00:00,24.75,88.5,324.5768,309.88367,51.426800000000014,36.73367000000002
2022-05-26 03:00:00,24.75,88.75,322.6175,308.01926,49.46750000000003,34.86926
2022-05-26 03:00:00,24.75,89.0,319.81833,306.25177,46.668330000000026,33.101770000000045
2022-05-26 03:00:00,24.75,89.25,317.67206,305.31256,44.52206000000001,32.16256000000004
2022-05-26 03:00:00,24.75,89.5,315.70532,304.60696,42.555319999999995,31.456960000000038
2022-05-26 03:00:00,24.75,89.75,313.39444,304.28983,40.24444,31.139830000000018
2022-05-26 03:00:00,24.75,90.0,310.42368,302.78616,37.27368000000001,29.636160000000018
2022-05-26 03:00:00,24.5,85.5,327.34668,310.16046,54.196680000000015,37.01046000000002
2022-05-26 03:00:00,24.5,85.75,327.74832,309.8736,54.59832,36.72360000000003
2022-05-26 03:00:00,24.5,86.0,327.74832,309.8736,54.59832,36.72360000000003
2022-05-26 03:00:00,24.5,86.25,327.06876,309.33936,53.91876000000002,36.18936000000002
2022-05-26 03:00:00,24.5,86.5,327.63864,309.44696,54.48864000000003,36.29696000000001
2022-05-26 03:00:00,24.5,86.75,328.08945,310.1328,54.93945000000002,36.9828
2022-05-26 03:00:00,24.5,87.0,328.0029,310.61652,54.852900000000034,37.46652
2022-05-26 03:00:00,24.5,87.25,327.1154,310.6097,53.965400000000045,37.4597
2022-05-26 03:00:00,24.5,87.5,326.06912,310.44128,52.91912000000002,37.29128000000003
2022-05-26 03:00:00,24.5,87.75,325.61642,310.59894,52.46642000000003,37.44894000000005
2022-05-26 03:00:00,24.5,88.0,324.93576,310.465,51.78576000000004,37.315
2022-05-26 03:00:00,24.5,88.25,324.93576,310.465,51.78576000000004,37.315
2022-05-26 03:00:00,24.5,88.5,323.5031,309.42276,50.35310000000004,36.272760000000005
2022-05-26 03:00:00,24.5,88.75,321.86023,307.8528,48.710230000000024,34.702800000000025
2022-05-26 03:00:00,24.5,89.0,319.94162,306.30365,46.79162000000002,33.15365000000003
2022-05-26 03:00:00,24.5,89.25,318.45184,305.66156,45.30184000000003,32.51156000000003
2022-05-26 03:00:00,24.5,89.5,317.1614,305.46954,44.01140000000004,32.31954000000002
2022-05-26 03:00:00,24.5,89.75,315.593,304.51956,42.44300000000004,31.369560000000035
2022-05-26 03:00:00,24.5,90.0,314.35455,303.113,41.20455000000004,29.963000000000022
2022-05-26 03:00:00,24.25,85.5,326.6141,309.04736,53.46410000000003,35.89736000000005
2022-05-26 03:00:00,24.25,85.75,327.8799,309.445,54.72990000000004,36.295000000000016
2022-05-26 03:00:00,24.25,86.0,327.8799,309.445,54.72990000000004,36.295000000000016
2022-05-26 03:00:00,24.25,86.25,328.0765,309.25308,54.92650000000003,36.103080000000034
2022-05-26 03:00:00,24.25,86.5,328.24643,309.6094,55.09643,36.45940000000002
2022-05-26 03:00:00,24.25,86.75,328.04913,310.267,54.899130000000014,37.11700000000002
2022-05-26 03:00:00,24.25,87.0,327.79016,310.39963,54.64016000000004,37.249630000000025
2022-05-26 03:00:00,24.25,87.25,327.19046,310.51633,54.040459999999996,37.366330000000005
2022-05-26 03:00:00,24.25,87.5,326.54807,310.7628,53.39807000000002,37.61280000000005
2022-05-26 03:00:00,24.25,87.75,326.0633,311.082,52.91330000000005,37.932000000000016
2022-05-26 03:00:00,24.25,88.0,325.06912,310.84442,51.91912000000002,37.69442000000004
2022-05-26 03:00:00,24.25,88.25,325.06912,310.84442,51.91912000000002,37.69442000000004
2022-05-26 03:00:00,24.25,88.5,323.0798,309.60257,49.9298,36.45257000000004
2022-05-26 03:00:00,24.25,88.75,320.76367,308.03937,47.61367000000001,34.88937000000004
2022-05-26 03:00:00,24.25,89.0,319.24344,307.0812,46.093440000000044,33.93120000000005
2022-05-26 03:00:00,24.25,89.25,318.93005,306.94562,45.78005000000002,33.79562000000004
2022-05-26 03:00:00,24.25,89.5,318.82953,306.71356,45.67953,33.563559999999995
2022-05-26 03:00:00,24.25,89.75,318.58096,305.77853,45.43096000000003,32.62853000000001
2022-05-26 03:00:00,24.25,90.0,319.1723,305.97443,46.02230000000003,32.82443000000001
2022-05-26 03:00:00,24.0,85.5,325.14056,307.97128,51.990560000000016,34.82128
2022-05-26 03:00:00,24.0,85.75,326.15378,309.04105,53.003780000000006,35.89105000000001
2022-05-26 03:00:00,24.0,86.0,326.15378,309.04105,53.003780000000006,35.89105000000001
2022-05-26 03:00:00,24.0,86.25,326.76617,309.56406,53.61617000000001,36.414060000000006
2022-05-26 03:00:00,24.0,86.5,327.74557,310.2617,54.59557000000001,37.11170000000004
2022-05-26 03:00:00,24.0,86.75,328.13602,310.84375,54.986019999999996,37.69375000000002
2022-05-26 03:00:00,24.0,87.0,328.03262,311.00174,54.88262000000003,37.85174000000001
2022-05-26 03:00:00,24.0,87.25,327.37073,310.96655,54.22073,37.81655000000001
2022-05-26 03:00:00,24.0,87.5,326.77643,311.07635,53.62643000000003,37.92635000000001
2022-05-26 03:00:00,24.0,87.75,326.3795,311.3604,53.22950000000003,38.21040000000005
2022-05-26 03:00:00,24.0,88.0,325.42825,311.3708,52.278250000000014,38.2208
2022-05-26 03:00:00,24.0,88.25,325.42825,311.3708,52.278250000000014,38.2208
2022-05-26 03:00:00,24.0,88.5,323.71335,310.61447,50.563350000000014,37.464470000000006
2022-05-26 03:00:00,24.0,88.75,321.3762,308.89862,48.226200000000006,35.74862000000002
2022-05-26 03:00:00,24.0,89.0,318.7094,307.14362,45.55940000000004,33.99362000000002
2022-05-26 03:00:00,24.0,89.25,317.9492,307.32388,44.79920000000004,34.17388
2022-05-26 03:00:00,24.0,89.5,318.69006,307.4513,45.54006000000004,34.301300000000026
2022-05-26 03:00:00,24.0,89.75,318.5259,306.88376,45.3759,33.73376000000002
2022-05-26 03:00:00,24.0,90.0,319.21613,306.3912,46.066130000000044,33.24120000000005
2022-05-26 03:00:00,23.75,85.5,325.21014,309.00558,52.06014000000005,35.85558000000003
2022-05-26 03:00:00,23.75,85.75,325.31503,309.64938,52.16503,36.49938000000003
2022-05-26 03:00:00,23.75,86.0,325.31503,309.64938,52.16503,36.49938000000003
2022-05-26 03:00:00,23.75,86.25,326.58884,310.41122,53.43884000000003,37.26122000000004
2022-05-26 03:00:00,23.75,86.5,327.44492,310.97632,54.29492000000005,37.82632000000001
2022-05-26 03:00:00,23.75,86.75,326.83838,310.99677,53.688379999999995,37.84677000000005
2022-05-26 03:00:00,23.75,87.0,327.29526,311.24863,54.14526000000001,38.098630000000014
2022-05-26 03:00:00,23.75,87.25,327.4547,311.44522,54.304700000000025,38.29522000000003
2022-05-26 03:00:00,23.75,87.5,327.44907,311.57556,54.29907000000003,38.42556000000002
2022-05-26 03:00:00,23.75,87.75,327.50464,311.71005,54.35464000000002,38.56005000000005
2022-05-26 03:00:00,23.75,88.0,326.62918,311.64374,53.47918000000004,38.49374
2022-05-26 03:00:00,23.75,88.25,326.62918,311.64374,53.47918000000004,38.49374
2022-05-26 03:00:00,23.75,88.5,324.38828,311.14627,51.23828000000003,37.99627000000004
2022-05-26 03:00:00,23.75,88.75,321.29807,309.8551,48.14807000000002,36.705100000000016
2022-05-26 03:00:00,23.75,89.0,318.04776,307.7078,44.897760000000005,34.55780000000004
2022-05-26 03:00:00,23.75,89.25,316.2961,306.25583,43.14610000000005,33.105830000000026
2022-05-26 03:00:00,23.75,89.5,316.72653,306.4524,43.57653000000005,33.302400000000034
2022-05-26 03:00:00,23.75,89.75,316.547,305.3799,43.39700000000005,32.22990000000004
2022-05-26 03:00:00,23.75,90.0,316.21558,304.46744,43.06558000000001,31.317440000000033
2022-05-26 03:00:00,23.5,85.5,324.62854,308.99597,51.47854000000001,35.84597000000002
2022-05-26 03:00:00,23.5,85.75,325.8622,309.94452,52.712199999999996,36.794520000000034
2022-05-26 03:00:00,23.5,86.0,325.8622,309.94452,52.712199999999996,36.794520000000034
2022-05-26 03:00:00,23.5,86.25,327.5399,310.60767,54.38990000000001,37.45767000000001
2022-05-26 03:00:00,23.5,86.5,328.3629,311.31363,55.21290000000005,38.16363000000001
2022-05-26 03:00:00,23.5,86.75,327.9748,311.5765,54.82480000000004,38.42650000000003
2022-05-26 03:00:00,23.5,87.0,327.4394,311.6594,54.2894,38.50940000000003
2022-05-26 03:00:00,23.5,87.25,327.03964,311.66547,53.88964000000004,38.51547000000005
2022-05-26 03:00:00,23.5,87.5,327.48325,311.79813,54.33325000000002,38.64813000000004
2022-05-26 03:00:00,23.5,87.75,328.15472,311.86276,55.00472000000002,38.71276
2022-05-26 03:00:00,23.5,88.0,327.69974,311.56775,54.54974000000004,38.41775000000001
2022-05-26 03:00:00,23.5,88.25,327.69974,311.56775,54.54974000000004,38.41775000000001
2022-05-26 03:00:00,23.5,88.5,325.5248,310.88828,52.37480000000005,37.73828000000003
2022-05-26 03:00:00,23.5,88.75,322.1874,310.38242,49.03740000000005,37.23242000000005
2022-05-26 03:00:00,23.5,89.0,319.29715,310.19754,46.14715000000001,37.047540000000026
2022-05-26 03:00:00,23.5,89.25,318.0517,308.5572,44.901700000000005,35.407200000000046
2022-05-26 03:00:00,23.5,89.5,317.29813,306.24814,44.14813000000004,33.09814
2022-05-26 03:00:00,23.5,89.75,317.1309,304.8951,43.98090000000002,31.745100000000036
2022-05-26 03:00:00,23.5,90.0,315.42114,305.3427,42.27114,32.1927
2022-05-26 03:00:00,23.25,85.5,325.25958,309.21112,52.10958000000005,36.06112000000002
2022-05-26 03:00:00,23.25,85.75,327.07587,310.5026,53.92587000000003,37.352599999999995
2022-05-26 03:00:00,23.25,86.0,327.07587,310.5026,53.92587000000003,37.352599999999995
2022-05-26 03:00:00,23.25,86.25,326.8551,310.51956,53.705100000000016,37.369560000000035
2022-05-26 03:00:00,23.25,86.5,327.52136,310.86478,54.37136000000004,37.71478000000002
2022-05-26 03:00:00,23.25,86.75,327.8824,311.33823,54.73240000000004,38.18823000000003
2022-05-26 03:00:00,23.25,87.0,327.78345,311.68304,54.63345000000004,38.53304000000003
2022-05-26 03:00:00,23.25,87.25,327.8506,311.76187,54.70060000000001,38.61187000000001
2022-05-26 03:00:00,23.25,87.5,328.0235,311.60837,54.873500000000035,38.45837
2022-05-26 03:00:00,23.25,87.75,328.28442,311.45633,55.134420000000034,38.30633
2022-05-26 03:00:00,23.25,88.0,328.40564,311.35516,55.25564000000003,38.205160000000035
2022-05-26 03:00:00,23.25,88.25,328.40564,311.35516,55.25564000000003,38.205160000000035
2022-05-26 03:00:00,23.25,88.5,327.33994,311.0096,54.189940000000036,37.8596
2022-05-26 03:00:00,23.25,88.75,324.97455,310.32846,51.824550000000045,37.17846000000003
2022-05-26 03:00:00,23.25,89.0,323.00757,309.87723,49.85757000000001,36.72723000000002
2022-05-26 03:00:00,23.25,89.25,321.86353,310.0209,48.71353000000005,36.870900000000006
2022-05-26 03:00:00,23.25,89.5,321.2205,309.64185,48.07050000000004,36.49185
2022-05-26 03:00:00,23.25,89.75,320.9515,308.39667,47.80150000000003,35.246669999999995
2022-05-26 03:00:00,23.25,90.0,320.1236,309.901,46.97360000000003,36.75100000000003
2022-05-26 03:00:00,23.0,85.5,325.2089,309.70963,52.05890000000005,36.55963000000003
2022-05-26 03:00:00,23.0,85.75,326.0368,310.4723,52.88680000000005,37.32230000000004
2022-05-26 03:00:00,23.0,86.0,326.0368,310.4723,52.88680000000005,37.32230000000004
2022-05-26 03:00:00,23.0,86.25,326.66922,310.8169,53.51922000000002,37.6669
2022-05-26 03:00:00,23.0,86.5,327.2602,311.00024,54.11020000000002,37.85024000000004
2022-05-26 03:00:00,23.0,86.75,327.16513,311.31223,54.01513,38.16223000000002
2022-05-26 03:00:00,23.0,87.0,327.66724,311.5459,54.517240000000015,38.39590000000004
2022-05-26 03:00:00,23.0,87.25,328.01532,311.4459,54.86532,38.29590000000002
2022-05-26 03:00:00,23.0,87.5,328.27524,311.23798,55.12524000000002,38.087980000000016
2022-05-26 03:00:00,23.0,87.75,328.31943,311.13742,55.169430000000034,37.98742000000004
2022-05-26 03:00:00,23.0,88.0,328.1989,311.00797,55.0489,37.85797000000002
2022-05-26 03:00:00,23.0,88.25,328.1989,311.00797,55.0489,37.85797000000002
2022-05-26 03:00:00,23.0,88.5,327.99686,310.83096,54.84686000000005,37.68096000000003
2022-05-26 03:00:00,23.0,88.75,327.37497,310.63535,54.22497000000004,37.48535000000004
2022-05-26 03:00:00,23.0,89.0,326.51105,310.20316,53.361050000000034,37.05316000000005
2022-05-26 03:00:00,23.0,89.25,325.50742,309.77136,52.35742000000005,36.62136000000004
2022-05-26 03:00:00,23.0,89.5,324.0061,309.4165,50.856100000000026,36.26650000000001
2022-05-26 03:00:00,23.0,89.75,323.8556,309.85718,50.705600000000004,36.70718000000005
2022-05-26 03:00:00,23.0,90.0,323.5744,311.00674,50.42440000000005,37.85674
2022-05-26 03:00:00,22.75,85.5,326.06433,310.26907,52.91433000000001,37.11907000000002
2022-05-26 03:00:00,22.75,85.75,327.5995,311.2176,54.4495,38.06760000000003
2022-05-26 03:00:00,22.75,86.0,327.5995,311.2176,54.4495,38.06760000000003
2022-05-26 03:00:00,22.75,86.25,327.61465,311.29684,54.464650000000006,38.14684
2022-05-26 03:00:00,22.75,86.5,327.4354,311.61603,54.28540000000004,38.466030000000046
2022-05-26 03:00:00,22.75,86.75,328.32782,312.11536,55.17782,38.96536000000003
2022-05-26 03:00:00,22.75,87.0,328.21222,311.8219,55.062220000000025,38.67190000000005
2022-05-26 03:00:00,22.75,87.25,328.30038,311.30667,55.15038000000004,38.15667000000002
2022-05-26 03:00:00,22.75,87.5,327.99475,311.11053,54.84475000000003,37.960530000000006
2022-05-26 03:00:00,22.75,87.75,328.07654,311.07635,54.926540000000045,37.92635000000001
2022-05-26 03:00:00,22.75,88.0,327.9924,310.85956,54.8424,37.70956000000001
2022-05-26 03:00:00,22.75,88.25,327.9924,310.85956,54.8424,37.70956000000001
2022-05-26 03:00:00,22.75,88.5,327.7606,310.59543,54.610600000000034,37.445430000000044
2022-05-26 03:00:00,22.75,88.75,327.2718,310.2561,54.12180000000001,37.106100000000026
2022-05-26 03:00:00,22.75,89.0,325.9747,309.8403,52.82470000000001,36.690300000000036
2022-05-26 03:00:00,22.75,89.25,324.3976,309.4297,51.247600000000034,36.27970000000005
2022-05-26 03:00:00,22.75,89.5,324.03427,309.64322,50.884270000000015,36.49322000000001
2022-05-26 03:00:00,22.75,89.75,324.67352,310.71008,51.52352000000002,37.56008000000003
2022-05-26 03:00:00,22.75,90.0,324.7162,311.1264,51.56620000000004,37.97640000000001
2022-05-26 03:00:00,22.5,85.5,326.06433,310.26907,52.91433000000001,37.11907000000002
2022-05-26 03:00:00,22.5,85.75,327.5995,311.2176,54.4495,38.06760000000003
2022-05-26 03:00:00,22.5,86.0,327.5995,311.2176,54.4495,38.06760000000003
2022-05-26 03:00:00,22.5,86.25,327.61465,311.29684,54.464650000000006,38.14684
2022-05-26 03:00:00,22.5,86.5,327.4354,311.61603,54.28540000000004,38.466030000000046
2022-05-26 03:00:00,22.5,86.75,328.32782,312.11536,55.17782,38.96536000000003
2022-05-26 03:00:00,22.5,87.0,328.21222,311.8219,55.062220000000025,38.67190000000005
2022-05-26 03:00:00,22.5,87.25,328.30038,311.30667,55.15038000000004,38.15667000000002
2022-05-26 03:00:00,22.5,87.5,327.99475,311.11053,54.84475000000003,37.960530000000006
2022-05-26 03:00:00,22.5,87.75,328.07654,311.07635,54.926540000000045,37.92635000000001
2022-05-26 03:00:00,22.5,88.0,327.9924,310.85956,54.8424,37.70956000000001
2022-05-26 03:00:00,22.5,88.25,327.9924,310.85956,54.8424,37.70956000000001
2022-05-26 03:00:00,22.5,88.5,327.7606,310.59543,54.610600000000034,37.445430000000044
2022-05-26 03:00:00,22.5,88.75,327.2718,310.2561,54.12180000000001,37.106100000000026
2022-05-26 03:00:00,22.5,89.0,325.9747,309.8403,52.82470000000001,36.690300000000036
2022-05-26 03:00:00,22.5,89.25,324.3976,309.4297,51.247600000000034,36.27970000000005
2022-05-26 03:00:00,22.5,89.5,324.03427,309.64322,50.884270000000015,36.49322000000001
2022-05-26 03:00:00,22.5,89.75,324.67352,310.71008,51.52352000000002,37.56008000000003
2022-05-26 03:00:00,22.5,90.0,324.7162,311.1264,51.56620000000004,37.97640000000001
2022-05-26 03:00:00,22.25,85.5,324.7411,309.50046,51.59110000000004,36.35046
2022-05-26 03:00:00,22.25,85.75,325.78598,309.8969,52.63598000000002,36.74690000000004
2022-05-26 03:00:00,22.25,86.0,325.78598,309.8969,52.63598000000002,36.74690000000004
2022-05-26 03:00:00,22.25,86.25,326.29807,310.75275,53.14807000000002,37.602750000000015
2022-05-26 03:00:00,22.25,86.5,327.0244,311.9017,53.87440000000004,38.75170000000003
2022-05-26 03:00:00,22.25,86.75,328.11572,312.24243,54.96572000000003,39.092430000000036
2022-05-26 03:00:00,22.25,87.0,328.03784,311.5859,54.88784000000004,38.435900000000004
2022-05-26 03:00:00,22.25,87.25,328.16684,311.17902,55.01684,38.02902
2022-05-26 03:00:00,22.25,87.5,328.1297,311.1426,54.97970000000004,37.99260000000004
2022-05-26 03:00:00,22.25,87.75,327.30457,310.66647,54.154570000000035,37.51647000000003
2022-05-26 03:00:00,22.25,88.0,327.7052,310.6377,54.55520000000001,37.48770000000002
2022-05-26 03:00:00,22.25,88.25,327.7052,310.6377,54.55520000000001,37.48770000000002
2022-05-26 03:00:00,22.25,88.5,328.36594,310.79074,55.215940000000046,37.64074000000005
2022-05-26 03:00:00,22.25,88.75,327.80115,310.39978,54.65115000000003,37.249780000000044
2022-05-26 03:00:00,22.25,89.0,326.43658,309.7443,53.286580000000015,36.59430000000003
2022-05-26 03:00:00,22.25,89.25,325.08557,309.30963,51.93557000000004,36.15963000000005
2022-05-26 03:00:00,22.25,89.5,324.05392,309.32202,50.90392000000003,36.17202000000003
2022-05-26 03:00:00,22.25,89.75,323.78052,309.61887,50.63052000000005,36.46887000000004
2022-05-26 03:00:00,22.25,90.0,324.77936,309.83987,51.62936000000002,36.68987000000004
2022-05-26 03:00:00,22.0,85.5,324.04492,308.58002,50.89492000000001,35.43002000000001
2022-05-26 03:00:00,22.0,85.75,325.28497,308.42892,52.13497000000001,35.27892000000003
2022-05-26 03:00:00,22.0,86.0,325.28497,308.42892,52.13497000000001,35.27892000000003
2022-05-26 03:00:00,22.0,86.25,325.1984,309.05405,52.048400000000015,35.90405000000004
2022-05-26 03:00:00,22.0,86.5,326.35217,311.25958,53.202170000000024,38.10958000000005
2022-05-26 03:00:00,22.0,86.75,328.13962,312.2408,54.98962,39.0908
2022-05-26 03:00:00,22.0,87.0,328.2536,311.28085,55.10360000000003,38.13085000000001
2022-05-26 03:00:00,22.0,87.25,328.4191,311.13477,55.26910000000004,37.984770000000026
2022-05-26 03:00:00,22.0,87.5,328.15738,311.13184,55.00738000000001,37.981840000000034
2022-05-26 03:00:00,22.0,87.75,327.66092,310.48758,54.51092,37.33758
2022-05-26 03:00:00,22.0,88.0,327.79715,310.39664,54.64715000000001,37.24664000000001
2022-05-26 03:00:00,22.0,88.25,327.79715,310.39664,54.64715000000001,37.24664000000001
2022-05-26 03:00:00,22.0,88.5,327.30087,310.0687,54.15087,36.9187
2022-05-26 03:00:00,22.0,88.75,326.61276,309.55725,53.46276,36.40725000000003
2022-05-26 03:00:00,22.0,89.0,326.3348,309.47284,53.184799999999996,36.32284000000004
2022-05-26 03:00:00,22.0,89.25,325.4375,309.23386,52.28750000000002,36.083860000000016
2022-05-26 03:00:00,22.0,89.5,323.82715,308.67487,50.67715000000004,35.52487000000002
2022-05-26 03:00:00,22.0,89.75,322.97162,308.42984,49.821619999999996,35.279840000000036
2022-05-26 03:00:00,22.0,90.0,323.5734,308.3813,50.423400000000015,35.23130000000003
2022-05-26 03:00:00,21.75,85.5,325.3269,308.75815,52.176900000000046,35.60815000000002
2022-05-26 03:00:00,21.75,85.75,326.50555,308.9967,53.35555000000005,35.8467
2022-05-26 03:00:00,21.75,86.0,326.50555,308.9967,53.35555000000005,35.8467
2022-05-26 03:00:00,21.75,86.25,323.4327,307.14166,50.282700000000034,33.991660000000024
2022-05-26 03:00:00,21.75,86.5,324.55826,308.80518,51.40826000000004,35.65518000000003
2022-05-26 03:00:00,21.75,86.75,328.3077,311.1687,55.157700000000034,38.018700000000024
2022-05-26 03:00:00,21.75,87.0,328.6217,310.6651,55.4717,37.51510000000002
2022-05-26 03:00:00,21.75,87.25,328.80865,310.71307,55.65865000000002,37.56307000000004
2022-05-26 03:00:00,21.75,87.5,328.1114,310.3015,54.961400000000026,37.1515
2022-05-26 03:00:00,21.75,87.75,324.5323,308.0896,51.38230000000004,34.93960000000004
2022-05-26 03:00:00,21.75,88.0,325.4453,308.35263,52.2953,35.20263
2022-05-26 03:00:00,21.75,88.25,325.4453,308.35263,52.2953,35.20263
2022-05-26 03:00:00,21.75,88.5,324.9462,307.9198,51.7962,34.76980000000003
2022-05-26 03:00:00,21.75,88.75,324.68942,307.8008,51.53942000000001,34.650800000000004
2022-05-26 03:00:00,21.75,89.0,327.31995,309.24533,54.16995000000003,36.09533000000005
2022-05-26 03:00:00,21.75,89.25,326.4697,308.65735,53.31970000000001,35.50735000000003
2022-05-26 03:00:00,21.75,89.5,322.82568,306.48068,49.67568,33.33068000000003
2022-05-26 03:00:00,21.75,89.75,321.92377,305.79813,48.77377000000001,32.64813000000004
2022-05-26 03:00:00,21.75,90.0,321.1536,305.54117,48.003600000000006,32.391170000000045
2022-05-26 03:00:00,21.5,85.5,325.62192,308.7864,52.47192000000001,35.63640000000004
2022-05-26 03:00:00,21.5,85.75,326.7934,309.89307,53.64340000000004,36.743070000000046
2022-05-26 03:00:00,21.5,86.0,326.7934,309.89307,53.64340000000004,36.743070000000046
2022-05-26 03:00:00,21.5,86.25,326.1712,309.23874,53.02120000000002,36.08874000000003
2022-05-26 03:00:00,21.5,86.5,326.5763,309.73874,53.426300000000026,36.58874000000003
2022-05-26 03:00:00,21.5,86.75,328.2331,310.79126,55.0831,37.641260000000045
2022-05-26 03:00:00,21.5,87.0,323.729,307.53082,50.57900000000001,34.38082000000003
2022-05-26 03:00:00,21.5,87.25,322.67712,306.24564,49.527120000000025,33.09564
2022-05-26 03:00:00,21.5,87.5,322.61618,306.1013,49.46618000000001,32.9513
2022-05-26 03:00:00,21.5,87.75,322.611,305.81744,49.46100000000001,32.66744
2022-05-26 03:00:00,21.5,88.0,322.62402,306.02426,49.474019999999996,32.87426000000005
2022-05-26 03:00:00,21.5,88.25,322.62402,306.02426,49.474019999999996,32.87426000000005
2022-05-26 03:00:00,21.5,88.5,322.71927,306.1238,49.56927000000002,32.97380000000004
2022-05-26 03:00:00,21.5,88.75,323.02304,306.15723,49.87304,33.00723000000005
2022-05-26 03:00:00,21.5,89.0,323.42932,306.36758,50.27932000000004,33.21758
2022-05-26 03:00:00,21.5,89.25,323.67252,306.40063,50.52252000000004,33.25063
2022-05-26 03:00:00,21.5,89.5,323.52832,306.24313,50.37832000000003,33.09313000000003
2022-05-26 03:00:00,21.5,89.75,322.85727,305.98682,49.70727000000005,32.836820000000046
2022-05-26 03:00:00,21.5,90.0,321.66733,305.64606,48.517330000000015,32.49606
2022-05-26 03:00:00,21.25,85.5,326.09073,309.85837,52.94073000000003,36.70837
2022-05-26 03:00:00,21.25,85.75,327.11902,310.825,53.96902,37.67500000000001
2022-05-26 03:00:00,21.25,86.0,327.11902,310.825,53.96902,37.67500000000001
2022-05-26 03:00:00,21.25,86.25,327.40295,311.36758,54.25295,38.21758
2022-05-26 03:00:00,21.25,86.5,328.51956,311.56845,55.369560000000035,38.41845000000001
2022-05-26 03:00:00,21.25,86.75,326.1826,309.9377,53.0326,36.78770000000003
2022-05-26 03:00:00,21.25,87.0,323.25104,307.26038,50.10104000000001,34.11038000000002
2022-05-26 03:00:00,21.25,87.25,322.73746,306.24548,49.58746000000002,33.09548000000001
2022-05-26 03:00:00,21.25,87.5,322.74863,306.11435,49.598630000000014,32.964350000000024
2022-05-26 03:00:00,21.25,87.75,322.82605,306.2043,49.67605000000003,33.05430000000001
2022-05-26 03:00:00,21.25,88.0,322.87073,306.26685,49.72073,33.11685
2022-05-26 03:00:00,21.25,88.25,322.87073,306.26685,49.72073,33.11685
2022-05-26 03:00:00,21.25,88.5,322.8154,306.21436,49.665400000000034,33.06436000000002
2022-05-26 03:00:00,21.25,88.75,323.0116,306.26923,49.86160000000001,33.119230000000016
2022-05-26 03:00:00,21.25,89.0,323.41217,306.33475,50.262170000000026,33.18475000000001
2022-05-26 03:00:00,21.25,89.25,323.62332,306.28717,50.47332,33.137170000000026
2022-05-26 03:00:00,21.25,89.5,323.59564,306.28815,50.445640000000026,33.138149999999996
2022-05-26 03:00:00,21.25,89.75,323.28613,306.14487,50.13613000000004,32.99487000000005
2022-05-26 03:00:00,21.25,90.0,322.4021,305.70862,49.25210000000004,32.55862000000002
2022-05-26 03:00:00,21.0,85.5,327.77795,311.56027,54.62795,38.410270000000025
2022-05-26 03:00:00,21.0,85.75,328.21744,311.49765,55.06744000000003,38.347650000000044
2022-05-26 03:00:00,21.0,86.0,328.21744,311.49765,55.06744000000003,38.347650000000044
2022-05-26 03:00:00,21.0,86.25,328.91858,311.39148,55.76858000000004,38.241480000000024
2022-05-26 03:00:00,21.0,86.5,328.63922,311.1707,55.489220000000046,38.02070000000003
2022-05-26 03:00:00,21.0,86.75,329.16843,310.5437,56.01843000000002,37.393700000000024
2022-05-26 03:00:00,21.0,87.0,323.92572,307.7474,50.775720000000035,34.59740000000005
2022-05-26 03:00:00,21.0,87.25,322.67236,306.50156,49.52236000000005,33.351560000000006
2022-05-26 03:00:00,21.0,87.5,322.78357,306.16324,49.63357000000002,33.013239999999996
2022-05-26 03:00:00,21.0,87.75,322.9025,306.17093,49.7525,33.02093000000002
2022-05-26 03:00:00,21.0,88.0,322.86826,306.21338,49.71826000000004,33.063379999999995
2022-05-26 03:00:00,21.0,88.25,322.86826,306.21338,49.71826000000004,33.063379999999995
2022-05-26 03:00:00,21.0,88.5,322.72147,306.194,49.57147000000003,33.04400000000004
2022-05-26 03:00:00,21.0,88.75,322.8353,306.19302,49.68530000000004,33.04302000000001
2022-05-26 03:00:00,21.0,89.0,323.23056,306.34537,50.08056000000005,33.195370000000025
2022-05-26 03:00:00,21.0,89.25,323.50546,306.4232,50.35546000000005,33.27320000000003
2022-05-26 03:00:00,21.0,89.5,323.57278,306.20752,50.422780000000046,33.05752000000001
2022-05-26 03:00:00,21.0,89.75,323.55594,306.0348,50.405940000000044,32.88480000000004
2022-05-26 03:00:00,21.0,90.0,323.20386,305.9501,50.05386000000004,32.80010000000004
2022-05-26 04:00:00,27.5,85.5,322.1306,304.07672,48.98060000000004,30.926720000000046
2022-05-26 04:00:00,27.5,85.75,320.2876,304.032,47.13760000000002,30.882000000000005
2022-05-26 04:00:00,27.5,86.0,320.2876,304.032,47.13760000000002,30.882000000000005
2022-05-26 04:00:00,27.5,86.25,318.1156,302.289,44.965599999999995,29.13900000000001
2022-05-26 04:00:00,27.5,86.5,315.46918,299.95374,42.31918000000002,26.803740000000005
2022-05-26 04:00:00,27.5,86.75,314.4762,298.76926,41.32620000000003,25.619259999999997
2022-05-26 04:00:00,27.5,87.0,314.25635,298.5279,41.10635000000002,25.37790000000001
2022-05-26 04:00:00,27.5,87.25,314.5724,299.40704,41.42240000000004,26.257040000000018
2022-05-26 04:00:00,27.5,87.5,313.8901,299.06244,40.74010000000004,25.912440000000004
2022-05-26 04:00:00,27.5,87.75,311.73566,296.83032,38.58566000000002,23.680319999999995
2022-05-26 04:00:00,27.5,88.0,311.33148,295.56747,38.18148000000002,22.417470000000037
2022-05-26 04:00:00,27.5,88.25,311.33148,295.56747,38.18148000000002,22.417470000000037
2022-05-26 04:00:00,27.5,88.5,313.32693,296.90167,40.17693000000003,23.751670000000047
2022-05-26 04:00:00,27.5,88.75,314.02643,296.67413,40.87643000000003,23.524130000000014
2022-05-26 04:00:00,27.5,89.0,312.2793,292.08838,39.1293,18.938379999999995
2022-05-26 04:00:00,27.5,89.25,310.01035,290.99582,36.86035000000004,17.845820000000003
2022-05-26 04:00:00,27.5,89.5,312.56232,293.86502,39.41232000000002,20.715020000000038
2022-05-26 04:00:00,27.5,89.75,312.58963,296.4678,39.43963000000002,23.317800000000034
2022-05-26 04:00:00,27.5,90.0,314.31732,298.38922,41.16732000000002,25.239220000000046
2022-05-26 04:00:00,27.25,85.5,328.2712,310.23776,55.121200000000044,37.08776
2022-05-26 04:00:00,27.25,85.75,326.9269,308.883,53.77690000000001,35.733000000000004
2022-05-26 04:00:00,27.25,86.0,326.9269,308.883,53.77690000000001,35.733000000000004
2022-05-26 04:00:00,27.25,86.25,324.92273,306.76,51.772730000000024,33.610000000000014
2022-05-26 04:00:00,27.25,86.5,322.88348,305.3069,49.73348000000004,32.15690000000001
2022-05-26 04:00:00,27.25,86.75,322.04736,304.1055,48.89736000000005,30.95550000000003
2022-05-26 04:00:00,27.25,87.0,320.55902,303.14386,47.40902,29.99386000000004
2022-05-26 04:00:00,27.25,87.25,319.50922,303.11255,46.35922000000005,29.96255000000002
2022-05-26 04:00:00,27.25,87.5,318.8495,302.7584,45.6995,29.608400000000017
2022-05-26 04:00:00,27.25,87.75,316.46243,300.88446,43.312430000000006,27.734460000000013
2022-05-26 04:00:00,27.25,88.0,314.72504,299.98743,41.57504,26.83743000000004
2022-05-26 04:00:00,27.25,88.25,314.72504,299.98743,41.57504,26.83743000000004
2022-05-26 04:00:00,27.25,88.5,315.82016,301.49472,42.67016000000001,28.344719999999995
2022-05-26 04:00:00,27.25,88.75,316.4426,301.60748,43.29260000000005,28.457480000000032
2022-05-26 04:00:00,27.25,89.0,315.35135,298.773,42.20135000000005,25.623000000000047
2022-05-26 04:00:00,27.25,89.25,315.05255,297.6191,41.90255000000002,24.469100000000026
2022-05-26 04:00:00,27.25,89.5,314.26175,296.296,41.11175000000003,23.146000000000015
2022-05-26 04:00:00,27.25,89.75,313.10092,296.64127,39.950919999999996,23.491270000000043
2022-05-26 04:00:00,27.25,90.0,314.7503,298.91385,41.600300000000004,25.763850000000048
2022-05-26 04:00:00,27.0,85.5,328.2712,310.23776,55.121200000000044,37.08776
2022-05-26 04:00:00,27.0,85.75,326.9269,308.883,53.77690000000001,35.733000000000004
2022-05-26 04:00:00,27.0,86.0,326.9269,308.883,53.77690000000001,35.733000000000004
2022-05-26 04:00:00,27.0,86.25,324.92273,306.76,51.772730000000024,33.610000000000014
2022-05-26 04:00:00,27.0,86.5,322.88348,305.3069,49.73348000000004,32.15690000000001
2022-05-26 04:00:00,27.0,86.75,322.04736,304.1055,48.89736000000005,30.95550000000003
2022-05-26 04:00:00,27.0,87.0,320.55902,303.14386,47.40902,29.99386000000004
2022-05-26 04:00:00,27.0,87.25,319.50922,303.11255,46.35922000000005,29.96255000000002
2022-05-26 04:00:00,27.0,87.5,318.8495,302.7584,45.6995,29.608400000000017
2022-05-26 04:00:00,27.0,87.75,316.46243,300.88446,43.312430000000006,27.734460000000013
2022-05-26 04:00:00,27.0,88.0,314.72504,299.98743,41.57504,26.83743000000004
2022-05-26 04:00:00,27.0,88.25,314.72504,299.98743,41.57504,26.83743000000004
2022-05-26 04:00:00,27.0,88.5,315.82016,301.49472,42.67016000000001,28.344719999999995
2022-05-26 04:00:00,27.0,88.75,316.4426,301.60748,43.29260000000005,28.457480000000032
2022-05-26 04:00:00,27.0,89.0,315.35135,298.773,42.20135000000005,25.623000000000047
2022-05-26 04:00:00,27.0,89.25,315.05255,297.6191,41.90255000000002,24.469100000000026
2022-05-26 04:00:00,27.0,89.5,314.26175,296.296,41.11175000000003,23.146000000000015
2022-05-26 04:00:00,27.0,89.75,313.10092,296.64127,39.950919999999996,23.491270000000043
2022-05-26 04:00:00,27.0,90.0,314.7503,298.91385,41.600300000000004,25.763850000000048
2022-05-26 04:00:00,26.75,85.5,330.18085,312.13818,57.030850000000044,38.98818
2022-05-26 04:00:00,26.75,85.75,330.7463,311.56332,57.59630000000004,38.41332
2022-05-26 04:00:00,26.75,86.0,330.7463,311.56332,57.59630000000004,38.41332
2022-05-26 04:00:00,26.75,86.25,331.13583,310.7967,57.98583000000002,37.64670000000001
2022-05-26 04:00:00,26.75,86.5,330.07755,310.16327,56.92755,37.013270000000034
2022-05-26 04:00:00,26.75,86.75,327.76617,308.92233,54.61617000000001,35.77233000000001
2022-05-26 04:00:00,26.75,87.0,325.17642,307.41397,52.02642000000003,34.26397000000003
2022-05-26 04:00:00,26.75,87.25,323.33304,306.49734,50.183040000000005,33.34734000000003
2022-05-26 04:00:00,26.75,87.5,321.6075,305.48367,48.45750000000004,32.33367000000004
2022-05-26 04:00:00,26.75,87.75,319.61606,304.18997,46.46606000000003,31.03997000000004
2022-05-26 04:00:00,26.75,88.0,318.12564,303.61505,44.97564,30.46505000000002
2022-05-26 04:00:00,26.75,88.25,318.12564,303.61505,44.97564,30.46505000000002
2022-05-26 04:00:00,26.75,88.5,318.1206,304.54633,44.97060000000005,31.396330000000034
2022-05-26 04:00:00,26.75,88.75,319.1175,305.8623,45.96750000000003,32.71230000000003
2022-05-26 04:00:00,26.75,89.0,319.46408,305.67697,46.31408000000005,32.526970000000006
2022-05-26 04:00:00,26.75,89.25,319.12314,304.60498,45.97314,31.454980000000035
2022-05-26 04:00:00,26.75,89.5,317.88007,302.5469,44.73007000000001,29.396900000000016
2022-05-26 04:00:00,26.75,89.75,314.8735,300.84146,41.7235,27.691460000000006
2022-05-26 04:00:00,26.75,90.0,315.03018,302.12964,41.880179999999996,28.979640000000018
2022-05-26 04:00:00,26.5,85.5,331.1928,312.0574,58.0428,38.907399999999996
2022-05-26 04:00:00,26.5,85.75,330.22147,311.62396,57.07147000000003,38.473960000000034
2022-05-26 04:00:00,26.5,86.0,330.22147,311.62396,57.07147000000003,38.473960000000034
2022-05-26 04:00:00,26.5,86.25,330.5188,311.7345,57.36880000000002,38.58450000000005
2022-05-26 04:00:00,26.5,86.5,330.48184,310.79874,57.33184,37.64874000000003
2022-05-26 04:00:00,26.5,86.75,329.37955,310.0852,56.22955000000002,36.93520000000001
2022-05-26 04:00:00,26.5,87.0,328.3064,310.3649,55.15640000000002,37.2149
2022-05-26 04:00:00,26.5,87.25,327.18307,310.26266,54.03307000000001,37.112660000000005
2022-05-26 04:00:00,26.5,87.5,324.9909,308.9158,51.84090000000003,35.76580000000001
2022-05-26 04:00:00,26.5,87.75,323.14224,307.92078,49.99224000000004,34.77078
2022-05-26 04:00:00,26.5,88.0,322.66278,308.09613,49.51278000000002,34.94613000000004
2022-05-26 04:00:00,26.5,88.25,322.66278,308.09613,49.51278000000002,34.94613000000004
2022-05-26 04:00:00,26.5,88.5,322.56516,308.59796,49.415160000000014,35.44796000000002
2022-05-26 04:00:00,26.5,88.75,321.73767,308.81815,48.58767,35.668150000000026
2022-05-26 04:00:00,26.5,89.0,320.05606,308.39813,46.906060000000025,35.24813
2022-05-26 04:00:00,26.5,89.25,318.5056,307.32498,45.35560000000004,34.174980000000005
2022-05-26 04:00:00,26.5,89.5,316.6663,306.57755,43.5163,33.42755
2022-05-26 04:00:00,26.5,89.75,314.84424,305.38672,41.694240000000036,32.23672000000005
2022-05-26 04:00:00,26.5,90.0,313.73007,304.02734,40.580070000000035,30.877340000000004
2022-05-26 04:00:00,26.25,85.5,330.4908,312.14548,57.3408,38.99548000000004
2022-05-26 04:00:00,26.25,85.75,330.64304,312.17743,57.49304000000001,39.02743000000004
2022-05-26 04:00:00,26.25,86.0,330.64304,312.17743,57.49304000000001,39.02743000000004
2022-05-26 04:00:00,26.25,86.25,330.42197,311.8498,57.27197000000001,38.69980000000004
2022-05-26 04:00:00,26.25,86.5,329.39618,310.56854,56.24618000000004,37.41854000000001
2022-05-26 04:00:00,26.25,86.75,328.24255,310.01334,55.09255000000002,36.86334000000005
2022-05-26 04:00:00,26.25,87.0,327.9942,309.94156,54.8442,36.791560000000004
2022-05-26 04:00:00,26.25,87.25,326.94934,309.6522,53.79934000000003,36.502200000000016
2022-05-26 04:00:00,26.25,87.5,325.11533,309.11575,51.965329999999994,35.965750000000014
2022-05-26 04:00:00,26.25,87.75,323.70453,308.5167,50.55453,35.36670000000004
2022-05-26 04:00:00,26.25,88.0,323.25473,308.16833,50.10473000000002,35.01833000000005
2022-05-26 04:00:00,26.25,88.25,323.25473,308.16833,50.10473000000002,35.01833000000005
2022-05-26 04:00:00,26.25,88.5,323.3299,308.525,50.17990000000003,35.375
2022-05-26 04:00:00,26.25,88.75,322.50888,308.96918,49.35888,35.81918000000002
2022-05-26 04:00:00,26.25,89.0,319.8937,307.95657,46.74370000000005,34.80657000000002
2022-05-26 04:00:00,26.25,89.25,317.19702,306.16455,44.04702000000003,33.01455000000004
2022-05-26 04:00:00,26.25,89.5,314.24704,305.43405,41.09704000000005,32.284050000000036
2022-05-26 04:00:00,26.25,89.75,311.89243,304.4101,38.74243000000001,31.260100000000023
2022-05-26 04:00:00,26.25,90.0,311.10608,303.9409,37.95608000000004,30.790900000000022
2022-05-26 04:00:00,26.0,85.5,331.03915,312.6618,57.88915000000003,39.51180000000005
2022-05-26 04:00:00,26.0,85.75,330.40936,312.64413,57.259360000000015,39.49413000000004
2022-05-26 04:00:00,26.0,86.0,330.40936,312.64413,57.259360000000015,39.49413000000004
2022-05-26 04:00:00,26.0,86.25,330.14865,312.39893,56.99865,39.24893000000003
2022-05-26 04:00:00,26.0,86.5,328.88718,311.81125,55.73718000000002,38.661249999999995
2022-05-26 04:00:00,26.0,86.75,329.3475,311.56183,56.19750000000005,38.41183000000001
2022-05-26 04:00:00,26.0,87.0,328.67245,311.00104,55.52245000000005,37.85104000000001
2022-05-26 04:00:00,26.0,87.25,327.82245,310.52582,54.672450000000026,37.37582000000003
2022-05-26 04:00:00,26.0,87.5,326.8629,310.11572,53.71290000000005,36.96572000000003
2022-05-26 04:00:00,26.0,87.75,325.32635,309.33682,52.17635000000001,36.18682000000001
2022-05-26 04:00:00,26.0,88.0,323.37344,308.52515,50.22344000000004,35.37515000000002
2022-05-26 04:00:00,26.0,88.25,323.37344,308.52515,50.22344000000004,35.37515000000002
2022-05-26 04:00:00,26.0,88.5,321.74417,308.11618,48.59417000000002,34.96618000000001
2022-05-26 04:00:00,26.0,88.75,320.69696,307.62094,47.54696000000001,34.47094000000004
2022-05-26 04:00:00,26.0,89.0,319.25134,306.6678,46.10134000000005,33.51780000000002
2022-05-26 04:00:00,26.0,89.25,317.08127,305.84613,43.93127000000004,32.69613000000004
2022-05-26 04:00:00,26.0,89.5,314.81024,305.01697,41.660240000000044,31.866970000000038
2022-05-26 04:00:00,26.0,89.75,311.67496,303.1855,38.52496000000002,30.035500000000013
2022-05-26 04:00:00,26.0,90.0,309.50378,303.1362,36.35378000000003,29.986199999999997
2022-05-26 04:00:00,25.75,85.5,330.64108,312.65182,57.49108000000001,39.50182000000001
2022-05-26 04:00:00,25.75,85.75,330.26123,312.4925,57.111230000000035,39.34250000000003
2022-05-26 04:00:00,25.75,86.0,330.26123,312.4925,57.111230000000035,39.34250000000003
2022-05-26 04:00:00,25.75,86.25,329.48343,312.17056,56.33343000000002,39.020560000000046
2022-05-26 04:00:00,25.75,86.5,328.7419,311.70532,55.59190000000001,38.555319999999995
2022-05-26 04:00:00,25.75,86.75,328.63873,311.49655,55.48873000000003,38.346550000000036
2022-05-26 04:00:00,25.75,87.0,328.13754,311.32806,54.987540000000024,38.178060000000016
2022-05-26 04:00:00,25.75,87.25,328.01605,311.04736,54.86605000000003,37.89736000000005
2022-05-26 04:00:00,25.75,87.5,327.927,310.54755,54.777000000000044,37.397550000000024
2022-05-26 04:00:00,25.75,87.75,326.56055,309.39548,53.41055,36.24548000000004
2022-05-26 04:00:00,25.75,88.0,323.6141,307.51923,50.46410000000003,34.369230000000016
2022-05-26 04:00:00,25.75,88.25,323.6141,307.51923,50.46410000000003,34.369230000000016
2022-05-26 04:00:00,25.75,88.5,320.09973,305.87997,46.949730000000045,32.72997000000004
2022-05-26 04:00:00,25.75,88.75,317.75992,305.48126,44.609920000000045,32.33126000000004
2022-05-26 04:00:00,25.75,89.0,317.64883,305.87494,44.49883,32.724940000000004
2022-05-26 04:00:00,25.75,89.25,317.83276,305.76727,44.68276000000003,32.61727000000002
2022-05-26 04:00:00,25.75,89.5,315.95654,304.8706,42.80654000000004,31.720600000000047
2022-05-26 04:00:00,25.75,89.75,312.94913,303.69107,39.79913000000005,30.541070000000047
2022-05-26 04:00:00,25.75,90.0,311.24133,303.26215,38.09133000000003,30.112150000000042
2022-05-26 04:00:00,25.5,85.5,330.92752,312.71063,57.77752000000004,39.56063
2022-05-26 04:00:00,25.5,85.75,329.8108,312.36963,56.660799999999995,39.219629999999995
2022-05-26 04:00:00,25.5,86.0,329.8108,312.36963,56.660799999999995,39.219629999999995
2022-05-26 04:00:00,25.5,86.25,329.58652,312.33804,56.43652000000003,39.18804
2022-05-26 04:00:00,25.5,86.5,328.90598,312.12604,55.75598000000002,38.97604000000001
2022-05-26 04:00:00,25.5,86.75,328.56375,311.8421,55.41375000000005,38.69210000000004
2022-05-26 04:00:00,25.5,87.0,328.28284,311.598,55.132840000000044,38.448000000000036
2022-05-26 04:00:00,25.5,87.25,328.0538,311.33206,54.90380000000005,38.182060000000035
2022-05-26 04:00:00,25.5,87.5,327.83472,311.29523,54.68472000000003,38.145230000000026
2022-05-26 04:00:00,25.5,87.75,327.33575,310.51804,54.18575000000004,37.36804000000001
2022-05-26 04:00:00,25.5,88.0,324.87253,308.40244,51.722530000000006,35.252440000000036
2022-05-26 04:00:00,25.5,88.25,324.87253,308.40244,51.722530000000006,35.252440000000036
2022-05-26 04:00:00,25.5,88.5,321.10275,306.97617,47.95275000000004,33.82617000000005
2022-05-26 04:00:00,25.5,88.75,319.2171,307.4252,46.06710000000004,34.27520000000004
2022-05-26 04:00:00,25.5,89.0,319.28378,307.56207,46.13378,34.41207000000003
2022-05-26 04:00:00,25.5,89.25,319.65314,307.2688,46.50314000000003,34.11880000000002
2022-05-26 04:00:00,25.5,89.5,318.70724,306.6036,45.557240000000036,33.453599999999994
2022-05-26 04:00:00,25.5,89.75,316.17786,305.69788,43.02786000000003,32.54788000000002
2022-05-26 04:00:00,25.5,90.0,313.9703,304.03162,40.82030000000003,30.881619999999998
2022-05-26 04:00:00,25.25,85.5,332.34875,313.11276,59.19875000000002,39.96276
2022-05-26 04:00:00,25.25,85.75,332.1176,313.07675,58.967600000000004,39.92675000000003
2022-05-26 04:00:00,25.25,86.0,332.1176,313.07675,58.967600000000004,39.92675000000003
2022-05-26 04:00:00,25.25,86.25,330.6619,312.56973,57.511900000000026,39.419730000000015
2022-05-26 04:00:00,25.25,86.5,328.4258,312.06268,55.275800000000004,38.91268000000002
2022-05-26 04:00:00,25.25,86.75,327.75104,311.83218,54.60104000000001,38.68218000000002
2022-05-26 04:00:00,25.25,87.0,328.0605,311.95102,54.91050000000001,38.80102000000005
2022-05-26 04:00:00,25.25,87.25,328.5173,311.81842,55.3673,38.668420000000026
2022-05-26 04:00:00,25.25,87.5,327.92865,311.56082,54.77865000000003,38.41082
2022-05-26 04:00:00,25.25,87.75,327.25995,311.2344,54.109950000000026,38.08440000000002
2022-05-26 04:00:00,25.25,88.0,327.13065,310.7649,53.980650000000026,37.614900000000034
2022-05-26 04:00:00,25.25,88.25,327.13065,310.7649,53.980650000000026,37.614900000000034
2022-05-26 04:00:00,25.25,88.5,325.71664,310.08795,52.56664000000001,36.93795
2022-05-26 04:00:00,25.25,88.75,322.74197,309.12292,49.59197,35.972920000000045
2022-05-26 04:00:00,25.25,89.0,321.20435,308.34573,48.05435,35.195730000000026
2022-05-26 04:00:00,25.25,89.25,321.6049,308.44345,48.45490000000001,35.29345000000001
2022-05-26 04:00:00,25.25,89.5,322.268,308.3789,49.117999999999995,35.22890000000001
2022-05-26 04:00:00,25.25,89.75,320.37073,307.3948,47.22073,34.2448
2022-05-26 04:00:00,25.25,90.0,316.8537,304.83365,43.703700000000026,31.68365
2022-05-26 04:00:00,25.0,85.5,332.07922,312.3759,58.92922000000004,39.225900000000024
2022-05-26 04:00:00,25.0,85.75,331.06458,312.29523,57.91458,39.145230000000026
2022-05-26 04:00:00,25.0,86.0,331.06458,312.29523,57.91458,39.145230000000026
2022-05-26 04:00:00,25.0,86.25,330.2142,311.92728,57.06420000000003,38.77728000000002
2022-05-26 04:00:00,25.0,86.5,329.99777,311.82455,56.847770000000025,38.67455000000001
2022-05-26 04:00:00,25.0,86.75,328.7743,311.7794,55.624300000000005,38.62940000000003
2022-05-26 04:00:00,25.0,87.0,328.16614,311.7518,55.01614000000001,38.601800000000026
2022-05-26 04:00:00,25.0,87.25,328.2271,311.6332,55.07710000000003,38.48320000000001
2022-05-26 04:00:00,25.0,87.5,327.7525,311.4804,54.60250000000002,38.3304
2022-05-26 04:00:00,25.0,87.75,327.69247,311.92896,54.54247000000004,38.77896000000004
2022-05-26 04:00:00,25.0,88.0,328.3652,312.31424,55.21520000000004,39.16424000000001
2022-05-26 04:00:00,25.0,88.25,328.3652,312.31424,55.21520000000004,39.16424000000001
2022-05-26 04:00:00,25.0,88.5,328.13394,311.56433,54.98394000000002,38.41433000000001
2022-05-26 04:00:00,25.0,88.75,325.95758,310.05627,52.80758000000003,36.906270000000006
2022-05-26 04:00:00,25.0,89.0,323.44046,308.9668,50.290459999999996,35.8168
2022-05-26 04:00:00,25.0,89.25,323.88733,309.2835,50.73733000000004,36.133500000000026
2022-05-26 04:00:00,25.0,89.5,324.94818,309.33685,51.79818,36.18685000000005
2022-05-26 04:00:00,25.0,89.75,323.2824,308.38156,50.13240000000002,35.23156
2022-05-26 04:00:00,25.0,90.0,320.26007,306.38547,47.11007000000001,33.23547000000002
2022-05-26 04:00:00,24.75,85.5,332.07922,312.3759,58.92922000000004,39.225900000000024
2022-05-26 04:00:00,24.75,85.75,331.06458,312.29523,57.91458,39.145230000000026
2022-05-26 04:00:00,24.75,86.0,331.06458,312.29523,57.91458,39.145230000000026
2022-05-26 04:00:00,24.75,86.25,330.2142,311.92728,57.06420000000003,38.77728000000002
2022-05-26 04:00:00,24.75,86.5,329.99777,311.82455,56.847770000000025,38.67455000000001
2022-05-26 04:00:00,24.75,86.75,328.7743,311.7794,55.624300000000005,38.62940000000003
2022-05-26 04:00:00,24.75,87.0,328.16614,311.7518,55.01614000000001,38.601800000000026
2022-05-26 04:00:00,24.75,87.25,328.2271,311.6332,55.07710000000003,38.48320000000001
2022-05-26 04:00:00,24.75,87.5,327.7525,311.4804,54.60250000000002,38.3304
2022-05-26 04:00:00,24.75,87.75,327.69247,311.92896,54.54247000000004,38.77896000000004
2022-05-26 04:00:00,24.75,88.0,328.3652,312.31424,55.21520000000004,39.16424000000001
2022-05-26 04:00:00,24.75,88.25,328.3652,312.31424,55.21520000000004,39.16424000000001
2022-05-26 04:00:00,24.75,88.5,328.13394,311.56433,54.98394000000002,38.41433000000001
2022-05-26 04:00:00,24.75,88.75,325.95758,310.05627,52.80758000000003,36.906270000000006
2022-05-26 04:00:00,24.75,89.0,323.44046,308.9668,50.290459999999996,35.8168
2022-05-26 04:00:00,24.75,89.25,323.88733,309.2835,50.73733000000004,36.133500000000026
2022-05-26 04:00:00,24.75,89.5,324.94818,309.33685,51.79818,36.18685000000005
2022-05-26 04:00:00,24.75,89.75,323.2824,308.38156,50.13240000000002,35.23156
2022-05-26 04:00:00,24.75,90.0,320.26007,306.38547,47.11007000000001,33.23547000000002
2022-05-26 04:00:00,24.5,85.5,330.33206,311.67447,57.182060000000035,38.52447000000001
2022-05-26 04:00:00,24.5,85.75,330.822,311.51605,57.672000000000025,38.36605000000003
2022-05-26 04:00:00,24.5,86.0,330.822,311.51605,57.672000000000025,38.36605000000003
2022-05-26 04:00:00,24.5,86.25,329.58655,310.58908,56.43655000000001,37.43908000000005
2022-05-26 04:00:00,24.5,86.5,329.79733,310.63782,56.64733000000001,37.48782
2022-05-26 04:00:00,24.5,86.75,329.856,311.24548,56.70600000000002,38.09548000000001
2022-05-26 04:00:00,24.5,87.0,329.21368,311.38116,56.06368000000003,38.231160000000045
2022-05-26 04:00:00,24.5,87.25,328.20886,311.35513,55.05886000000004,38.20513
2022-05-26 04:00:00,24.5,87.5,327.4492,311.4277,54.29920000000004,38.27770000000004
2022-05-26 04:00:00,24.5,87.75,327.90747,311.96506,54.75747000000001,38.81506000000002
2022-05-26 04:00:00,24.5,88.0,328.4083,312.25244,55.25830000000002,39.10244
2022-05-26 04:00:00,24.5,88.25,328.4083,312.25244,55.25830000000002,39.10244
2022-05-26 04:00:00,24.5,88.5,327.6891,311.58414,54.53910000000002,38.43414000000001
2022-05-26 04:00:00,24.5,88.75,326.2251,310.49884,53.07510000000002,37.348839999999996
2022-05-26 04:00:00,24.5,89.0,324.61252,309.55066,51.46252000000004,36.400660000000016
2022-05-26 04:00:00,24.5,89.25,324.6648,309.1953,51.51480000000004,36.0453
2022-05-26 04:00:00,24.5,89.5,324.93674,308.88986,51.78674000000001,35.73986000000002
2022-05-26 04:00:00,24.5,89.75,322.99878,308.0441,49.84878000000003,34.89410000000004
2022-05-26 04:00:00,24.5,90.0,320.6804,306.40433,47.53040000000004,33.25433000000004
2022-05-26 04:00:00,24.25,85.5,329.70956,310.67145,56.55956000000003,37.521450000000016
2022-05-26 04:00:00,24.25,85.75,331.06702,311.22388,57.917020000000036,38.07388000000003
2022-05-26 04:00:00,24.25,86.0,331.06702,311.22388,57.917020000000036,38.07388000000003
2022-05-26 04:00:00,24.25,86.25,331.06744,310.94235,57.91744,37.79235
2022-05-26 04:00:00,24.25,86.5,331.05048,311.0599,57.900480000000016,37.90990000000005
2022-05-26 04:00:00,24.25,86.75,330.53415,311.52805,57.384150000000034,38.37805000000003
2022-05-26 04:00:00,24.25,87.0,329.62924,311.4163,56.479240000000004,38.2663
2022-05-26 04:00:00,24.25,87.25,328.4682,311.30777,55.31820000000005,38.15777000000003
2022-05-26 04:00:00,24.25,87.5,327.9381,311.60052,54.78810000000004,38.45052000000004
2022-05-26 04:00:00,24.25,87.75,328.3026,312.28308,55.15260000000001,39.13308000000001
2022-05-26 04:00:00,24.25,88.0,328.5225,312.45944,55.3725,39.309439999999995
2022-05-26 04:00:00,24.25,88.25,328.5225,312.45944,55.3725,39.309439999999995
2022-05-26 04:00:00,24.25,88.5,327.7005,311.8212,54.5505,38.6712
2022-05-26 04:00:00,24.25,88.75,326.28836,310.9921,53.138360000000034,37.842100000000016
2022-05-26 04:00:00,24.25,89.0,325.33942,310.14627,52.18942000000004,36.99627000000004
2022-05-26 04:00:00,24.25,89.25,325.0212,309.907,51.871200000000044,36.757000000000005
2022-05-26 04:00:00,24.25,89.5,324.04904,309.14502,50.899040000000014,35.99502000000001
2022-05-26 04:00:00,24.25,89.75,322.10483,308.0734,48.954830000000015,34.923400000000015
2022-05-26 04:00:00,24.25,90.0,321.0613,307.48,47.91130000000004,34.33000000000004
2022-05-26 04:00:00,24.0,85.5,328.53528,309.56378,55.38528000000002,36.41378000000003
2022-05-26 04:00:00,24.0,85.75,329.24985,310.42093,56.09985,37.27093000000002
2022-05-26 04:00:00,24.0,86.0,329.24985,310.42093,56.09985,37.27093000000002
2022-05-26 04:00:00,24.0,86.25,329.70712,310.86978,56.55712,37.719780000000014
2022-05-26 04:00:00,24.0,86.5,330.7732,311.61456,57.6232,38.464560000000006
2022-05-26 04:00:00,24.0,86.75,331.10876,312.20346,57.95876000000004,39.05346000000003
2022-05-26 04:00:00,24.0,87.0,330.4797,312.2079,57.3297,39.05790000000002
2022-05-26 04:00:00,24.0,87.25,329.1932,312.0401,56.04320000000001,38.89010000000002
2022-05-26 04:00:00,24.0,87.5,328.48798,312.19586,55.337980000000016,39.045860000000005
2022-05-26 04:00:00,24.0,87.75,328.65027,312.67975,55.50027,39.529750000000035
2022-05-26 04:00:00,24.0,88.0,328.61902,312.92194,55.46902,39.77194000000003
2022-05-26 04:00:00,24.0,88.25,328.61902,312.92194,55.46902,39.77194000000003
2022-05-26 04:00:00,24.0,88.5,328.27246,312.59457,55.122460000000046,39.44457
2022-05-26 04:00:00,24.0,88.75,327.66235,311.85498,54.512350000000026,38.704980000000035
2022-05-26 04:00:00,24.0,89.0,325.72827,310.86798,52.57827000000003,37.71798000000001
2022-05-26 04:00:00,24.0,89.25,323.96057,310.09894,50.81057000000004,36.94894000000005
2022-05-26 04:00:00,24.0,89.5,322.8795,309.4742,49.72950000000003,36.32420000000002
2022-05-26 04:00:00,24.0,89.75,320.5616,308.16574,47.41160000000002,35.01574000000005
2022-05-26 04:00:00,24.0,90.0,320.1693,307.19757,47.019300000000044,34.04757000000001
2022-05-26 04:00:00,23.75,85.5,328.98904,310.47775,55.83904000000001,37.32775000000004
2022-05-26 04:00:00,23.75,85.75,328.35815,310.9904,55.208150000000046,37.840400000000045
2022-05-26 04:00:00,23.75,86.0,328.35815,310.9904,55.208150000000046,37.840400000000045
2022-05-26 04:00:00,23.75,86.25,329.54767,311.75958,56.397670000000005,38.60958000000005
2022-05-26 04:00:00,23.75,86.5,330.45453,312.40594,57.30453,39.25594000000001
2022-05-26 04:00:00,23.75,86.75,329.53888,312.38763,56.38888000000003,39.237630000000024
2022-05-26 04:00:00,23.75,87.0,329.94983,312.5436,56.79983000000004,39.39360000000005
2022-05-26 04:00:00,23.75,87.25,329.96524,312.7101,56.81524000000002,39.560100000000034
2022-05-26 04:00:00,23.75,87.5,329.89386,312.92203,56.74386000000004,39.77203000000003
2022-05-26 04:00:00,23.75,87.75,330.0708,313.19974,56.92080000000004,40.04974000000004
2022-05-26 04:00:00,23.75,88.0,329.6453,313.35852,56.49530000000004,40.20852000000002
2022-05-26 04:00:00,23.75,88.25,329.6453,313.35852,56.49530000000004,40.20852000000002
2022-05-26 04:00:00,23.75,88.5,328.77618,313.07352,55.62618000000003,39.923519999999996
2022-05-26 04:00:00,23.75,88.75,327.9224,312.44574,54.772400000000005,39.29574000000002
2022-05-26 04:00:00,23.75,89.0,326.11008,311.61942,52.960080000000005,38.469420000000014
2022-05-26 04:00:00,23.75,89.25,323.4413,309.87473,50.291300000000035,36.72473000000002
2022-05-26 04:00:00,23.75,89.5,321.3817,309.19476,48.231700000000046,36.04476
2022-05-26 04:00:00,23.75,89.75,318.93542,307.77917,45.785420000000045,34.629170000000045
2022-05-26 04:00:00,23.75,90.0,317.7826,307.0521,44.632600000000025,33.90210000000002
2022-05-26 04:00:00,23.5,85.5,328.00888,310.32242,54.85888,37.172420000000045
2022-05-26 04:00:00,23.5,85.75,328.86908,311.4326,55.71908000000002,38.2826
2022-05-26 04:00:00,23.5,86.0,328.86908,311.4326,55.71908000000002,38.2826
2022-05-26 04:00:00,23.5,86.25,330.56726,312.18063,57.41726,39.03063000000003
2022-05-26 04:00:00,23.5,86.5,331.62943,312.9431,58.479430000000036,39.79310000000004
2022-05-26 04:00:00,23.5,86.75,331.20667,313.07593,58.05667,39.92593000000005
2022-05-26 04:00:00,23.5,87.0,330.57983,313.0702,57.42983000000004,39.92020000000002
2022-05-26 04:00:00,23.5,87.25,329.99603,313.10254,56.84603000000004,39.95254
2022-05-26 04:00:00,23.5,87.5,330.19406,313.31677,57.04406,40.16677000000004
2022-05-26 04:00:00,23.5,87.75,330.7133,313.45618,57.56330000000003,40.30618000000004
2022-05-26 04:00:00,23.5,88.0,330.42505,313.36526,57.27505000000002,40.21526
2022-05-26 04:00:00,23.5,88.25,330.42505,313.36526,57.27505000000002,40.21526
2022-05-26 04:00:00,23.5,88.5,329.634,313.05695,56.48400000000004,39.906949999999995
2022-05-26 04:00:00,23.5,88.75,328.8294,312.7113,55.679400000000044,39.56130000000002
2022-05-26 04:00:00,23.5,89.0,327.19577,312.41223,54.045770000000005,39.262230000000045
2022-05-26 04:00:00,23.5,89.25,324.81842,310.96143,51.668420000000026,37.81143000000003
2022-05-26 04:00:00,23.5,89.5,321.32486,308.32538,48.174860000000024,35.17538000000002
2022-05-26 04:00:00,23.5,89.75,319.235,306.53244,46.085000000000036,33.38244000000003
2022-05-26 04:00:00,23.5,90.0,317.59473,304.8743,44.44473000000005,31.724300000000028
2022-05-26 04:00:00,23.25,85.5,327.1481,310.11282,53.99810000000002,36.96282000000002
2022-05-26 04:00:00,23.25,85.75,328.71387,311.504,55.56387000000001,38.35400000000004
2022-05-26 04:00:00,23.25,86.0,328.71387,311.504,55.56387000000001,38.35400000000004
2022-05-26 04:00:00,23.25,86.25,328.93118,311.6099,55.781180000000006,38.459900000000005
2022-05-26 04:00:00,23.25,86.5,330.49487,312.37094,57.344870000000014,39.22094000000004
2022-05-26 04:00:00,23.25,86.75,331.22214,312.96103,58.07214000000005,39.81103000000002
2022-05-26 04:00:00,23.25,87.0,331.0079,313.28116,57.85790000000003,40.13116000000002
2022-05-26 04:00:00,23.25,87.25,331.03235,313.41324,57.88235000000003,40.263239999999996
2022-05-26 04:00:00,23.25,87.5,331.0661,313.41315,57.91610000000003,40.263149999999996
2022-05-26 04:00:00,23.25,87.75,331.10153,313.2723,57.95153000000005,40.122299999999996
2022-05-26 04:00:00,23.25,88.0,331.2167,313.17398,58.066700000000026,40.023979999999995
2022-05-26 04:00:00,23.25,88.25,331.2167,313.17398,58.066700000000026,40.023979999999995
2022-05-26 04:00:00,23.25,88.5,330.8018,313.0228,57.65180000000004,39.87280000000004
2022-05-26 04:00:00,23.25,88.75,329.91824,312.72934,56.76824000000005,39.57934
2022-05-26 04:00:00,23.25,89.0,329.31854,312.8079,56.16854000000001,39.65790000000004
2022-05-26 04:00:00,23.25,89.25,328.12708,312.81818,54.97708,39.66818000000001
2022-05-26 04:00:00,23.25,89.5,326.30258,311.31992,53.15258,38.16992000000005
2022-05-26 04:00:00,23.25,89.75,323.64996,307.6736,50.499960000000044,34.523600000000044
2022-05-26 04:00:00,23.25,90.0,323.27872,307.7277,50.128720000000044,34.57770000000005
2022-05-26 04:00:00,23.0,85.5,325.79544,310.30475,52.64544000000001,37.154750000000035
2022-05-26 04:00:00,23.0,85.75,326.37567,311.1618,53.22567000000004,38.01180000000005
2022-05-26 04:00:00,23.0,86.0,326.37567,311.1618,53.22567000000004,38.01180000000005
2022-05-26 04:00:00,23.0,86.25,328.0831,311.86243,54.933100000000024,38.71243000000004
2022-05-26 04:00:00,23.0,86.5,330.15408,312.6341,57.004080000000044,39.48410000000001
2022-05-26 04:00:00,23.0,86.75,330.2849,313.04688,57.134900000000016,39.89688000000001
2022-05-26 04:00:00,23.0,87.0,330.79318,313.3086,57.64318000000003,40.158600000000035
2022-05-26 04:00:00,23.0,87.25,331.11017,313.18716,57.960170000000005,40.03716000000003
2022-05-26 04:00:00,23.0,87.5,331.408,313.05923,58.25800000000004,39.909230000000036
2022-05-26 04:00:00,23.0,87.75,331.34015,312.92056,58.19015000000002,39.770560000000046
2022-05-26 04:00:00,23.0,88.0,331.03268,312.741,57.88268000000005,39.59100000000001
2022-05-26 04:00:00,23.0,88.25,331.03268,312.741,57.88268000000005,39.59100000000001
2022-05-26 04:00:00,23.0,88.5,330.77982,312.68362,57.629819999999995,39.53362000000004
2022-05-26 04:00:00,23.0,88.75,330.43048,312.6733,57.28048000000001,39.523300000000006
2022-05-26 04:00:00,23.0,89.0,330.45593,312.52448,57.305930000000046,39.374480000000005
2022-05-26 04:00:00,23.0,89.25,330.1532,312.22354,57.00320000000005,39.07354000000004
2022-05-26 04:00:00,23.0,89.5,328.89447,312.46848,55.744470000000035,39.31848000000002
2022-05-26 04:00:00,23.0,89.75,328.82065,312.47992,55.67065000000002,39.329920000000016
2022-05-26 04:00:00,23.0,90.0,327.6162,311.6645,54.466200000000015,38.5145
2022-05-26 04:00:00,22.75,85.5,327.27155,311.21082,54.12155000000001,38.060820000000035
2022-05-26 04:00:00,22.75,85.75,329.31027,312.49362,56.160270000000025,39.343620000000044
2022-05-26 04:00:00,22.75,86.0,329.31027,312.49362,56.160270000000025,39.343620000000044
2022-05-26 04:00:00,22.75,86.25,329.8794,312.74396,56.7294,39.59396000000004
2022-05-26 04:00:00,22.75,86.5,330.09882,313.1314,56.94882000000001,39.98140000000001
2022-05-26 04:00:00,22.75,86.75,331.48666,313.90097,58.336659999999995,40.750969999999995
2022-05-26 04:00:00,22.75,87.0,331.3474,313.63504,58.197400000000016,40.485040000000026
2022-05-26 04:00:00,22.75,87.25,331.41302,313.13116,58.26302000000004,39.981160000000045
2022-05-26 04:00:00,22.75,87.5,330.94635,312.82532,57.79635000000002,39.67532
2022-05-26 04:00:00,22.75,87.75,330.8387,312.59427,57.68870000000004,39.44427000000002
2022-05-26 04:00:00,22.75,88.0,330.33017,312.3119,57.18017000000003,39.1619
2022-05-26 04:00:00,22.75,88.25,330.33017,312.3119,57.18017000000003,39.1619
2022-05-26 04:00:00,22.75,88.5,329.6179,312.0413,56.46790000000004,38.8913
2022-05-26 04:00:00,22.75,88.75,329.0583,311.9317,55.9083,38.7817
2022-05-26 04:00:00,22.75,89.0,328.10065,311.6601,54.950649999999996,38.51010000000002
2022-05-26 04:00:00,22.75,89.25,327.19214,311.3739,54.04214000000002,38.223900000000015
2022-05-26 04:00:00,22.75,89.5,327.89038,311.95276,54.740380000000016,38.802760000000035
2022-05-26 04:00:00,22.75,89.75,328.75824,312.454,55.60824000000002,39.30400000000003
2022-05-26 04:00:00,22.75,90.0,326.28305,311.25507,53.133050000000026,38.10507000000001
2022-05-26 04:00:00,22.5,85.5,327.27155,311.21082,54.12155000000001,38.060820000000035
2022-05-26 04:00:00,22.5,85.75,329.31027,312.49362,56.160270000000025,39.343620000000044
2022-05-26 04:00:00,22.5,86.0,329.31027,312.49362,56.160270000000025,39.343620000000044
2022-05-26 04:00:00,22.5,86.25,329.8794,312.74396,56.7294,39.59396000000004
2022-05-26 04:00:00,22.5,86.5,330.09882,313.1314,56.94882000000001,39.98140000000001
2022-05-26 04:00:00,22.5,86.75,331.48666,313.90097,58.336659999999995,40.750969999999995
2022-05-26 04:00:00,22.5,87.0,331.3474,313.63504,58.197400000000016,40.485040000000026
2022-05-26 04:00:00,22.5,87.25,331.41302,313.13116,58.26302000000004,39.981160000000045
2022-05-26 04:00:00,22.5,87.5,330.94635,312.82532,57.79635000000002,39.67532
2022-05-26 04:00:00,22.5,87.75,330.8387,312.59427,57.68870000000004,39.44427000000002
2022-05-26 04:00:00,22.5,88.0,330.33017,312.3119,57.18017000000003,39.1619
2022-05-26 04:00:00,22.5,88.25,330.33017,312.3119,57.18017000000003,39.1619
2022-05-26 04:00:00,22.5,88.5,329.6179,312.0413,56.46790000000004,38.8913
2022-05-26 04:00:00,22.5,88.75,329.0583,311.9317,55.9083,38.7817
2022-05-26 04:00:00,22.5,89.0,328.10065,311.6601,54.950649999999996,38.51010000000002
2022-05-26 04:00:00,22.5,89.25,327.19214,311.3739,54.04214000000002,38.223900000000015
2022-05-26 04:00:00,22.5,89.5,327.89038,311.95276,54.740380000000016,38.802760000000035
2022-05-26 04:00:00,22.5,89.75,328.75824,312.454,55.60824000000002,39.30400000000003
2022-05-26 04:00:00,22.5,90.0,326.28305,311.25507,53.133050000000026,38.10507000000001
2022-05-26 04:00:00,22.25,85.5,328.12024,311.1473,54.97024000000005,37.997299999999996
2022-05-26 04:00:00,22.25,85.75,328.6925,311.45618,55.54250000000002,38.30618000000004
2022-05-26 04:00:00,22.25,86.0,328.6925,311.45618,55.54250000000002,38.30618000000004
2022-05-26 04:00:00,22.25,86.25,328.40674,312.1194,55.256740000000036,38.96940000000001
2022-05-26 04:00:00,22.25,86.5,328.7867,313.08502,55.63670000000002,39.93502000000001
2022-05-26 04:00:00,22.25,86.75,330.5179,313.5929,57.36790000000002,40.44290000000001
2022-05-26 04:00:00,22.25,87.0,330.8735,313.0816,57.7235,39.9316
2022-05-26 04:00:00,22.25,87.25,331.112,312.6956,57.962000000000046,39.545600000000036
2022-05-26 04:00:00,22.25,87.5,330.93866,312.58804,57.78866000000005,39.43804
2022-05-26 04:00:00,22.25,87.75,329.5894,311.96835,56.439400000000035,38.81835000000001
2022-05-26 04:00:00,22.25,88.0,329.83636,311.9233,56.686360000000036,38.773300000000006
2022-05-26 04:00:00,22.25,88.25,329.83636,311.9233,56.686360000000036,38.773300000000006
2022-05-26 04:00:00,22.25,88.5,330.33762,312.03958,57.18762000000004,38.889580000000024
2022-05-26 04:00:00,22.25,88.75,329.21527,311.62433,56.06527,38.47433000000001
2022-05-26 04:00:00,22.25,89.0,327.30975,311.0693,54.15975000000003,37.91930000000002
2022-05-26 04:00:00,22.25,89.25,326.16867,310.94852,53.01867000000004,37.798519999999996
2022-05-26 04:00:00,22.25,89.5,326.23422,311.39655,53.084220000000016,38.24655000000001
2022-05-26 04:00:00,22.25,89.75,326.80258,311.73444,53.65258,38.58444000000003
2022-05-26 04:00:00,22.25,90.0,326.66138,310.9484,53.51138000000003,37.798400000000015
2022-05-26 04:00:00,22.0,85.5,328.95407,310.90582,55.804070000000024,37.75582000000003
2022-05-26 04:00:00,22.0,85.75,329.20355,310.41855,56.05355000000003,37.268550000000005
2022-05-26 04:00:00,22.0,86.0,329.20355,310.41855,56.05355000000003,37.268550000000005
2022-05-26 04:00:00,22.0,86.25,327.1811,310.28134,54.03110000000004,37.13134000000002
2022-05-26 04:00:00,22.0,86.5,327.49515,312.24316,54.34515000000005,39.09316000000001
2022-05-26 04:00:00,22.0,86.75,330.16385,313.47385,57.01385000000005,40.32385000000005
2022-05-26 04:00:00,22.0,87.0,330.95245,312.68723,57.80245000000002,39.53723000000002
2022-05-26 04:00:00,22.0,87.25,331.33398,312.529,58.18398000000002,39.37900000000002
2022-05-26 04:00:00,22.0,87.5,330.8414,312.45285,57.691400000000044,39.302850000000035
2022-05-26 04:00:00,22.0,87.75,329.91562,311.63425,56.76562000000001,38.48425000000003
2022-05-26 04:00:00,22.0,88.0,329.8661,311.4938,56.71610000000004,38.343800000000044
2022-05-26 04:00:00,22.0,88.25,329.8661,311.4938,56.71610000000004,38.343800000000044
2022-05-26 04:00:00,22.0,88.5,328.9196,311.12006,55.769600000000025,37.970060000000046
2022-05-26 04:00:00,22.0,88.75,327.41925,310.3978,54.26925,37.24780000000004
2022-05-26 04:00:00,22.0,89.0,326.38968,310.21085,53.23968000000002,37.060850000000016
2022-05-26 04:00:00,22.0,89.25,325.38803,310.19302,52.23803000000004,37.04302000000001
2022-05-26 04:00:00,22.0,89.5,324.63263,309.89816,51.48263000000003,36.74816000000004
2022-05-26 04:00:00,22.0,89.75,324.77774,309.89197,51.62774000000002,36.74197000000004
2022-05-26 04:00:00,22.0,90.0,324.85336,309.80627,51.70336000000003,36.656270000000006
2022-05-26 04:00:00,21.75,85.5,329.77075,310.7669,56.620750000000044,37.616900000000044
2022-05-26 04:00:00,21.75,85.75,330.39468,310.80002,57.24468000000002,37.65002000000004
2022-05-26 04:00:00,21.75,86.0,330.39468,310.80002,57.24468000000002,37.65002000000004
2022-05-26 04:00:00,21.75,86.25,325.1418,307.77838,51.99180000000001,34.62838000000005
2022-05-26 04:00:00,21.75,86.5,325.7462,309.54788,52.59620000000001,36.39788000000004
2022-05-26 04:00:00,21.75,86.75,330.60132,312.5055,57.45132000000001,39.355500000000006
2022-05-26 04:00:00,21.75,87.0,331.22977,311.9696,58.079769999999996,38.81960000000004
2022-05-26 04:00:00,21.75,87.25,331.4488,311.9112,58.29880000000003,38.76120000000003
2022-05-26 04:00:00,21.75,87.5,330.3678,311.36035,57.21780000000001,38.210350000000005
2022-05-26 04:00:00,21.75,87.75,325.1225,308.60147,51.972500000000025,35.45147000000003
2022-05-26 04:00:00,21.75,88.0,326.2972,308.96573,53.1472,35.81573000000003
2022-05-26 04:00:00,21.75,88.25,326.2972,308.96573,53.1472,35.81573000000003
2022-05-26 04:00:00,21.75,88.5,325.36835,308.35672,52.218350000000044,35.20672000000002
2022-05-26 04:00:00,21.75,88.75,324.7283,308.17386,51.57830000000001,35.02386000000001
2022-05-26 04:00:00,21.75,89.0,328.1634,310.1038,55.01340000000005,36.9538
2022-05-26 04:00:00,21.75,89.25,326.91425,309.52057,53.764250000000004,36.37057000000004
2022-05-26 04:00:00,21.75,89.5,322.38828,306.92352,49.23828000000003,33.77352000000002
2022-05-26 04:00:00,21.75,89.75,321.9513,306.2037,48.801300000000026,33.05370000000005
2022-05-26 04:00:00,21.75,90.0,320.86743,305.94968,47.717430000000036,32.79968000000002
2022-05-26 04:00:00,21.5,85.5,328.93317,310.08307,55.78317000000004,36.93307000000004
2022-05-26 04:00:00,21.5,85.75,330.0267,311.37985,56.87670000000003,38.22985
2022-05-26 04:00:00,21.5,86.0,330.0267,311.37985,56.87670000000003,38.22985
2022-05-26 04:00:00,21.5,86.25,328.80823,310.21204,55.65823,37.062040000000025
2022-05-26 04:00:00,21.5,86.5,328.9825,310.96716,55.83250000000004,37.81716
2022-05-26 04:00:00,21.5,86.75,330.83557,312.3264,57.68557000000004,39.1764
2022-05-26 04:00:00,21.5,87.0,324.11633,308.1214,50.96633000000003,34.97140000000002
2022-05-26 04:00:00,21.5,87.25,322.46204,306.34363,49.312040000000025,33.19363000000004
2022-05-26 04:00:00,21.5,87.5,322.32343,306.07108,49.173429999999996,32.92108000000002
2022-05-26 04:00:00,21.5,87.75,322.24146,305.6896,49.09146000000004,32.53960000000001
2022-05-26 04:00:00,21.5,88.0,322.1907,305.96167,49.040700000000015,32.81167000000005
2022-05-26 04:00:00,21.5,88.25,322.1907,305.96167,49.040700000000015,32.81167000000005
2022-05-26 04:00:00,21.5,88.5,322.248,306.09564,49.09800000000001,32.945640000000026
2022-05-26 04:00:00,21.5,88.75,322.5392,306.18027,49.38920000000002,33.03027000000003
2022-05-26 04:00:00,21.5,89.0,322.95142,306.50497,49.80142000000001,33.35497000000004
2022-05-26 04:00:00,21.5,89.25,323.26572,306.55737,50.11572000000001,33.407370000000014
2022-05-26 04:00:00,21.5,89.5,323.28027,306.41425,50.130269999999996,33.264250000000004
2022-05-26 04:00:00,21.5,89.75,322.72006,306.22977,49.57006000000001,33.079769999999996
2022-05-26 04:00:00,21.5,90.0,321.40845,305.81238,48.25845000000004,32.66238000000004
2022-05-26 04:00:00,21.25,85.5,328.77832,310.74036,55.62832000000003,37.59036000000003
2022-05-26 04:00:00,21.25,85.75,329.95108,311.9777,56.80108000000001,38.82770000000005
2022-05-26 04:00:00,21.25,86.0,329.95108,311.9777,56.80108000000001,38.82770000000005
2022-05-26 04:00:00,21.25,86.25,330.156,312.68008,57.00600000000003,39.53008
2022-05-26 04:00:00,21.25,86.5,331.44504,313.1447,58.29504000000003,39.99470000000002
2022-05-26 04:00:00,21.25,86.75,327.98914,311.32443,54.83914000000004,38.17443000000003
2022-05-26 04:00:00,21.25,87.0,323.41275,307.93762,50.26275000000004,34.787620000000004
2022-05-26 04:00:00,21.25,87.25,322.46216,306.45004,49.312160000000006,33.300040000000024
2022-05-26 04:00:00,21.25,87.5,322.3671,306.15656,49.217100000000016,33.006560000000036
2022-05-26 04:00:00,21.25,87.75,322.3416,306.17648,49.19160000000005,33.02648000000005
2022-05-26 04:00:00,21.25,88.0,322.30185,306.23407,49.151850000000024,33.08407
2022-05-26 04:00:00,21.25,88.25,322.30185,306.23407,49.151850000000024,33.08407
2022-05-26 04:00:00,21.25,88.5,322.2288,306.25427,49.0788,33.10427000000004
2022-05-26 04:00:00,21.25,88.75,322.55646,306.36636,49.40646000000004,33.21636000000001
2022-05-26 04:00:00,21.25,89.0,323.1817,306.4603,50.0317,33.31030000000004
2022-05-26 04:00:00,21.25,89.25,323.54086,306.46167,50.39086000000003,33.31167000000005
2022-05-26 04:00:00,21.25,89.5,323.51334,306.4954,50.36334000000005,33.34540000000004
2022-05-26 04:00:00,21.25,89.75,323.10385,306.35736,49.953850000000045,33.20736000000005
2022-05-26 04:00:00,21.25,90.0,322.0818,305.93167,48.93180000000001,32.78167000000002
2022-05-26 04:00:00,21.0,85.5,330.69342,312.86755,57.543420000000026,39.71755000000002
2022-05-26 04:00:00,21.0,85.75,331.12057,313.06003,57.97057000000001,39.910030000000006
2022-05-26 04:00:00,21.0,86.0,331.12057,313.06003,57.97057000000001,39.910030000000006
2022-05-26 04:00:00,21.0,86.25,331.8299,313.13968,58.67990000000003,39.98968000000002
2022-05-26 04:00:00,21.0,86.5,331.36917,312.97202,58.21917000000002,39.82202000000001
2022-05-26 04:00:00,21.0,86.75,332.10428,312.48822,58.95428000000004,39.338220000000035
2022-05-26 04:00:00,21.0,87.0,324.40207,308.62274,51.25207,35.472740000000044
2022-05-26 04:00:00,21.0,87.25,322.4552,306.72455,49.30520000000001,33.574550000000045
2022-05-26 04:00:00,21.0,87.5,322.42398,306.1391,49.273979999999995,32.98910000000001
2022-05-26 04:00:00,21.0,87.75,322.39417,306.14532,49.24417,32.99532000000005
2022-05-26 04:00:00,21.0,88.0,322.23932,306.19394,49.08932000000004,33.04394000000002
2022-05-26 04:00:00,21.0,88.25,322.23932,306.19394,49.08932000000004,33.04394000000002
2022-05-26 04:00:00,21.0,88.5,322.06104,306.21262,48.911040000000014,33.06262000000004
2022-05-26 04:00:00,21.0,88.75,322.35675,306.31973,49.20675,33.169730000000015
2022-05-26 04:00:00,21.0,89.0,323.07507,306.55167,49.925070000000005,33.401670000000024
2022-05-26 04:00:00,21.0,89.25,323.55756,306.68094,50.407560000000046,33.530940000000044
2022-05-26 04:00:00,21.0,89.5,323.60114,306.4973,50.45114000000001,33.34730000000002
2022-05-26 04:00:00,21.0,89.75,323.40338,306.24503,50.25338000000005,33.09503000000001
2022-05-26 04:00:00,21.0,90.0,322.81375,306.0419,49.66375000000005,32.89190000000002
2022-05-26 05:00:00,27.5,85.5,321.29935,304.15833,48.14935000000003,31.00833
2022-05-26 05:00:00,27.5,85.75,319.7234,304.4343,46.57340000000005,31.28430000000003
2022-05-26 05:00:00,27.5,86.0,319.7234,304.4343,46.57340000000005,31.28430000000003
2022-05-26 05:00:00,27.5,86.25,318.6587,302.24796,45.50870000000003,29.09796
2022-05-26 05:00:00,27.5,86.5,316.93652,300.2238,43.786519999999996,27.073800000000006
2022-05-26 05:00:00,27.5,86.75,316.50894,299.57462,43.35894000000002,26.424620000000004
2022-05-26 05:00:00,27.5,87.0,316.75433,299.56473,43.604330000000004,26.41473000000002
2022-05-26 05:00:00,27.5,87.25,317.2285,300.24136,44.07850000000002,27.09136000000001
2022-05-26 05:00:00,27.5,87.5,316.5382,299.60706,43.38820000000004,26.457060000000013
2022-05-26 05:00:00,27.5,87.75,314.51935,297.15878,41.36935,24.00878
2022-05-26 05:00:00,27.5,88.0,314.44968,296.2561,41.29968000000002,23.106100000000026
2022-05-26 05:00:00,27.5,88.25,314.44968,296.2561,41.29968000000002,23.106100000000026
2022-05-26 05:00:00,27.5,88.5,316.51834,297.9618,43.368340000000046,24.811800000000005
2022-05-26 05:00:00,27.5,88.75,316.1607,297.02505,43.01070000000004,23.875050000000044
2022-05-26 05:00:00,27.5,89.0,312.03265,291.47794,38.88265000000001,18.327940000000012
2022-05-26 05:00:00,27.5,89.25,307.7222,289.71643,34.57220000000001,16.566430000000025
2022-05-26 05:00:00,27.5,89.5,310.76303,292.77963,37.61303000000004,19.62963000000002
2022-05-26 05:00:00,27.5,89.75,314.18594,296.92603,41.03594000000004,23.77603000000005
2022-05-26 05:00:00,27.5,90.0,319.24826,299.24628,46.09826000000004,26.096280000000036
2022-05-26 05:00:00,27.25,85.5,327.65576,310.63373,54.50576000000001,37.48373000000004
2022-05-26 05:00:00,27.25,85.75,325.7808,309.12006,52.63080000000002,35.970060000000046
2022-05-26 05:00:00,27.25,86.0,325.7808,309.12006,52.63080000000002,35.970060000000046
2022-05-26 05:00:00,27.25,86.25,323.12827,306.4721,49.97827000000001,33.322100000000034
2022-05-26 05:00:00,27.25,86.5,321.97092,305.06418,48.82092,31.914180000000044
2022-05-26 05:00:00,27.25,86.75,322.82065,304.3392,49.67065000000002,31.189200000000028
2022-05-26 05:00:00,27.25,87.0,323.22617,304.00354,50.07617000000005,30.85354000000001
2022-05-26 05:00:00,27.25,87.25,322.50256,304.03897,49.35256000000004,30.88897000000003
2022-05-26 05:00:00,27.25,87.5,321.023,303.36002,47.87300000000005,30.210020000000043
2022-05-26 05:00:00,27.25,87.75,318.02563,301.10443,44.87563,27.954430000000002
2022-05-26 05:00:00,27.25,88.0,316.29288,300.16528,43.14288000000005,27.01528000000002
2022-05-26 05:00:00,27.25,88.25,316.29288,300.16528,43.14288000000005,27.01528000000002
2022-05-26 05:00:00,27.25,88.5,317.2479,301.81293,44.09790000000004,28.662930000000017
2022-05-26 05:00:00,27.25,88.75,316.33804,301.62408,43.18804,28.474080000000015
2022-05-26 05:00:00,27.25,89.0,312.4403,298.0753,39.2903,24.92530000000005
2022-05-26 05:00:00,27.25,89.25,310.74368,296.1215,37.593680000000006,22.97150000000005
2022-05-26 05:00:00,27.25,89.5,311.38843,295.13348,38.23843000000005,21.983480000000043
2022-05-26 05:00:00,27.25,89.75,314.56857,297.00906,41.418570000000045,23.85906
2022-05-26 05:00:00,27.25,90.0,319.95276,299.3786,46.802760000000035,26.22860000000003
2022-05-26 05:00:00,27.0,85.5,327.65576,310.63373,54.50576000000001,37.48373000000004
2022-05-26 05:00:00,27.0,85.75,325.7808,309.12006,52.63080000000002,35.970060000000046
2022-05-26 05:00:00,27.0,86.0,325.7808,309.12006,52.63080000000002,35.970060000000046
2022-05-26 05:00:00,27.0,86.25,323.12827,306.4721,49.97827000000001,33.322100000000034
2022-05-26 05:00:00,27.0,86.5,321.97092,305.06418,48.82092,31.914180000000044
2022-05-26 05:00:00,27.0,86.75,322.82065,304.3392,49.67065000000002,31.189200000000028
2022-05-26 05:00:00,27.0,87.0,323.22617,304.00354,50.07617000000005,30.85354000000001
2022-05-26 05:00:00,27.0,87.25,322.50256,304.03897,49.35256000000004,30.88897000000003
2022-05-26 05:00:00,27.0,87.5,321.023,303.36002,47.87300000000005,30.210020000000043
2022-05-26 05:00:00,27.0,87.75,318.02563,301.10443,44.87563,27.954430000000002
2022-05-26 05:00:00,27.0,88.0,316.29288,300.16528,43.14288000000005,27.01528000000002
2022-05-26 05:00:00,27.0,88.25,316.29288,300.16528,43.14288000000005,27.01528000000002
2022-05-26 05:00:00,27.0,88.5,317.2479,301.81293,44.09790000000004,28.662930000000017
2022-05-26 05:00:00,27.0,88.75,316.33804,301.62408,43.18804,28.474080000000015
2022-05-26 05:00:00,27.0,89.0,312.4403,298.0753,39.2903,24.92530000000005
2022-05-26 05:00:00,27.0,89.25,310.74368,296.1215,37.593680000000006,22.97150000000005
2022-05-26 05:00:00,27.0,89.5,311.38843,295.13348,38.23843000000005,21.983480000000043
2022-05-26 05:00:00,27.0,89.75,314.56857,297.00906,41.418570000000045,23.85906
2022-05-26 05:00:00,27.0,90.0,319.95276,299.3786,46.802760000000035,26.22860000000003
2022-05-26 05:00:00,26.75,85.5,330.3574,312.80258,57.20740000000001,39.65258
2022-05-26 05:00:00,26.75,85.75,329.94067,311.74124,56.790670000000034,38.59124000000003
2022-05-26 05:00:00,26.75,86.0,329.94067,311.74124,56.790670000000034,38.59124000000003
2022-05-26 05:00:00,26.75,86.25,329.63202,310.4376,56.482020000000034,37.2876
2022-05-26 05:00:00,26.75,86.5,328.9361,309.83563,55.78610000000003,36.68563
2022-05-26 05:00:00,26.75,86.75,327.92456,308.84012,54.77456000000001,35.690120000000036
2022-05-26 05:00:00,26.75,87.0,326.7439,307.72986,53.59390000000002,34.57986
2022-05-26 05:00:00,26.75,87.25,325.39954,306.76773,52.249540000000025,33.617729999999995
2022-05-26 05:00:00,26.75,87.5,323.52652,305.78308,50.37652000000003,32.63308000000001
2022-05-26 05:00:00,26.75,87.75,320.93295,304.27768,47.78295000000003,31.127679999999998
2022-05-26 05:00:00,26.75,88.0,318.68,303.44464,45.53000000000003,30.294640000000015
2022-05-26 05:00:00,26.75,88.25,318.68,303.44464,45.53000000000003,30.294640000000015
2022-05-26 05:00:00,26.75,88.5,318.251,304.6322,45.101,31.482200000000034
2022-05-26 05:00:00,26.75,88.75,318.61633,306.20218,45.46633000000003,33.05218000000002
2022-05-26 05:00:00,26.75,89.0,317.4542,305.77905,44.30420000000004,32.62905000000001
2022-05-26 05:00:00,26.75,89.25,316.4479,304.16608,43.29790000000003,31.016080000000045
2022-05-26 05:00:00,26.75,89.5,316.56964,302.08844,43.419640000000015,28.938440000000014
2022-05-26 05:00:00,26.75,89.75,317.25244,301.37967,44.10244,28.22967
2022-05-26 05:00:00,26.75,90.0,321.51318,304.00458,48.36318,30.85458
2022-05-26 05:00:00,26.5,85.5,331.93655,312.8652,58.786550000000034,39.71520000000004
2022-05-26 05:00:00,26.5,85.75,330.51807,312.47055,57.368070000000046,39.320550000000026
2022-05-26 05:00:00,26.5,86.0,330.51807,312.47055,57.368070000000046,39.320550000000026
2022-05-26 05:00:00,26.5,86.25,330.37485,312.557,57.22485,39.40700000000004
2022-05-26 05:00:00,26.5,86.5,330.7537,312.10312,57.6037,38.95312000000001
2022-05-26 05:00:00,26.5,86.75,329.97308,311.2814,56.823080000000004,38.13140000000004
2022-05-26 05:00:00,26.5,87.0,328.90414,311.28357,55.75414000000001,38.13357000000002
2022-05-26 05:00:00,26.5,87.25,328.54755,311.08395,55.397550000000024,37.93395000000004
2022-05-26 05:00:00,26.5,87.5,327.22614,310.00256,54.07614000000001,36.85256000000004
2022-05-26 05:00:00,26.5,87.75,325.4151,308.9897,52.26510000000002,35.83970000000005
2022-05-26 05:00:00,26.5,88.0,323.86432,308.89233,50.71432000000004,35.74233000000004
2022-05-26 05:00:00,26.5,88.25,323.86432,308.89233,50.71432000000004,35.74233000000004
2022-05-26 05:00:00,26.5,88.5,322.10757,309.15515,48.95757000000003,36.005150000000015
2022-05-26 05:00:00,26.5,88.75,320.26584,308.9871,47.11584000000005,35.83710000000002
2022-05-26 05:00:00,26.5,89.0,318.82437,308.4687,45.67437000000001,35.318700000000035
2022-05-26 05:00:00,26.5,89.25,318.1731,307.77994,45.0231,34.62994000000003
2022-05-26 05:00:00,26.5,89.5,318.32208,307.4784,45.17208000000005,34.328400000000045
2022-05-26 05:00:00,26.5,89.75,319.3821,306.68625,46.2321,33.536249999999995
2022-05-26 05:00:00,26.5,90.0,321.34113,306.5168,48.191130000000044,33.36680000000001
2022-05-26 05:00:00,26.25,85.5,331.5408,312.92172,58.39080000000001,39.771720000000016
2022-05-26 05:00:00,26.25,85.75,331.93005,313.22244,58.78005000000002,40.07244000000003
2022-05-26 05:00:00,26.25,86.0,331.93005,313.22244,58.78005000000002,40.07244000000003
2022-05-26 05:00:00,26.25,86.25,331.759,313.16516,58.60900000000004,40.01516000000004
2022-05-26 05:00:00,26.25,86.5,330.16223,312.09033,57.012230000000045,38.94033000000002
2022-05-26 05:00:00,26.25,86.75,328.31546,311.12286,55.165459999999996,37.972860000000026
2022-05-26 05:00:00,26.25,87.0,327.58517,310.77075,54.43517000000003,37.620750000000044
2022-05-26 05:00:00,26.25,87.25,327.51422,310.6596,54.364220000000046,37.509600000000034
2022-05-26 05:00:00,26.25,87.5,327.4226,310.41373,54.27260000000001,37.26373000000001
2022-05-26 05:00:00,26.25,87.75,326.7897,309.84833,53.639700000000005,36.69833
2022-05-26 05:00:00,26.25,88.0,325.34848,309.28088,52.19848000000002,36.13088000000005
2022-05-26 05:00:00,26.25,88.25,325.34848,309.28088,52.19848000000002,36.13088000000005
2022-05-26 05:00:00,26.25,88.5,323.50317,309.17514,50.353170000000034,36.02514000000002
2022-05-26 05:00:00,26.25,88.75,321.70975,309.0842,48.55975000000001,35.93420000000003
2022-05-26 05:00:00,26.25,89.0,320.07825,308.09338,46.92825000000005,34.94338000000005
2022-05-26 05:00:00,26.25,89.25,319.19284,306.89124,46.04284000000001,33.741240000000005
2022-05-26 05:00:00,26.25,89.5,318.18802,306.84326,45.03802000000002,33.69326000000001
2022-05-26 05:00:00,26.25,89.75,317.51007,306.52628,44.36007000000001,33.37628000000001
2022-05-26 05:00:00,26.25,90.0,318.69763,306.53226,45.54763000000003,33.38226000000003
2022-05-26 05:00:00,26.0,85.5,331.90497,313.43106,58.754970000000014,40.281060000000025
2022-05-26 05:00:00,26.0,85.75,331.9718,313.72787,58.821799999999996,40.57787000000002
2022-05-26 05:00:00,26.0,86.0,331.9718,313.72787,58.821799999999996,40.57787000000002
2022-05-26 05:00:00,26.0,86.25,332.26678,313.73642,59.116780000000006,40.58642000000003
2022-05-26 05:00:00,26.0,86.5,330.68863,313.2629,57.53863000000001,40.112900000000025
2022-05-26 05:00:00,26.0,86.75,330.33417,312.8097,57.184169999999995,39.65970000000004
2022-05-26 05:00:00,26.0,87.0,328.78693,311.95242,55.63693000000001,38.80242000000004
2022-05-26 05:00:00,26.0,87.25,328.2765,311.47314,55.12650000000002,38.32314000000002
2022-05-26 05:00:00,26.0,87.5,328.34848,311.16995,55.19848000000002,38.019949999999994
2022-05-26 05:00:00,26.0,87.75,327.8188,310.60358,54.66880000000003,37.453580000000045
2022-05-26 05:00:00,26.0,88.0,326.5149,309.92905,53.364900000000034,36.77905000000004
2022-05-26 05:00:00,26.0,88.25,326.5149,309.92905,53.364900000000034,36.77905000000004
2022-05-26 05:00:00,26.0,88.5,324.9338,309.24625,51.78380000000004,36.09625
2022-05-26 05:00:00,26.0,88.75,323.60562,308.46976,50.45562000000001,35.31976000000003
2022-05-26 05:00:00,26.0,89.0,322.31104,307.75543,49.161040000000014,34.60543000000001
2022-05-26 05:00:00,26.0,89.25,321.0025,307.08032,47.85250000000002,33.930319999999995
2022-05-26 05:00:00,26.0,89.5,319.54092,306.5518,46.39092000000005,33.40180000000004
2022-05-26 05:00:00,26.0,89.75,316.71747,305.08615,43.567470000000014,31.936149999999998
2022-05-26 05:00:00,26.0,90.0,315.13617,304.47153,41.986170000000016,31.321529999999996
2022-05-26 05:00:00,25.75,85.5,330.96225,313.2291,57.812250000000006,40.07910000000004
2022-05-26 05:00:00,25.75,85.75,331.70023,313.42773,58.55023,40.27773000000002
2022-05-26 05:00:00,25.75,86.0,331.70023,313.42773,58.55023,40.27773000000002
2022-05-26 05:00:00,25.75,86.25,331.92694,313.60086,58.776940000000025,40.450860000000034
2022-05-26 05:00:00,25.75,86.5,331.29092,313.2016,58.14092000000005,40.05160000000001
2022-05-26 05:00:00,25.75,86.75,330.61157,312.90762,57.461569999999995,39.75762000000003
2022-05-26 05:00:00,25.75,87.0,329.2345,312.4973,56.08450000000005,39.34730000000002
2022-05-26 05:00:00,25.75,87.25,328.682,312.01553,55.53200000000004,38.865530000000035
2022-05-26 05:00:00,25.75,87.5,328.74234,311.35046,55.592340000000036,38.20046000000002
2022-05-26 05:00:00,25.75,87.75,328.33014,310.4759,55.180139999999994,37.32590000000005
2022-05-26 05:00:00,25.75,88.0,327.29483,309.6474,54.14483000000001,36.49740000000003
2022-05-26 05:00:00,25.75,88.25,327.29483,309.6474,54.14483000000001,36.49740000000003
2022-05-26 05:00:00,25.75,88.5,325.8831,309.0395,52.733100000000036,35.8895
2022-05-26 05:00:00,25.75,88.75,324.52615,308.70984,51.376149999999996,35.55984000000001
2022-05-26 05:00:00,25.75,89.0,323.92822,308.5329,50.77822000000003,35.38290000000001
2022-05-26 05:00:00,25.75,89.25,323.2097,307.8541,50.05970000000002,34.70410000000004
2022-05-26 05:00:00,25.75,89.5,320.70825,306.98395,47.558250000000044,33.833950000000016
2022-05-26 05:00:00,25.75,89.75,316.96152,305.54126,43.81152000000003,32.391260000000045
2022-05-26 05:00:00,25.75,90.0,314.7875,304.5159,41.637500000000045,31.36590000000001
2022-05-26 05:00:00,25.5,85.5,331.188,313.1781,58.03800000000001,40.028099999999995
2022-05-26 05:00:00,25.5,85.75,330.94135,313.13516,57.79135000000002,39.98516000000001
2022-05-26 05:00:00,25.5,86.0,330.94135,313.13516,57.79135000000002,39.98516000000001
2022-05-26 05:00:00,25.5,86.25,331.7952,313.5926,58.645200000000045,40.44260000000003
2022-05-26 05:00:00,25.5,86.5,331.69037,313.7456,58.540369999999996,40.59560000000005
2022-05-26 05:00:00,25.5,86.75,331.15295,313.4607,58.00295,40.3107
2022-05-26 05:00:00,25.5,87.0,330.25336,312.9717,57.10336000000001,39.82170000000002
2022-05-26 05:00:00,25.5,87.25,329.24908,312.37936,56.099080000000015,39.22936000000004
2022-05-26 05:00:00,25.5,87.5,328.4539,311.99976,55.3039,38.84976
2022-05-26 05:00:00,25.5,87.75,328.24258,311.15378,55.09258,38.003780000000006
2022-05-26 05:00:00,25.5,88.0,327.45972,310.1285,54.30972000000003,36.9785
2022-05-26 05:00:00,25.5,88.25,327.45972,310.1285,54.30972000000003,36.9785
2022-05-26 05:00:00,25.5,88.5,326.5843,310.06766,53.43430000000001,36.91766000000001
2022-05-26 05:00:00,25.5,88.75,326.848,310.5812,53.698000000000036,37.43120000000005
2022-05-26 05:00:00,25.5,89.0,326.16736,310.3885,53.01736,37.238500000000045
2022-05-26 05:00:00,25.5,89.25,324.62735,309.4712,51.47735,36.32120000000003
2022-05-26 05:00:00,25.5,89.5,321.75256,308.13776,48.60256000000004,34.98776000000004
2022-05-26 05:00:00,25.5,89.75,318.0331,306.14352,44.88310000000001,32.993520000000046
2022-05-26 05:00:00,25.5,90.0,316.11432,305.2269,42.96432000000004,32.07690000000002
2022-05-26 05:00:00,25.25,85.5,333.0744,313.83588,59.92440000000005,40.68588
2022-05-26 05:00:00,25.25,85.75,333.3211,313.98306,60.171100000000024,40.833060000000046
2022-05-26 05:00:00,25.25,86.0,333.3211,313.98306,60.171100000000024,40.833060000000046
2022-05-26 05:00:00,25.25,86.25,332.4589,313.53024,59.30890000000005,40.380240000000015
2022-05-26 05:00:00,25.25,86.5,330.80713,313.3498,57.657129999999995,40.19980000000004
2022-05-26 05:00:00,25.25,86.75,330.408,313.3301,57.25800000000004,40.18010000000004
2022-05-26 05:00:00,25.25,87.0,330.63693,313.41068,57.48693000000003,40.260680000000036
2022-05-26 05:00:00,25.25,87.25,330.68887,313.196,57.53887000000003,40.04600000000005
2022-05-26 05:00:00,25.25,87.5,329.08392,312.5053,55.93392,39.3553
2022-05-26 05:00:00,25.25,87.75,327.21582,311.48108,54.06582000000003,38.33108000000004
2022-05-26 05:00:00,25.25,88.0,327.06247,311.00824,53.91247000000004,37.85824000000002
2022-05-26 05:00:00,25.25,88.25,327.06247,311.00824,53.91247000000004,37.85824000000002
2022-05-26 05:00:00,25.25,88.5,327.66364,311.21442,54.51364000000001,38.06442000000004
2022-05-26 05:00:00,25.25,88.75,327.5118,311.1968,54.36180000000002,38.04680000000002
2022-05-26 05:00:00,25.25,89.0,326.8813,310.7891,53.73130000000003,37.63910000000004
2022-05-26 05:00:00,25.25,89.25,325.21185,309.93155,52.06185000000005,36.78155000000004
2022-05-26 05:00:00,25.25,89.5,323.03687,308.984,49.886870000000044,35.834
2022-05-26 05:00:00,25.25,89.75,319.99246,307.342,46.84246000000002,34.19200000000001
2022-05-26 05:00:00,25.25,90.0,318.56564,306.33133,45.415639999999996,33.18133
2022-05-26 05:00:00,25.0,85.5,332.74957,313.05414,59.59957000000003,39.90414000000004
2022-05-26 05:00:00,25.0,85.75,331.66,313.0641,58.51000000000005,39.91410000000002
2022-05-26 05:00:00,25.0,86.0,331.66,313.0641,58.51000000000005,39.91410000000002
2022-05-26 05:00:00,25.0,86.25,331.3478,313.0224,58.19780000000003,39.87240000000003
2022-05-26 05:00:00,25.0,86.5,331.8329,313.26398,58.68290000000002,40.113980000000026
2022-05-26 05:00:00,25.0,86.75,331.10583,313.2902,57.95583000000005,40.14020000000005
2022-05-26 05:00:00,25.0,87.0,330.93057,313.3517,57.78057000000001,40.20170000000002
2022-05-26 05:00:00,25.0,87.25,330.93256,313.21017,57.782560000000046,40.06017000000003
2022-05-26 05:00:00,25.0,87.5,329.31412,312.6497,56.164120000000025,39.49970000000002
2022-05-26 05:00:00,25.0,87.75,327.42334,312.34116,54.27334000000002,39.191160000000025
2022-05-26 05:00:00,25.0,88.0,326.92395,312.22153,53.77395000000001,39.071529999999996
2022-05-26 05:00:00,25.0,88.25,326.92395,312.22153,53.77395000000001,39.071529999999996
2022-05-26 05:00:00,25.0,88.5,327.6474,311.8873,54.49740000000003,38.737300000000005
2022-05-26 05:00:00,25.0,88.75,328.25723,311.525,55.107230000000015,38.375
2022-05-26 05:00:00,25.0,89.0,327.37274,311.12695,54.222740000000044,37.976950000000045
2022-05-26 05:00:00,25.0,89.25,326.11786,310.88104,52.96786000000003,37.73104000000001
2022-05-26 05:00:00,25.0,89.5,324.22983,310.2678,51.079830000000015,37.117800000000045
2022-05-26 05:00:00,25.0,89.75,321.6684,309.30258,48.51840000000004,36.15258
2022-05-26 05:00:00,25.0,90.0,321.84518,308.80914,48.69518000000005,35.659140000000036
2022-05-26 05:00:00,24.75,85.5,332.74957,313.05414,59.59957000000003,39.90414000000004
2022-05-26 05:00:00,24.75,85.75,331.66,313.0641,58.51000000000005,39.91410000000002
2022-05-26 05:00:00,24.75,86.0,331.66,313.0641,58.51000000000005,39.91410000000002
2022-05-26 05:00:00,24.75,86.25,331.3478,313.0224,58.19780000000003,39.87240000000003
2022-05-26 05:00:00,24.75,86.5,331.8329,313.26398,58.68290000000002,40.113980000000026
2022-05-26 05:00:00,24.75,86.75,331.10583,313.2902,57.95583000000005,40.14020000000005
2022-05-26 05:00:00,24.75,87.0,330.93057,313.3517,57.78057000000001,40.20170000000002
2022-05-26 05:00:00,24.75,87.25,330.93256,313.21017,57.782560000000046,40.06017000000003
2022-05-26 05:00:00,24.75,87.5,329.31412,312.6497,56.164120000000025,39.49970000000002
2022-05-26 05:00:00,24.75,87.75,327.42334,312.34116,54.27334000000002,39.191160000000025
2022-05-26 05:00:00,24.75,88.0,326.92395,312.22153,53.77395000000001,39.071529999999996
2022-05-26 05:00:00,24.75,88.25,326.92395,312.22153,53.77395000000001,39.071529999999996
2022-05-26 05:00:00,24.75,88.5,327.6474,311.8873,54.49740000000003,38.737300000000005
2022-05-26 05:00:00,24.75,88.75,328.25723,311.525,55.107230000000015,38.375
2022-05-26 05:00:00,24.75,89.0,327.37274,311.12695,54.222740000000044,37.976950000000045
2022-05-26 05:00:00,24.75,89.25,326.11786,310.88104,52.96786000000003,37.73104000000001
2022-05-26 05:00:00,24.75,89.5,324.22983,310.2678,51.079830000000015,37.117800000000045
2022-05-26 05:00:00,24.75,89.75,321.6684,309.30258,48.51840000000004,36.15258
2022-05-26 05:00:00,24.75,90.0,321.84518,308.80914,48.69518000000005,35.659140000000036
2022-05-26 05:00:00,24.5,85.5,330.22928,312.15326,57.07928000000004,39.00326000000001
2022-05-26 05:00:00,24.5,85.75,330.57224,312.0152,57.422240000000045,38.865200000000016
2022-05-26 05:00:00,24.5,86.0,330.57224,312.0152,57.422240000000045,38.865200000000016
2022-05-26 05:00:00,24.5,86.25,329.47214,311.35144,56.32214000000005,38.20144000000005
2022-05-26 05:00:00,24.5,86.5,330.5585,311.60562,57.408500000000004,38.45562000000001
2022-05-26 05:00:00,24.5,86.75,331.56036,312.57806,58.410360000000026,39.428060000000016
2022-05-26 05:00:00,24.5,87.0,331.47562,312.9514,58.325620000000015,39.8014
2022-05-26 05:00:00,24.5,87.25,330.59082,312.90918,57.44082000000003,39.759180000000015
2022-05-26 05:00:00,24.5,87.5,329.16296,312.7237,56.01296000000002,39.57370000000003
2022-05-26 05:00:00,24.5,87.75,328.4872,312.82764,55.337199999999996,39.67764
2022-05-26 05:00:00,24.5,88.0,328.02936,312.60815,54.87936000000002,39.458150000000046
2022-05-26 05:00:00,24.5,88.25,328.02936,312.60815,54.87936000000002,39.458150000000046
2022-05-26 05:00:00,24.5,88.5,327.5428,312.0079,54.39280000000002,38.85790000000003
2022-05-26 05:00:00,24.5,88.75,327.72247,311.81747,54.57247000000001,38.66747000000004
2022-05-26 05:00:00,24.5,89.0,327.0441,311.47363,53.89410000000004,38.32363000000004
2022-05-26 05:00:00,24.5,89.25,325.95276,311.06256,52.802760000000035,37.91256000000004
2022-05-26 05:00:00,24.5,89.5,324.44348,310.30444,51.293480000000045,37.15444000000002
2022-05-26 05:00:00,24.5,89.75,322.1392,309.2465,48.98920000000004,36.09650000000005
2022-05-26 05:00:00,24.5,90.0,322.6482,308.54956,49.4982,35.39956000000001
2022-05-26 05:00:00,24.25,85.5,329.01886,310.8188,55.86886000000004,37.66880000000003
2022-05-26 05:00:00,24.25,85.75,330.16315,311.62308,57.013149999999996,38.47308000000004
2022-05-26 05:00:00,24.25,86.0,330.16315,311.62308,57.013149999999996,38.47308000000004
2022-05-26 05:00:00,24.25,86.25,330.46246,311.7142,57.312460000000044,38.56420000000003
2022-05-26 05:00:00,24.25,86.5,331.23456,311.89023,58.08456000000001,38.74023
2022-05-26 05:00:00,24.25,86.75,331.58545,312.70416,58.43545,39.554160000000024
2022-05-26 05:00:00,24.25,87.0,331.26245,312.854,58.112450000000024,39.70400000000001
2022-05-26 05:00:00,24.25,87.25,330.29785,312.60492,57.147850000000005,39.454920000000016
2022-05-26 05:00:00,24.25,87.5,329.70935,312.85202,56.559349999999995,39.702020000000005
2022-05-26 05:00:00,24.25,87.75,329.77396,313.43204,56.62396000000001,40.282039999999995
2022-05-26 05:00:00,24.25,88.0,329.58105,313.39005,56.43105000000003,40.24005
2022-05-26 05:00:00,24.25,88.25,329.58105,313.39005,56.43105000000003,40.24005
2022-05-26 05:00:00,24.25,88.5,328.6312,312.77518,55.4812,39.62518
2022-05-26 05:00:00,24.25,88.75,327.46622,312.1459,54.316220000000044,38.995900000000006
2022-05-26 05:00:00,24.25,89.0,326.6264,311.3778,53.47640000000001,38.2278
2022-05-26 05:00:00,24.25,89.25,325.97748,311.09396,52.82748000000004,37.943960000000004
2022-05-26 05:00:00,24.25,89.5,324.56317,310.36813,51.41317000000004,37.21813000000003
2022-05-26 05:00:00,24.25,89.75,322.87415,309.2194,49.72415000000001,36.06940000000003
2022-05-26 05:00:00,24.25,90.0,324.07797,309.33655,50.927970000000016,36.18655000000001
2022-05-26 05:00:00,24.0,85.5,328.17642,310.02716,55.02642000000003,36.87716
2022-05-26 05:00:00,24.0,85.75,328.32486,310.8829,55.174860000000024,37.73290000000003
2022-05-26 05:00:00,24.0,86.0,328.32486,310.8829,55.174860000000024,37.73290000000003
2022-05-26 05:00:00,24.0,86.25,328.88968,311.41003,55.73968000000002,38.26003000000003
2022-05-26 05:00:00,24.0,86.5,330.69504,312.30508,57.54504000000003,39.15508
2022-05-26 05:00:00,24.0,86.75,331.7391,313.1878,58.58910000000003,40.037800000000004
2022-05-26 05:00:00,24.0,87.0,331.5339,313.33273,58.38390000000004,40.18273000000005
2022-05-26 05:00:00,24.0,87.25,330.3919,313.1218,57.241900000000044,39.97180000000003
2022-05-26 05:00:00,24.0,87.5,329.80188,313.15445,56.651880000000006,40.00445000000002
2022-05-26 05:00:00,24.0,87.75,330.05014,313.70474,56.90014000000002,40.55474000000004
2022-05-26 05:00:00,24.0,88.0,329.93442,313.98438,56.78442000000001,40.83438000000001
2022-05-26 05:00:00,24.0,88.25,329.93442,313.98438,56.78442000000001,40.83438000000001
2022-05-26 05:00:00,24.0,88.5,329.47464,313.64212,56.324640000000045,40.49212
2022-05-26 05:00:00,24.0,88.75,328.9859,313.13486,55.83590000000004,39.984860000000026
2022-05-26 05:00:00,24.0,89.0,327.2929,312.23074,54.1429,39.08074000000005
2022-05-26 05:00:00,24.0,89.25,325.665,311.27963,52.51500000000004,38.12963000000002
2022-05-26 05:00:00,24.0,89.5,325.10303,310.40234,51.95303000000001,37.252340000000004
2022-05-26 05:00:00,24.0,89.75,323.71594,308.96945,50.56594000000001,35.81945000000002
2022-05-26 05:00:00,24.0,90.0,325.66788,308.74982,52.51788000000005,35.59982000000002
2022-05-26 05:00:00,23.75,85.5,329.61044,310.82556,56.460440000000006,37.67556000000002
2022-05-26 05:00:00,23.75,85.75,328.24304,311.36563,55.09304000000003,38.21563000000003
2022-05-26 05:00:00,23.75,86.0,328.24304,311.36563,55.09304000000003,38.21563000000003
2022-05-26 05:00:00,23.75,86.25,329.40558,312.2475,56.25558000000001,39.097500000000025
2022-05-26 05:00:00,23.75,86.5,330.6348,313.00793,57.48480000000001,39.85793000000001
2022-05-26 05:00:00,23.75,86.75,329.83954,313.04648,56.68954000000002,39.89648
2022-05-26 05:00:00,23.75,87.0,330.48117,313.23685,57.33117000000004,40.08685000000003
2022-05-26 05:00:00,23.75,87.25,330.5516,313.45132,57.40160000000003,40.30132000000003
2022-05-26 05:00:00,23.75,87.5,330.5914,313.6362,57.441400000000044,40.4862
2022-05-26 05:00:00,23.75,87.75,330.9431,313.85547,57.79310000000004,40.70547000000005
2022-05-26 05:00:00,23.75,88.0,330.57675,313.8773,57.42675000000003,40.727300000000014
2022-05-26 05:00:00,23.75,88.25,330.57675,313.8773,57.42675000000003,40.727300000000014
2022-05-26 05:00:00,23.75,88.5,329.93134,313.66794,56.78134,40.51794000000001
2022-05-26 05:00:00,23.75,88.75,329.73203,313.47235,56.58203000000003,40.32235000000003
2022-05-26 05:00:00,23.75,89.0,328.732,313.00647,55.58200000000005,39.85647
2022-05-26 05:00:00,23.75,89.25,326.95547,311.9205,53.805470000000014,38.77050000000003
2022-05-26 05:00:00,23.75,89.5,325.8708,311.02316,52.7208,37.87316000000004
2022-05-26 05:00:00,23.75,89.75,324.8112,309.9017,51.66120000000001,36.75170000000003
2022-05-26 05:00:00,23.75,90.0,325.78928,309.69904,52.63928000000004,36.54904000000005
2022-05-26 05:00:00,23.5,85.5,329.47522,311.1706,56.32522,38.0206
2022-05-26 05:00:00,23.5,85.75,329.9224,312.2902,56.772400000000005,39.14020000000005
2022-05-26 05:00:00,23.5,86.0,329.9224,312.2902,56.772400000000005,39.14020000000005
2022-05-26 05:00:00,23.5,86.25,331.39417,312.8876,58.24417,39.73760000000004
2022-05-26 05:00:00,23.5,86.5,332.39255,313.62646,59.24255000000005,40.47646000000003
2022-05-26 05:00:00,23.5,86.75,331.75635,313.67218,58.60635000000002,40.52218000000005
2022-05-26 05:00:00,23.5,87.0,330.86105,313.59634,57.71105,40.44634000000002
2022-05-26 05:00:00,23.5,87.25,330.00635,313.6293,56.85635000000002,40.47930000000002
2022-05-26 05:00:00,23.5,87.5,330.11765,313.8993,56.96765000000005,40.749300000000005
2022-05-26 05:00:00,23.5,87.75,330.82822,314.03625,57.67822000000001,40.88625000000002
2022-05-26 05:00:00,23.5,88.0,330.856,313.9417,57.70600000000002,40.79170000000005
2022-05-26 05:00:00,23.5,88.25,330.856,313.9417,57.70600000000002,40.79170000000005
2022-05-26 05:00:00,23.5,88.5,330.59717,313.84067,57.44717000000003,40.69067000000001
2022-05-26 05:00:00,23.5,88.75,330.73682,313.76913,57.586820000000046,40.61913000000004
2022-05-26 05:00:00,23.5,89.0,330.16098,313.64377,57.01098000000002,40.49377000000004
2022-05-26 05:00:00,23.5,89.25,328.85202,312.88358,55.702020000000005,39.73358000000002
2022-05-26 05:00:00,23.5,89.5,326.7006,311.00266,53.55060000000003,37.852660000000014
2022-05-26 05:00:00,23.5,89.75,325.9332,309.57535,52.78320000000002,36.42535000000004
2022-05-26 05:00:00,23.5,90.0,325.83347,309.72018,52.68347,36.57018000000005
2022-05-26 05:00:00,23.25,85.5,329.075,311.06143,55.92500000000001,37.911429999999996
2022-05-26 05:00:00,23.25,85.75,330.46902,312.47073,57.31902000000002,39.320730000000026
2022-05-26 05:00:00,23.25,86.0,330.46902,312.47073,57.31902000000002,39.320730000000026
2022-05-26 05:00:00,23.25,86.25,329.99985,312.30533,56.84985,39.15533000000005
2022-05-26 05:00:00,23.25,86.5,331.09778,313.0402,57.94778000000002,39.89020000000005
2022-05-26 05:00:00,23.25,86.75,331.74374,313.66013,58.593740000000025,40.510130000000004
2022-05-26 05:00:00,23.25,87.0,331.37878,313.9232,58.22878000000003,40.77320000000003
2022-05-26 05:00:00,23.25,87.25,331.24197,314.0448,58.09197,40.89480000000003
2022-05-26 05:00:00,23.25,87.5,331.13058,314.03247,57.98058000000003,40.88247000000001
2022-05-26 05:00:00,23.25,87.75,331.1259,314.02975,57.975900000000024,40.87975
2022-05-26 05:00:00,23.25,88.0,331.41388,314.104,58.26388000000003,40.95400000000001
2022-05-26 05:00:00,23.25,88.25,331.41388,314.104,58.26388000000003,40.95400000000001
2022-05-26 05:00:00,23.25,88.5,331.35196,314.12283,58.20196000000004,40.972830000000044
2022-05-26 05:00:00,23.25,88.75,330.9761,314.03427,57.8261,40.884270000000015
2022-05-26 05:00:00,23.25,89.0,330.95328,313.93463,57.80328000000003,40.78463000000005
2022-05-26 05:00:00,23.25,89.25,329.9419,313.687,56.7919,40.537000000000035
2022-05-26 05:00:00,23.25,89.5,327.84042,312.1263,54.69042000000002,38.97630000000004
2022-05-26 05:00:00,23.25,89.75,325.04504,308.44196,51.895039999999995,35.29196000000002
2022-05-26 05:00:00,23.25,90.0,324.49677,306.28052,51.34677000000005,33.13052000000005
2022-05-26 05:00:00,23.0,85.5,327.85788,311.30142,54.707880000000046,38.15142000000003
2022-05-26 05:00:00,23.0,85.75,328.44794,312.25696,55.29794000000004,39.106960000000015
2022-05-26 05:00:00,23.0,86.0,328.44794,312.25696,55.29794000000004,39.106960000000015
2022-05-26 05:00:00,23.0,86.25,329.48917,312.79108,56.339170000000024,39.641080000000045
2022-05-26 05:00:00,23.0,86.5,330.98682,313.42816,57.836820000000046,40.278160000000014
2022-05-26 05:00:00,23.0,86.75,330.85797,313.89456,57.707970000000046,40.744560000000035
2022-05-26 05:00:00,23.0,87.0,331.34906,314.25323,58.19906000000003,41.103229999999996
2022-05-26 05:00:00,23.0,87.25,331.53247,314.22693,58.38247000000001,41.076930000000004
2022-05-26 05:00:00,23.0,87.5,331.64386,314.0278,58.49386000000004,40.877800000000036
2022-05-26 05:00:00,23.0,87.75,331.33298,313.8126,58.18298000000004,40.6626
2022-05-26 05:00:00,23.0,88.0,330.89883,313.68085,57.74883,40.530850000000044
2022-05-26 05:00:00,23.0,88.25,330.89883,313.68085,57.74883,40.530850000000044
2022-05-26 05:00:00,23.0,88.5,330.71906,313.7453,57.569060000000036,40.59530000000001
2022-05-26 05:00:00,23.0,88.75,330.45764,313.75793,57.30764000000005,40.60793000000001
2022-05-26 05:00:00,23.0,89.0,330.5936,313.50635,57.4436,40.35635000000002
2022-05-26 05:00:00,23.0,89.25,330.08856,313.36475,56.938559999999995,40.21475000000004
2022-05-26 05:00:00,23.0,89.5,327.83472,312.84302,54.68472000000003,39.69302000000005
2022-05-26 05:00:00,23.0,89.75,326.29544,312.30258,53.14544000000001,39.15258
2022-05-26 05:00:00,23.0,90.0,324.2739,310.04514,51.12390000000005,36.895140000000026
2022-05-26 05:00:00,22.75,85.5,329.44882,312.25964,56.298820000000035,39.10964000000001
2022-05-26 05:00:00,22.75,85.75,331.61508,313.77597,58.46508,40.625969999999995
2022-05-26 05:00:00,22.75,86.0,331.61508,313.77597,58.46508,40.625969999999995
2022-05-26 05:00:00,22.75,86.25,331.7853,313.98312,58.63530000000003,40.83312000000001
2022-05-26 05:00:00,22.75,86.5,331.56363,314.17346,58.41363000000001,41.02346
2022-05-26 05:00:00,22.75,86.75,332.78958,315.07846,59.639580000000024,41.92846000000003
2022-05-26 05:00:00,22.75,87.0,332.20856,314.72687,59.05856,41.57687000000004
2022-05-26 05:00:00,22.75,87.25,331.9218,314.21265,58.77180000000004,41.06265000000002
2022-05-26 05:00:00,22.75,87.5,331.03943,313.7036,57.889430000000004,40.55360000000002
2022-05-26 05:00:00,22.75,87.75,330.702,313.37195,57.55200000000002,40.22195000000005
2022-05-26 05:00:00,22.75,88.0,329.99542,313.10733,56.84542000000005,39.95733000000001
2022-05-26 05:00:00,22.75,88.25,329.99542,313.10733,56.84542000000005,39.95733000000001
2022-05-26 05:00:00,22.75,88.5,329.08737,312.97116,55.937370000000044,39.82116000000002
2022-05-26 05:00:00,22.75,88.75,328.48563,312.9885,55.33563000000004,39.83850000000001
2022-05-26 05:00:00,22.75,89.0,327.38416,312.7472,54.23416000000003,39.59720000000004
2022-05-26 05:00:00,22.75,89.25,325.89325,312.18954,52.743250000000046,39.039540000000045
2022-05-26 05:00:00,22.75,89.5,325.77127,312.11893,52.62127000000004,38.96893
2022-05-26 05:00:00,22.75,89.75,326.04224,312.12067,52.892240000000015,38.97067000000004
2022-05-26 05:00:00,22.75,90.0,323.68314,310.7278,50.53314,37.577800000000025
2022-05-26 05:00:00,22.5,85.5,329.44882,312.25964,56.298820000000035,39.10964000000001
2022-05-26 05:00:00,22.5,85.75,331.61508,313.77597,58.46508,40.625969999999995
2022-05-26 05:00:00,22.5,86.0,331.61508,313.77597,58.46508,40.625969999999995
2022-05-26 05:00:00,22.5,86.25,331.7853,313.98312,58.63530000000003,40.83312000000001
2022-05-26 05:00:00,22.5,86.5,331.56363,314.17346,58.41363000000001,41.02346
2022-05-26 05:00:00,22.5,86.75,332.78958,315.07846,59.639580000000024,41.92846000000003
2022-05-26 05:00:00,22.5,87.0,332.20856,314.72687,59.05856,41.57687000000004
2022-05-26 05:00:00,22.5,87.25,331.9218,314.21265,58.77180000000004,41.06265000000002
2022-05-26 05:00:00,22.5,87.5,331.03943,313.7036,57.889430000000004,40.55360000000002
2022-05-26 05:00:00,22.5,87.75,330.702,313.37195,57.55200000000002,40.22195000000005
2022-05-26 05:00:00,22.5,88.0,329.99542,313.10733,56.84542000000005,39.95733000000001
2022-05-26 05:00:00,22.5,88.25,329.99542,313.10733,56.84542000000005,39.95733000000001
2022-05-26 05:00:00,22.5,88.5,329.08737,312.97116,55.937370000000044,39.82116000000002
2022-05-26 05:00:00,22.5,88.75,328.48563,312.9885,55.33563000000004,39.83850000000001
2022-05-26 05:00:00,22.5,89.0,327.38416,312.7472,54.23416000000003,39.59720000000004
2022-05-26 05:00:00,22.5,89.25,325.89325,312.18954,52.743250000000046,39.039540000000045
2022-05-26 05:00:00,22.5,89.5,325.77127,312.11893,52.62127000000004,38.96893
2022-05-26 05:00:00,22.5,89.75,326.04224,312.12067,52.892240000000015,38.97067000000004
2022-05-26 05:00:00,22.5,90.0,323.68314,310.7278,50.53314,37.577800000000025
2022-05-26 05:00:00,22.25,85.5,329.68973,311.97858,56.53973000000002,38.828580000000045
2022-05-26 05:00:00,22.25,85.75,330.88425,312.7338,57.73425000000003,39.5838
2022-05-26 05:00:00,22.25,86.0,330.88425,312.7338,57.73425000000003,39.5838
2022-05-26 05:00:00,22.25,86.25,330.9162,313.48117,57.766200000000026,40.33117000000004
2022-05-26 05:00:00,22.25,86.5,331.09644,314.3441,57.946439999999996,41.19410000000005
2022-05-26 05:00:00,22.25,86.75,332.2844,314.80927,59.13440000000003,41.65927000000005
2022-05-26 05:00:00,22.25,87.0,331.6936,314.05362,58.543600000000026,40.903620000000046
2022-05-26 05:00:00,22.25,87.25,331.50797,313.60028,58.35797000000002,40.45028000000002
2022-05-26 05:00:00,22.25,87.5,331.09387,313.48096,57.943870000000004,40.330960000000005
2022-05-26 05:00:00,22.25,87.75,329.37732,312.7556,56.22732000000002,39.60560000000004
2022-05-26 05:00:00,22.25,88.0,329.51968,312.62805,56.36968000000002,39.478049999999996
2022-05-26 05:00:00,22.25,88.25,329.51968,312.62805,56.36968000000002,39.478049999999996
2022-05-26 05:00:00,22.25,88.5,330.05243,312.78302,56.90243000000004,39.633020000000045
2022-05-26 05:00:00,22.25,88.75,329.00714,312.4526,55.857140000000015,39.30260000000004
2022-05-26 05:00:00,22.25,89.0,327.22882,312.04352,54.07882000000001,38.893520000000024
2022-05-26 05:00:00,22.25,89.25,326.1848,312.13367,53.03480000000002,38.98367000000002
2022-05-26 05:00:00,22.25,89.5,326.3045,312.75882,53.15450000000004,39.60882000000004
2022-05-26 05:00:00,22.25,89.75,326.9122,313.1413,53.76220000000001,39.991300000000024
2022-05-26 05:00:00,22.25,90.0,326.6707,312.27856,53.52070000000003,39.12856000000005
2022-05-26 05:00:00,22.0,85.5,329.7138,311.77332,56.563800000000015,38.623320000000035
2022-05-26 05:00:00,22.0,85.75,331.00644,311.7059,57.85644000000002,38.55590000000001
2022-05-26 05:00:00,22.0,86.0,331.00644,311.7059,57.85644000000002,38.55590000000001
2022-05-26 05:00:00,22.0,86.25,329.696,311.37445,56.54600000000005,38.22445000000005
2022-05-26 05:00:00,22.0,86.5,329.98538,313.5737,56.83538000000004,40.4237
2022-05-26 05:00:00,22.0,86.75,332.08298,314.73682,58.93298000000004,41.586820000000046
2022-05-26 05:00:00,22.0,87.0,331.7509,313.57907,58.600900000000024,40.429070000000024
2022-05-26 05:00:00,22.0,87.25,331.74255,313.2932,58.59255000000002,40.143200000000036
2022-05-26 05:00:00,22.0,87.5,331.11063,313.23666,57.96063000000004,40.086659999999995
2022-05-26 05:00:00,22.0,87.75,329.9472,312.32547,56.79720000000003,39.17547000000002
2022-05-26 05:00:00,22.0,88.0,329.71933,312.15106,56.569330000000036,39.001059999999995
2022-05-26 05:00:00,22.0,88.25,329.71933,312.15106,56.569330000000036,39.001059999999995
2022-05-26 05:00:00,22.0,88.5,328.57062,311.72626,55.42062000000004,38.57626000000005
2022-05-26 05:00:00,22.0,88.75,327.18365,311.01834,54.03365000000002,37.868340000000046
2022-05-26 05:00:00,22.0,89.0,326.71,311.12378,53.56,37.97378000000003
2022-05-26 05:00:00,22.0,89.25,326.37515,311.414,53.22515000000004,38.26400000000001
2022-05-26 05:00:00,22.0,89.5,326.2341,311.267,53.084100000000035,38.11700000000002
2022-05-26 05:00:00,22.0,89.75,326.94266,311.30927,53.79266000000001,38.15927000000005
2022-05-26 05:00:00,22.0,90.0,327.26694,311.05017,54.11694,37.90017
2022-05-26 05:00:00,21.75,85.5,330.15402,311.49115,57.004020000000025,38.34115000000003
2022-05-26 05:00:00,21.75,85.75,331.39984,311.7444,58.249840000000006,38.59440000000001
2022-05-26 05:00:00,21.75,86.0,331.39984,311.7444,58.249840000000006,38.59440000000001
2022-05-26 05:00:00,21.75,86.25,325.89172,308.4947,52.74172000000004,35.344700000000046
2022-05-26 05:00:00,21.75,86.5,326.60376,310.37085,53.453760000000045,37.22085000000004
2022-05-26 05:00:00,21.75,86.75,331.69992,313.56174,58.54992000000004,40.41174000000001
2022-05-26 05:00:00,21.75,87.0,331.75745,312.7534,58.60745000000003,39.60340000000002
2022-05-26 05:00:00,21.75,87.25,331.74506,312.61752,58.595060000000046,39.467520000000036
2022-05-26 05:00:00,21.75,87.5,330.4258,311.94336,57.275800000000004,38.79336000000001
2022-05-26 05:00:00,21.75,87.75,323.8484,308.682,50.69840000000005,35.53200000000004
2022-05-26 05:00:00,21.75,88.0,325.22055,309.07645,52.070550000000026,35.926450000000045
2022-05-26 05:00:00,21.75,88.25,325.22055,309.07645,52.070550000000026,35.926450000000045
2022-05-26 05:00:00,21.75,88.5,324.03656,308.46368,50.88656000000003,35.31368000000003
2022-05-26 05:00:00,21.75,88.75,323.55832,308.34235,50.40832,35.19235000000003
2022-05-26 05:00:00,21.75,89.0,328.41333,310.81613,55.263329999999996,37.66613000000001
2022-05-26 05:00:00,21.75,89.25,327.3244,310.38104,54.17440000000005,37.23104000000001
2022-05-26 05:00:00,21.75,89.5,322.11716,307.4017,48.967160000000035,34.25170000000003
2022-05-26 05:00:00,21.75,89.75,322.21964,306.7148,49.06964000000005,33.56480000000005
2022-05-26 05:00:00,21.75,90.0,321.7037,306.53622,48.55370000000005,33.38622000000004
2022-05-26 05:00:00,21.5,85.5,328.8556,310.54755,55.705600000000004,37.397550000000024
2022-05-26 05:00:00,21.5,85.75,329.9857,312.00027,56.83570000000003,38.85027000000002
2022-05-26 05:00:00,21.5,86.0,329.9857,312.00027,56.83570000000003,38.85027000000002
2022-05-26 05:00:00,21.5,86.25,328.62836,310.5887,55.47836000000001,37.43870000000004
2022-05-26 05:00:00,21.5,86.5,328.91272,311.4536,55.76272,38.30360000000002
2022-05-26 05:00:00,21.5,86.75,331.13333,313.1247,57.983330000000024,39.97470000000004
2022-05-26 05:00:00,21.5,87.0,322.6599,308.19772,49.509900000000016,35.04772000000003
2022-05-26 05:00:00,21.5,87.25,320.52206,306.1425,47.37206000000003,32.99250000000001
2022-05-26 05:00:00,21.5,87.5,320.31223,305.75925,47.16223000000002,32.60925000000003
2022-05-26 05:00:00,21.5,87.75,320.15845,305.29483,47.00845000000004,32.14483000000001
2022-05-26 05:00:00,21.5,88.0,320.06122,305.53946,46.911220000000014,32.38946000000004
2022-05-26 05:00:00,21.5,88.25,320.06122,305.53946,46.911220000000014,32.38946000000004
2022-05-26 05:00:00,21.5,88.5,320.1393,305.75082,46.989300000000014,32.60082
2022-05-26 05:00:00,21.5,88.75,320.57614,305.90686,47.42614000000003,32.75686000000002
2022-05-26 05:00:00,21.5,89.0,321.24054,306.31177,48.09054000000003,33.16177000000005
2022-05-26 05:00:00,21.5,89.25,321.8038,306.47986,48.65380000000005,33.32986
2022-05-26 05:00:00,21.5,89.5,322.05145,306.36877,48.90145000000001,33.218770000000006
2022-05-26 05:00:00,21.5,89.75,321.921,306.2341,48.771000000000015,33.084100000000035
2022-05-26 05:00:00,21.5,90.0,321.5283,306.0576,48.378300000000024,32.9076
2022-05-26 05:00:00,21.25,85.5,328.37564,311.0658,55.22564,37.91580000000005
2022-05-26 05:00:00,21.25,85.75,329.5889,312.4928,56.43890000000005,39.34280000000001
2022-05-26 05:00:00,21.25,86.0,329.5889,312.4928,56.43890000000005,39.34280000000001
2022-05-26 05:00:00,21.25,86.25,329.7679,313.10898,56.61790000000002,39.95898
2022-05-26 05:00:00,21.25,86.5,331.4176,313.8176,58.267600000000016,40.66760000000005
2022-05-26 05:00:00,21.25,86.75,327.46182,312.0935,54.31182000000001,38.94350000000003
2022-05-26 05:00:00,21.25,87.0,321.72375,307.90558,48.57375000000002,34.75558000000001
2022-05-26 05:00:00,21.25,87.25,320.49442,306.22992,47.344420000000014,33.079920000000016
2022-05-26 05:00:00,21.25,87.5,320.37067,305.85934,47.22067000000004,32.70934
2022-05-26 05:00:00,21.25,87.75,320.3493,305.83948,47.19930000000005,32.68948
2022-05-26 05:00:00,21.25,88.0,320.3644,305.93347,47.21440000000001,32.78347000000002
2022-05-26 05:00:00,21.25,88.25,320.3644,305.93347,47.21440000000001,32.78347000000002
2022-05-26 05:00:00,21.25,88.5,320.39645,305.96982,47.24645000000004,32.81982000000005
2022-05-26 05:00:00,21.25,88.75,320.86508,306.17645,47.71508,33.02645000000001
2022-05-26 05:00:00,21.25,89.0,321.6488,306.33807,48.49880000000002,33.18807000000004
2022-05-26 05:00:00,21.25,89.25,322.09033,306.2941,48.94033000000002,33.14410000000004
2022-05-26 05:00:00,21.25,89.5,322.04114,306.34448,48.89114000000001,33.19448
2022-05-26 05:00:00,21.25,89.75,321.7758,306.30496,48.62580000000003,33.15496000000002
2022-05-26 05:00:00,21.25,90.0,321.466,306.03665,48.31600000000003,32.88665000000003
2022-05-26 05:00:00,21.0,85.5,330.39706,313.5317,57.24706000000003,40.38170000000002
2022-05-26 05:00:00,21.0,85.75,331.02533,313.87122,57.87533000000002,40.72122000000002
2022-05-26 05:00:00,21.0,86.0,331.02533,313.87122,57.87533000000002,40.72122000000002
2022-05-26 05:00:00,21.0,86.25,332.17444,314.20157,59.02444000000003,41.05157000000003
2022-05-26 05:00:00,21.0,86.5,331.82922,314.02942,58.67922000000004,40.87942000000004
2022-05-26 05:00:00,21.0,86.75,332.84555,313.74408,59.695550000000026,40.59408000000002
2022-05-26 05:00:00,21.0,87.0,322.98212,308.75266,49.83212000000003,35.602660000000014
2022-05-26 05:00:00,21.0,87.25,320.52832,306.4496,47.37832000000003,33.2996
2022-05-26 05:00:00,21.0,87.5,320.57608,305.82944,47.42608000000001,32.67944
2022-05-26 05:00:00,21.0,87.75,320.6723,305.8125,47.52230000000003,32.66250000000002
2022-05-26 05:00:00,21.0,88.0,320.66504,305.9331,47.51504,32.78310000000005
2022-05-26 05:00:00,21.0,88.25,320.66504,305.9331,47.51504,32.78310000000005
2022-05-26 05:00:00,21.0,88.5,320.66013,306.02737,47.510130000000004,32.87737000000004
2022-05-26 05:00:00,21.0,88.75,321.16068,306.2191,48.010680000000036,33.06910000000005
2022-05-26 05:00:00,21.0,89.0,322.07516,306.5294,48.925160000000005,33.37940000000003
2022-05-26 05:00:00,21.0,89.25,322.58282,306.58972,49.43282000000005,33.43972000000002
2022-05-26 05:00:00,21.0,89.5,322.4004,306.24152,49.25040000000001,33.09152
2022-05-26 05:00:00,21.0,89.75,321.97992,305.9184,48.829920000000016,32.76840000000004
2022-05-26 05:00:00,21.0,90.0,321.55334,305.80753,48.403340000000014,32.65753000000001
2022-05-26 06:00:00,27.5,85.5,322.3892,304.73816,49.23920000000004,31.588160000000016
2022-05-26 06:00:00,27.5,85.75,320.02048,304.77252,46.87048000000004,31.62252000000001
2022-05-26 06:00:00,27.5,86.0,320.02048,304.77252,46.87048000000004,31.62252000000001
2022-05-26 06:00:00,27.5,86.25,317.16684,301.86832,44.01684,28.718320000000006
2022-05-26 06:00:00,27.5,86.5,314.58014,299.5311,41.430139999999994,26.381100000000004
2022-05-26 06:00:00,27.5,86.75,313.77353,298.41394,40.62353000000002,25.263940000000048
2022-05-26 06:00:00,27.5,87.0,314.2801,298.70956,41.13010000000003,25.559560000000033
2022-05-26 06:00:00,27.5,87.25,316.84613,300.26273,43.69613000000004,27.11273
2022-05-26 06:00:00,27.5,87.5,319.0583,300.34048,45.9083,27.190480000000036
2022-05-26 06:00:00,27.5,87.75,318.29056,297.8095,45.14056000000005,24.659500000000037
2022-05-26 06:00:00,27.5,88.0,317.0049,296.12946,43.85490000000004,22.979460000000017
2022-05-26 06:00:00,27.5,88.25,317.0049,296.12946,43.85490000000004,22.979460000000017
2022-05-26 06:00:00,27.5,88.5,316.58514,297.1475,43.43514000000005,23.997500000000002
2022-05-26 06:00:00,27.5,88.75,314.8323,296.395,41.6823,23.245000000000005
2022-05-26 06:00:00,27.5,89.0,312.21658,291.8798,39.066580000000044,18.72980000000001
2022-05-26 06:00:00,27.5,89.25,309.91132,290.71045,36.76132000000001,17.560450000000003
2022-05-26 06:00:00,27.5,89.5,312.1387,292.97028,38.988699999999994,19.820280000000025
2022-05-26 06:00:00,27.5,89.75,313.2381,296.44565,40.0881,23.295650000000023
2022-05-26 06:00:00,27.5,90.0,315.15262,298.19406,42.002620000000036,25.04406
2022-05-26 06:00:00,27.25,85.5,327.4609,310.75375,54.310900000000004,37.60375000000005
2022-05-26 06:00:00,27.25,85.75,325.5941,309.33704,52.44410000000005,36.187040000000025
2022-05-26 06:00:00,27.25,86.0,325.5941,309.33704,52.44410000000005,36.187040000000025
2022-05-26 06:00:00,27.25,86.25,322.6461,306.4707,49.49610000000001,33.320700000000045
2022-05-26 06:00:00,27.25,86.5,320.92053,304.9066,47.77053000000001,31.75660000000005
2022-05-26 06:00:00,27.25,86.75,321.10068,303.97345,47.950680000000034,30.823450000000037
2022-05-26 06:00:00,27.25,87.0,320.93286,302.86526,47.78286000000003,29.71526
2022-05-26 06:00:00,27.25,87.25,321.3033,303.3411,48.1533,30.191100000000006
2022-05-26 06:00:00,27.25,87.5,321.81433,303.64774,48.66433000000001,30.49774000000002
2022-05-26 06:00:00,27.25,87.75,319.851,301.77176,46.70100000000002,28.621759999999995
2022-05-26 06:00:00,27.25,88.0,317.5236,300.82538,44.37360000000001,27.67538000000002
2022-05-26 06:00:00,27.25,88.25,317.5236,300.82538,44.37360000000001,27.67538000000002
2022-05-26 06:00:00,27.25,88.5,316.88757,302.1558,43.737570000000005,29.005800000000022
2022-05-26 06:00:00,27.25,88.75,315.20184,301.4086,42.05184000000003,28.2586
2022-05-26 06:00:00,27.25,89.0,312.51617,298.04932,39.36617000000001,24.899320000000046
2022-05-26 06:00:00,27.25,89.25,311.55362,296.46375,38.403620000000046,23.313750000000027
2022-05-26 06:00:00,27.25,89.5,311.69235,295.11942,38.54235,21.969420000000014
2022-05-26 06:00:00,27.25,89.75,312.75876,296.5693,39.60876000000002,23.41930000000002
2022-05-26 06:00:00,27.25,90.0,315.51184,298.0748,42.36184000000003,24.924800000000005
2022-05-26 06:00:00,27.0,85.5,327.4609,310.75375,54.310900000000004,37.60375000000005
2022-05-26 06:00:00,27.0,85.75,325.5941,309.33704,52.44410000000005,36.187040000000025
2022-05-26 06:00:00,27.0,86.0,325.5941,309.33704,52.44410000000005,36.187040000000025
2022-05-26 06:00:00,27.0,86.25,322.6461,306.4707,49.49610000000001,33.320700000000045
2022-05-26 06:00:00,27.0,86.5,320.92053,304.9066,47.77053000000001,31.75660000000005
2022-05-26 06:00:00,27.0,86.75,321.10068,303.97345,47.950680000000034,30.823450000000037
2022-05-26 06:00:00,27.0,87.0,320.93286,302.86526,47.78286000000003,29.71526
2022-05-26 06:00:00,27.0,87.25,321.3033,303.3411,48.1533,30.191100000000006
2022-05-26 06:00:00,27.0,87.5,321.81433,303.64774,48.66433000000001,30.49774000000002
2022-05-26 06:00:00,27.0,87.75,319.851,301.77176,46.70100000000002,28.621759999999995
2022-05-26 06:00:00,27.0,88.0,317.5236,300.82538,44.37360000000001,27.67538000000002
2022-05-26 06:00:00,27.0,88.25,317.5236,300.82538,44.37360000000001,27.67538000000002
2022-05-26 06:00:00,27.0,88.5,316.88757,302.1558,43.737570000000005,29.005800000000022
2022-05-26 06:00:00,27.0,88.75,315.20184,301.4086,42.05184000000003,28.2586
2022-05-26 06:00:00,27.0,89.0,312.51617,298.04932,39.36617000000001,24.899320000000046
2022-05-26 06:00:00,27.0,89.25,311.55362,296.46375,38.403620000000046,23.313750000000027
2022-05-26 06:00:00,27.0,89.5,311.69235,295.11942,38.54235,21.969420000000014
2022-05-26 06:00:00,27.0,89.75,312.75876,296.5693,39.60876000000002,23.41930000000002
2022-05-26 06:00:00,27.0,90.0,315.51184,298.0748,42.36184000000003,24.924800000000005
2022-05-26 06:00:00,26.75,85.5,329.68512,312.84204,56.535120000000006,39.69204000000002
2022-05-26 06:00:00,26.75,85.75,329.62012,312.08395,56.47012000000001,38.93395000000004
2022-05-26 06:00:00,26.75,86.0,329.62012,312.08395,56.47012000000001,38.93395000000004
2022-05-26 06:00:00,26.75,86.25,329.5298,310.62332,56.379800000000046,37.47332
2022-05-26 06:00:00,26.75,86.5,328.4419,309.716,55.2919,36.56600000000003
2022-05-26 06:00:00,26.75,86.75,326.65872,308.80917,53.50872000000004,35.65917000000002
2022-05-26 06:00:00,26.75,87.0,324.54767,307.1308,51.397670000000005,33.980800000000045
2022-05-26 06:00:00,26.75,87.25,323.98816,306.43063,50.838160000000016,33.28063000000003
2022-05-26 06:00:00,26.75,87.5,323.54095,305.89294,50.39095000000003,32.74294000000003
2022-05-26 06:00:00,26.75,87.75,321.74802,304.2795,48.59802000000002,31.129500000000007
2022-05-26 06:00:00,26.75,88.0,319.70416,303.5754,46.554160000000024,30.425400000000025
2022-05-26 06:00:00,26.75,88.25,319.70416,303.5754,46.554160000000024,30.425400000000025
2022-05-26 06:00:00,26.75,88.5,319.43237,305.19156,46.282370000000014,32.041560000000004
2022-05-26 06:00:00,26.75,88.75,320.2325,306.8722,47.08250000000004,33.72220000000004
2022-05-26 06:00:00,26.75,89.0,319.50732,306.91748,46.357320000000016,33.767480000000035
2022-05-26 06:00:00,26.75,89.25,318.50003,305.86127,45.350030000000004,32.71127000000001
2022-05-26 06:00:00,26.75,89.5,317.83127,303.09265,44.68127000000004,29.942650000000015
2022-05-26 06:00:00,26.75,89.75,317.42612,302.08298,44.27612000000005,28.932980000000043
2022-05-26 06:00:00,26.75,90.0,320.50378,304.25528,47.35378000000003,31.10528000000005
2022-05-26 06:00:00,26.5,85.5,331.14658,313.03394,57.996579999999994,39.883939999999996
2022-05-26 06:00:00,26.5,85.75,329.809,312.6895,56.65900000000005,39.53950000000003
2022-05-26 06:00:00,26.5,86.0,329.809,312.6895,56.65900000000005,39.53950000000003
2022-05-26 06:00:00,26.5,86.25,329.9775,312.79376,56.82750000000004,39.64376000000004
2022-05-26 06:00:00,26.5,86.5,330.47482,312.22485,57.324820000000045,39.074850000000026
2022-05-26 06:00:00,26.5,86.75,329.57806,311.77628,56.428060000000016,38.62628000000001
2022-05-26 06:00:00,26.5,87.0,328.5173,311.65,55.3673,38.5
2022-05-26 06:00:00,26.5,87.25,328.49777,311.5169,55.347770000000025,38.366900000000044
2022-05-26 06:00:00,26.5,87.5,327.7986,310.60376,54.648600000000044,37.453760000000045
2022-05-26 06:00:00,26.5,87.75,326.87015,309.75574,53.72015000000005,36.605740000000026
2022-05-26 06:00:00,26.5,88.0,326.62033,310.1653,53.47033000000005,37.015300000000025
2022-05-26 06:00:00,26.5,88.25,326.62033,310.1653,53.47033000000005,37.015300000000025
2022-05-26 06:00:00,26.5,88.5,326.32062,310.8303,53.17062000000004,37.680300000000045
2022-05-26 06:00:00,26.5,88.75,325.11237,310.54584,51.96237000000002,37.39584000000002
2022-05-26 06:00:00,26.5,89.0,323.1507,310.1447,50.000699999999995,36.99470000000002
2022-05-26 06:00:00,26.5,89.25,322.01807,309.37143,48.868070000000046,36.22143
2022-05-26 06:00:00,26.5,89.5,321.8734,308.40714,48.72340000000003,35.25714000000005
2022-05-26 06:00:00,26.5,89.75,323.03012,307.9672,49.88012000000003,34.817200000000014
2022-05-26 06:00:00,26.5,90.0,324.71646,307.99283,51.566460000000006,34.84283000000005
2022-05-26 06:00:00,26.25,85.5,330.73227,313.07108,57.58227000000005,39.92108000000002
2022-05-26 06:00:00,26.25,85.75,331.02646,313.38016,57.87646000000001,40.23016000000001
2022-05-26 06:00:00,26.25,86.0,331.02646,313.38016,57.87646000000001,40.23016000000001
2022-05-26 06:00:00,26.25,86.25,330.97223,313.5455,57.82223000000005,40.39550000000003
2022-05-26 06:00:00,26.25,86.5,329.6323,312.6485,56.48230000000001,39.498500000000035
2022-05-26 06:00:00,26.25,86.75,328.19336,311.86328,55.04336000000001,38.71328
2022-05-26 06:00:00,26.25,87.0,327.9521,311.72067,54.802099999999996,38.57067000000001
2022-05-26 06:00:00,26.25,87.25,328.07245,311.47623,54.922450000000026,38.32623000000001
2022-05-26 06:00:00,26.25,87.5,328.15033,311.0922,55.00033000000002,37.942200000000014
2022-05-26 06:00:00,26.25,87.75,328.46188,311.08127,55.31188000000003,37.93127000000004
2022-05-26 06:00:00,26.25,88.0,329.06772,311.3549,55.91772000000003,38.20490000000001
2022-05-26 06:00:00,26.25,88.25,329.06772,311.3549,55.91772000000003,38.20490000000001
2022-05-26 06:00:00,26.25,88.5,329.59747,311.5039,56.44747000000001,38.35390000000001
2022-05-26 06:00:00,26.25,88.75,328.86237,311.23676,55.71237000000002,38.08676000000003
2022-05-26 06:00:00,26.25,89.0,326.39325,310.19122,53.243250000000046,37.04122000000001
2022-05-26 06:00:00,26.25,89.25,324.8177,308.89783,51.667700000000025,35.74783000000002
2022-05-26 06:00:00,26.25,89.5,323.89447,308.81662,50.744470000000035,35.66662000000002
2022-05-26 06:00:00,26.25,89.75,324.0443,308.28336,50.894300000000044,35.13336000000004
2022-05-26 06:00:00,26.25,90.0,325.67694,308.4088,52.526940000000025,35.25880000000001
2022-05-26 06:00:00,26.0,85.5,331.4555,313.60065,58.305499999999995,40.450649999999996
2022-05-26 06:00:00,26.0,85.75,331.0786,313.62958,57.92860000000002,40.47958
2022-05-26 06:00:00,26.0,86.0,331.0786,313.62958,57.92860000000002,40.47958
2022-05-26 06:00:00,26.0,86.25,331.55695,314.04956,58.406949999999995,40.89956000000001
2022-05-26 06:00:00,26.0,86.5,330.1168,313.80585,56.966800000000035,40.655850000000044
2022-05-26 06:00:00,26.0,86.75,330.2899,313.50937,57.13990000000001,40.35937000000001
2022-05-26 06:00:00,26.0,87.0,329.0768,312.74088,55.926800000000014,39.59088000000003
2022-05-26 06:00:00,26.0,87.25,328.4541,312.28656,55.304100000000005,39.13656000000003
2022-05-26 06:00:00,26.0,87.5,328.38248,311.96072,55.23248000000001,38.81072
2022-05-26 06:00:00,26.0,87.75,328.4904,311.67932,55.340400000000045,38.52932000000004
2022-05-26 06:00:00,26.0,88.0,328.9923,311.60806,55.84230000000002,38.458060000000046
2022-05-26 06:00:00,26.0,88.25,328.9923,311.60806,55.84230000000002,38.458060000000046
2022-05-26 06:00:00,26.0,88.5,329.77014,311.4315,56.62014000000005,38.28150000000005
2022-05-26 06:00:00,26.0,88.75,330.189,310.98727,57.039000000000044,37.837270000000046
2022-05-26 06:00:00,26.0,89.0,329.3342,310.51062,56.18420000000003,37.36062000000004
2022-05-26 06:00:00,26.0,89.25,327.65048,309.64825,54.50048000000004,36.49825000000004
2022-05-26 06:00:00,26.0,89.5,326.57318,308.95557,53.42318,35.805570000000046
2022-05-26 06:00:00,26.0,89.75,324.28384,307.53848,51.13384000000002,34.388480000000015
2022-05-26 06:00:00,26.0,90.0,322.2922,307.04367,49.1422,33.89367000000004
2022-05-26 06:00:00,25.75,85.5,330.73734,313.67587,57.58734000000004,40.52587
2022-05-26 06:00:00,25.75,85.75,331.2363,313.90628,58.08630000000005,40.756280000000004
2022-05-26 06:00:00,25.75,86.0,331.2363,313.90628,58.08630000000005,40.756280000000004
2022-05-26 06:00:00,25.75,86.25,331.3256,314.05893,58.17560000000003,40.90893
2022-05-26 06:00:00,25.75,86.5,330.6868,313.6387,57.53680000000003,40.488699999999994
2022-05-26 06:00:00,25.75,86.75,330.22485,313.5227,57.074850000000026,40.37270000000001
2022-05-26 06:00:00,25.75,87.0,328.9951,313.15985,55.8451,40.00985000000003
2022-05-26 06:00:00,25.75,87.25,328.12576,312.49417,54.97576000000004,39.34417000000002
2022-05-26 06:00:00,25.75,87.5,327.81003,311.7906,54.660030000000006,38.640600000000006
2022-05-26 06:00:00,25.75,87.75,327.85046,311.4622,54.70046000000002,38.31220000000002
2022-05-26 06:00:00,25.75,88.0,328.4898,311.44687,55.339800000000025,38.29687000000001
2022-05-26 06:00:00,25.75,88.25,328.4898,311.44687,55.339800000000025,38.29687000000001
2022-05-26 06:00:00,25.75,88.5,329.41116,311.40262,56.26116000000002,38.252620000000036
2022-05-26 06:00:00,25.75,88.75,329.98782,311.371,56.83782000000002,38.221000000000004
2022-05-26 06:00:00,25.75,89.0,330.5336,311.30975,57.3836,38.15975000000003
2022-05-26 06:00:00,25.75,89.25,330.79172,310.67545,57.64172000000002,37.525450000000035
2022-05-26 06:00:00,25.75,89.5,328.71515,309.7446,55.56515000000002,36.594600000000014
2022-05-26 06:00:00,25.75,89.75,324.66614,308.19592,51.51614000000001,35.045920000000024
2022-05-26 06:00:00,25.75,90.0,322.37634,307.43024,49.22634000000005,34.28024000000005
2022-05-26 06:00:00,25.5,85.5,330.7579,313.4294,57.60790000000003,40.27940000000001
2022-05-26 06:00:00,25.5,85.75,329.91846,313.24277,56.768460000000005,40.09277000000003
2022-05-26 06:00:00,25.5,86.0,329.91846,313.24277,56.768460000000005,40.09277000000003
2022-05-26 06:00:00,25.5,86.25,330.76962,313.9777,57.61962,40.82770000000005
2022-05-26 06:00:00,25.5,86.5,330.9743,314.19653,57.82430000000005,41.04653000000002
2022-05-26 06:00:00,25.5,86.75,330.81003,313.9871,57.660030000000006,40.83710000000002
2022-05-26 06:00:00,25.5,87.0,329.9484,313.59573,56.798400000000015,40.445730000000026
2022-05-26 06:00:00,25.5,87.25,328.51596,312.90405,55.36596000000003,39.75405000000001
2022-05-26 06:00:00,25.5,87.5,327.1978,312.3877,54.047799999999995,39.23770000000002
2022-05-26 06:00:00,25.5,87.75,327.20486,311.9593,54.05486000000002,38.80930000000001
2022-05-26 06:00:00,25.5,88.0,328.02774,311.60782,54.87774000000002,38.45782000000003
2022-05-26 06:00:00,25.5,88.25,328.02774,311.60782,54.87774000000002,38.45782000000003
2022-05-26 06:00:00,25.5,88.5,329.10983,311.76904,55.95983000000001,38.61904000000004
2022-05-26 06:00:00,25.5,88.75,330.51645,312.3212,57.36645000000004,39.1712
2022-05-26 06:00:00,25.5,89.0,331.12213,312.53488,57.97213000000005,39.38488000000001
2022-05-26 06:00:00,25.5,89.25,331.2396,312.0697,58.08960000000002,38.919700000000034
2022-05-26 06:00:00,25.5,89.5,329.73862,310.90778,56.58862000000005,37.757780000000025
2022-05-26 06:00:00,25.5,89.75,326.07767,308.8266,52.927670000000035,35.67660000000001
2022-05-26 06:00:00,25.5,90.0,324.23013,307.97403,51.08013,34.82403000000005
2022-05-26 06:00:00,25.25,85.5,332.44794,314.00134,59.29794000000004,40.85134000000005
2022-05-26 06:00:00,25.25,85.75,331.93713,313.92938,58.78713000000005,40.77938
2022-05-26 06:00:00,25.25,86.0,331.93713,313.92938,58.78713000000005,40.77938
2022-05-26 06:00:00,25.25,86.25,330.8563,313.4107,57.7063,40.26070000000004
2022-05-26 06:00:00,25.25,86.5,329.5977,313.5841,56.4477,40.4341
2022-05-26 06:00:00,25.25,86.75,329.765,313.80023,56.61500000000001,40.65023000000002
2022-05-26 06:00:00,25.25,87.0,330.09525,314.00024,56.945250000000044,40.85024000000004
2022-05-26 06:00:00,25.25,87.25,329.8685,313.71024,56.718500000000006,40.56024000000002
2022-05-26 06:00:00,25.25,87.5,327.79074,312.64514,54.64074000000005,39.49514000000005
2022-05-26 06:00:00,25.25,87.75,326.00436,311.77985,52.85436000000004,38.62985000000003
2022-05-26 06:00:00,25.25,88.0,326.6576,312.01572,53.507600000000025,38.86572000000001
2022-05-26 06:00:00,25.25,88.25,326.6576,312.01572,53.507600000000025,38.86572000000001
2022-05-26 06:00:00,25.25,88.5,328.06802,312.5774,54.91802000000001,39.427400000000034
2022-05-26 06:00:00,25.25,88.75,328.5296,312.5316,55.37960000000004,39.38160000000005
2022-05-26 06:00:00,25.25,89.0,329.13208,312.32935,55.982079999999996,39.17935
2022-05-26 06:00:00,25.25,89.25,329.84637,311.955,56.69637,38.80500000000001
2022-05-26 06:00:00,25.25,89.5,330.2551,311.6075,57.10510000000005,38.45750000000004
2022-05-26 06:00:00,25.25,89.75,328.44205,310.20816,55.29205000000002,37.05816000000004
2022-05-26 06:00:00,25.25,90.0,326.69537,309.45026,53.54537000000005,36.30026000000004
2022-05-26 06:00:00,25.0,85.5,331.6775,313.1319,58.52750000000003,39.981899999999996
2022-05-26 06:00:00,25.0,85.75,329.80734,313.02875,56.65734000000003,39.878750000000025
2022-05-26 06:00:00,25.0,86.0,329.80734,313.02875,56.65734000000003,39.878750000000025
2022-05-26 06:00:00,25.0,86.25,329.45288,312.79855,56.302880000000016,39.64855
2022-05-26 06:00:00,25.0,86.5,330.3782,313.09695,57.228200000000015,39.946950000000015
2022-05-26 06:00:00,25.0,86.75,330.0722,313.21616,56.92220000000003,40.066160000000025
2022-05-26 06:00:00,25.0,87.0,329.98627,313.32104,56.83627000000001,40.171040000000005
2022-05-26 06:00:00,25.0,87.25,329.8708,313.28784,56.7208,40.13784000000004
2022-05-26 06:00:00,25.0,87.5,328.13004,312.61398,54.98004000000003,39.46398000000005
2022-05-26 06:00:00,25.0,87.75,326.42267,312.31396,53.272670000000005,39.16396000000003
2022-05-26 06:00:00,25.0,88.0,326.2064,312.3866,53.0564,39.23660000000001
2022-05-26 06:00:00,25.0,88.25,326.2064,312.3866,53.0564,39.23660000000001
2022-05-26 06:00:00,25.0,88.5,326.97144,312.30807,53.821439999999996,39.15807000000001
2022-05-26 06:00:00,25.0,88.75,327.59494,312.3268,54.44494000000003,39.176800000000014
2022-05-26 06:00:00,25.0,89.0,327.4872,312.1194,54.337199999999996,38.96940000000001
2022-05-26 06:00:00,25.0,89.25,328.8251,312.211,55.67510000000004,39.061000000000035
2022-05-26 06:00:00,25.0,89.5,330.18463,312.31613,57.03463000000005,39.16613000000001
2022-05-26 06:00:00,25.0,89.75,329.6567,311.52924,56.50670000000002,38.37924000000004
2022-05-26 06:00:00,25.0,90.0,330.00125,311.48984,56.85125000000005,38.33984000000004
2022-05-26 06:00:00,24.75,85.5,331.6775,313.1319,58.52750000000003,39.981899999999996
2022-05-26 06:00:00,24.75,85.75,329.80734,313.02875,56.65734000000003,39.878750000000025
2022-05-26 06:00:00,24.75,86.0,329.80734,313.02875,56.65734000000003,39.878750000000025
2022-05-26 06:00:00,24.75,86.25,329.45288,312.79855,56.302880000000016,39.64855
2022-05-26 06:00:00,24.75,86.5,330.3782,313.09695,57.228200000000015,39.946950000000015
2022-05-26 06:00:00,24.75,86.75,330.0722,313.21616,56.92220000000003,40.066160000000025
2022-05-26 06:00:00,24.75,87.0,329.98627,313.32104,56.83627000000001,40.171040000000005
2022-05-26 06:00:00,24.75,87.25,329.8708,313.28784,56.7208,40.13784000000004
2022-05-26 06:00:00,24.75,87.5,328.13004,312.61398,54.98004000000003,39.46398000000005
2022-05-26 06:00:00,24.75,87.75,326.42267,312.31396,53.272670000000005,39.16396000000003
2022-05-26 06:00:00,24.75,88.0,326.2064,312.3866,53.0564,39.23660000000001
2022-05-26 06:00:00,24.75,88.25,326.2064,312.3866,53.0564,39.23660000000001
2022-05-26 06:00:00,24.75,88.5,326.97144,312.30807,53.821439999999996,39.15807000000001
2022-05-26 06:00:00,24.75,88.75,327.59494,312.3268,54.44494000000003,39.176800000000014
2022-05-26 06:00:00,24.75,89.0,327.4872,312.1194,54.337199999999996,38.96940000000001
2022-05-26 06:00:00,24.75,89.25,328.8251,312.211,55.67510000000004,39.061000000000035
2022-05-26 06:00:00,24.75,89.5,330.18463,312.31613,57.03463000000005,39.16613000000001
2022-05-26 06:00:00,24.75,89.75,329.6567,311.52924,56.50670000000002,38.37924000000004
2022-05-26 06:00:00,24.75,90.0,330.00125,311.48984,56.85125000000005,38.33984000000004
2022-05-26 06:00:00,24.5,85.5,328.94754,312.02866,55.797540000000026,38.878660000000025
2022-05-26 06:00:00,24.5,85.75,329.06595,311.94135,55.91595000000001,38.79135000000002
2022-05-26 06:00:00,24.5,86.0,329.06595,311.94135,55.91595000000001,38.79135000000002
2022-05-26 06:00:00,24.5,86.25,327.7422,311.24448,54.59220000000005,38.09448000000003
2022-05-26 06:00:00,24.5,86.5,328.6587,311.56857,55.50870000000003,38.418570000000045
2022-05-26 06:00:00,24.5,86.75,329.6933,312.47702,56.543300000000045,39.327020000000005
2022-05-26 06:00:00,24.5,87.0,329.6241,312.98242,56.47410000000002,39.83242000000001
2022-05-26 06:00:00,24.5,87.25,328.80118,312.94516,55.65118000000001,39.79516000000001
2022-05-26 06:00:00,24.5,87.5,327.60657,312.81818,54.45657,39.66818000000001
2022-05-26 06:00:00,24.5,87.75,327.4541,313.08517,54.304100000000005,39.93517000000003
2022-05-26 06:00:00,24.5,88.0,327.55737,313.10632,54.407370000000014,39.956320000000005
2022-05-26 06:00:00,24.5,88.25,327.55737,313.10632,54.407370000000014,39.956320000000005
2022-05-26 06:00:00,24.5,88.5,327.31815,312.60095,54.168150000000026,39.450950000000034
2022-05-26 06:00:00,24.5,88.75,327.5787,312.35208,54.42870000000005,39.202080000000024
2022-05-26 06:00:00,24.5,89.0,327.40814,312.33612,54.258140000000026,39.18612000000002
2022-05-26 06:00:00,24.5,89.25,327.72824,312.2528,54.57824000000005,39.1028
2022-05-26 06:00:00,24.5,89.5,328.0533,311.96945,54.9033,38.81945000000002
2022-05-26 06:00:00,24.5,89.75,327.28604,311.22836,54.13604000000004,38.07836000000003
2022-05-26 06:00:00,24.5,90.0,328.78973,311.2988,55.63973000000004,38.14880000000005
2022-05-26 06:00:00,24.25,85.5,327.531,310.5425,54.38100000000003,37.39250000000004
2022-05-26 06:00:00,24.25,85.75,329.1831,311.76248,56.03310000000005,38.612480000000005
2022-05-26 06:00:00,24.25,86.0,329.1831,311.76248,56.03310000000005,38.612480000000005
2022-05-26 06:00:00,24.25,86.25,329.113,311.75778,55.96300000000002,38.60778000000005
2022-05-26 06:00:00,24.25,86.5,329.1588,311.7445,56.00880000000001,38.59450000000004
2022-05-26 06:00:00,24.25,86.75,328.909,312.28366,55.759000000000015,39.13366000000002
2022-05-26 06:00:00,24.25,87.0,328.61716,312.5046,55.467160000000035,39.354600000000005
2022-05-26 06:00:00,24.25,87.25,327.9607,312.44693,54.8107,39.29693000000003
2022-05-26 06:00:00,24.25,87.5,327.9457,312.9141,54.79570000000001,39.76410000000004
2022-05-26 06:00:00,24.25,87.75,328.76657,313.69022,55.616570000000024,40.54022000000003
2022-05-26 06:00:00,24.25,88.0,329.29672,313.91852,56.146720000000016,40.768520000000024
2022-05-26 06:00:00,24.25,88.25,329.29672,313.91852,56.146720000000016,40.768520000000024
2022-05-26 06:00:00,24.25,88.5,328.87665,313.5127,55.72665000000001,40.36270000000002
2022-05-26 06:00:00,24.25,88.75,328.04602,312.92212,54.89602000000002,39.77212000000003
2022-05-26 06:00:00,24.25,89.0,327.4562,312.37488,54.30620000000005,39.22488000000004
2022-05-26 06:00:00,24.25,89.25,326.86493,312.1683,53.71493000000004,39.01830000000001
2022-05-26 06:00:00,24.25,89.5,325.67624,311.5567,52.52624000000003,38.4067
2022-05-26 06:00:00,24.25,89.75,324.7299,310.43402,51.57990000000001,37.28402
2022-05-26 06:00:00,24.25,90.0,327.79507,310.83087,54.64507000000003,37.68087000000003
2022-05-26 06:00:00,24.0,85.5,326.21848,309.6034,53.06848000000002,36.453400000000045
2022-05-26 06:00:00,24.0,85.75,327.05215,310.68884,53.902150000000006,37.53884000000005
2022-05-26 06:00:00,24.0,86.0,327.05215,310.68884,53.902150000000006,37.53884000000005
2022-05-26 06:00:00,24.0,86.25,327.48825,311.2878,54.338250000000016,38.13780000000003
2022-05-26 06:00:00,24.0,86.5,328.4561,311.9988,55.306100000000015,38.84880000000004
2022-05-26 06:00:00,24.0,86.75,328.93,312.604,55.78000000000003,39.45400000000001
2022-05-26 06:00:00,24.0,87.0,329.0868,313.00525,55.936800000000005,39.85525000000001
2022-05-26 06:00:00,24.0,87.25,328.64456,313.0129,55.494560000000035,39.862900000000025
2022-05-26 06:00:00,24.0,87.5,328.468,313.19922,55.31800000000004,40.04922000000005
2022-05-26 06:00:00,24.0,87.75,328.92276,313.68314,55.772760000000005,40.53314
2022-05-26 06:00:00,24.0,88.0,328.8327,313.72687,55.68270000000001,40.57687000000004
2022-05-26 06:00:00,24.0,88.25,328.8327,313.72687,55.68270000000001,40.57687000000004
2022-05-26 06:00:00,24.0,88.5,328.62567,313.5972,55.47567000000004,40.44720000000001
2022-05-26 06:00:00,24.0,88.75,328.94696,313.71118,55.79696000000001,40.561180000000036
2022-05-26 06:00:00,24.0,89.0,327.68848,313.0374,54.53848000000005,39.887400000000014
2022-05-26 06:00:00,24.0,89.25,325.89395,312.1623,52.74395000000004,39.01230000000004
2022-05-26 06:00:00,24.0,89.5,325.07254,311.34055,51.922540000000026,38.19055000000003
2022-05-26 06:00:00,24.0,89.75,323.86536,310.34995,50.71536000000003,37.19995
2022-05-26 06:00:00,24.0,90.0,326.81335,310.7275,53.66335000000004,37.57750000000004
2022-05-26 06:00:00,23.75,85.5,326.80096,310.3584,53.65096,37.20840000000004
2022-05-26 06:00:00,23.75,85.75,326.30362,311.11072,53.153620000000046,37.96072000000004
2022-05-26 06:00:00,23.75,86.0,326.30362,311.11072,53.153620000000046,37.96072000000004
2022-05-26 06:00:00,23.75,86.25,327.54865,312.23315,54.39865000000003,39.083150000000046
2022-05-26 06:00:00,23.75,86.5,328.2121,312.89493,55.062100000000044,39.74493000000001
2022-05-26 06:00:00,23.75,86.75,326.9389,312.75732,53.78890000000001,39.607320000000016
2022-05-26 06:00:00,23.75,87.0,328.59174,313.3593,55.44174000000004,40.20930000000004
2022-05-26 06:00:00,23.75,87.25,330.00113,313.95908,56.85113000000001,40.809079999999994
2022-05-26 06:00:00,23.75,87.5,330.43155,314.17996,57.28155000000004,41.02996000000002
2022-05-26 06:00:00,23.75,87.75,330.0656,314.08823,56.91560000000004,40.93823000000003
2022-05-26 06:00:00,23.75,88.0,328.5858,313.7484,55.43580000000003,40.59840000000003
2022-05-26 06:00:00,23.75,88.25,328.5858,313.7484,55.43580000000003,40.59840000000003
2022-05-26 06:00:00,23.75,88.5,327.50833,313.39166,54.358330000000024,40.241660000000024
2022-05-26 06:00:00,23.75,88.75,327.97598,313.30658,54.825980000000015,40.15658000000002
2022-05-26 06:00:00,23.75,89.0,328.00684,313.3377,54.856840000000034,40.18770000000001
2022-05-26 06:00:00,23.75,89.25,326.99695,312.88165,53.84695000000005,39.73165
2022-05-26 06:00:00,23.75,89.5,326.18222,312.00928,53.032219999999995,38.85928000000001
2022-05-26 06:00:00,23.75,89.75,324.81177,310.81796,51.66177000000005,37.66796000000005
2022-05-26 06:00:00,23.75,90.0,325.0351,310.05313,51.88510000000002,36.90313000000003
2022-05-26 06:00:00,23.5,85.5,326.65738,310.26147,53.50738000000001,37.11147
2022-05-26 06:00:00,23.5,85.75,327.86044,312.00366,54.710440000000006,38.85366000000005
2022-05-26 06:00:00,23.5,86.0,327.86044,312.00366,54.710440000000006,38.85366000000005
2022-05-26 06:00:00,23.5,86.25,329.437,312.9162,56.287000000000035,39.766200000000026
2022-05-26 06:00:00,23.5,86.5,330.23853,313.58737,57.08853000000005,40.437370000000044
2022-05-26 06:00:00,23.5,86.75,329.55298,313.5247,56.402980000000014,40.37470000000002
2022-05-26 06:00:00,23.5,87.0,329.76065,313.8048,56.61065000000002,40.65480000000002
2022-05-26 06:00:00,23.5,87.25,330.28183,314.23706,57.131830000000036,41.08706000000001
2022-05-26 06:00:00,23.5,87.5,330.5671,314.28293,57.417100000000005,41.132930000000044
2022-05-26 06:00:00,23.5,87.75,330.03232,314.0923,56.88232000000005,40.942300000000046
2022-05-26 06:00:00,23.5,88.0,328.33292,313.75287,55.182920000000024,40.602869999999996
2022-05-26 06:00:00,23.5,88.25,328.33292,313.75287,55.182920000000024,40.602869999999996
2022-05-26 06:00:00,23.5,88.5,327.2936,313.48416,54.14360000000005,40.33416
2022-05-26 06:00:00,23.5,88.75,328.0157,313.5787,54.865700000000004,40.42870000000005
2022-05-26 06:00:00,23.5,89.0,328.36075,313.615,55.21075000000002,40.46500000000003
2022-05-26 06:00:00,23.5,89.25,328.33978,313.37524,55.18978000000004,40.22524000000004
2022-05-26 06:00:00,23.5,89.5,327.45276,312.3826,54.302760000000035,39.23260000000005
2022-05-26 06:00:00,23.5,89.75,326.784,311.14484,53.634000000000015,37.99484000000001
2022-05-26 06:00:00,23.5,90.0,324.9965,310.53513,51.84650000000005,37.385130000000004
2022-05-26 06:00:00,23.25,85.5,327.77103,311.01813,54.62103000000002,37.86813000000001
2022-05-26 06:00:00,23.25,85.75,329.47415,312.60162,56.32415000000003,39.45162000000005
2022-05-26 06:00:00,23.25,86.0,329.47415,312.60162,56.32415000000003,39.45162000000005
2022-05-26 06:00:00,23.25,86.25,328.59772,312.32797,55.447720000000004,39.177970000000016
2022-05-26 06:00:00,23.25,86.5,329.29785,312.93552,56.147850000000005,39.78552000000002
2022-05-26 06:00:00,23.25,86.75,329.99063,313.55347,56.84063000000003,40.40347000000003
2022-05-26 06:00:00,23.25,87.0,330.40802,314.05862,57.258020000000045,40.90862000000004
2022-05-26 06:00:00,23.25,87.25,331.30374,314.56638,58.15374000000003,41.416380000000004
2022-05-26 06:00:00,23.25,87.5,331.4769,314.66348,58.32690000000002,41.513480000000015
2022-05-26 06:00:00,23.25,87.75,330.8588,314.4246,57.7088,41.27460000000002
2022-05-26 06:00:00,23.25,88.0,330.1826,314.04276,57.0326,40.89276000000001
2022-05-26 06:00:00,23.25,88.25,330.1826,314.04276,57.0326,40.89276000000001
2022-05-26 06:00:00,23.25,88.5,329.59958,313.79126,56.449580000000026,40.641260000000045
2022-05-26 06:00:00,23.25,88.75,329.2672,313.87518,56.117200000000025,40.72518000000002
2022-05-26 06:00:00,23.25,89.0,329.1407,313.86346,55.990700000000004,40.71346
2022-05-26 06:00:00,23.25,89.25,328.414,313.66635,55.26400000000001,40.516350000000045
2022-05-26 06:00:00,23.25,89.5,327.3514,312.97592,54.201400000000035,39.825919999999996
2022-05-26 06:00:00,23.25,89.75,325.99643,310.95105,52.84643,37.80105000000003
2022-05-26 06:00:00,23.25,90.0,325.1642,309.69022,52.01420000000002,36.54022000000003
2022-05-26 06:00:00,23.0,85.5,327.85794,311.80804,54.70794000000001,38.65804000000003
2022-05-26 06:00:00,23.0,85.75,328.4028,312.8595,55.252800000000036,39.70950000000005
2022-05-26 06:00:00,23.0,86.0,328.4028,312.8595,55.252800000000036,39.70950000000005
2022-05-26 06:00:00,23.0,86.25,328.75082,313.0865,55.60082,39.936500000000024
2022-05-26 06:00:00,23.0,86.5,329.61493,313.4215,56.46493000000004,40.2715
2022-05-26 06:00:00,23.0,86.75,329.37,313.9026,56.22000000000003,40.75260000000003
2022-05-26 06:00:00,23.0,87.0,330.29456,314.415,57.14456000000001,41.26500000000004
2022-05-26 06:00:00,23.0,87.25,331.08997,314.62497,57.93997000000002,41.47497000000004
2022-05-26 06:00:00,23.0,87.5,331.664,314.7169,58.51400000000001,41.56690000000003
2022-05-26 06:00:00,23.0,87.75,331.50293,314.62686,58.352930000000015,41.476860000000045
2022-05-26 06:00:00,23.0,88.0,331.0233,314.3994,57.87330000000003,41.24940000000004
2022-05-26 06:00:00,23.0,88.25,331.0233,314.3994,57.87330000000003,41.24940000000004
2022-05-26 06:00:00,23.0,88.5,330.74454,314.21313,57.594539999999995,41.06313
2022-05-26 06:00:00,23.0,88.75,330.02692,314.01688,56.87692000000004,40.86688000000004
2022-05-26 06:00:00,23.0,89.0,329.1197,313.70172,55.969700000000046,40.551720000000046
2022-05-26 06:00:00,23.0,89.25,327.86636,313.10883,54.71636000000001,39.958830000000034
2022-05-26 06:00:00,23.0,89.5,326.0662,312.77295,52.9162,39.62295
2022-05-26 06:00:00,23.0,89.75,326.53668,312.64844,53.38668000000001,39.498440000000016
2022-05-26 06:00:00,23.0,90.0,324.7581,308.29825,51.608100000000036,35.14825000000002
2022-05-26 06:00:00,22.75,85.5,329.31015,312.73114,56.160150000000044,39.581140000000005
2022-05-26 06:00:00,22.75,85.75,330.79156,314.0213,57.64156000000003,40.87130000000002
2022-05-26 06:00:00,22.75,86.0,330.79156,314.0213,57.64156000000003,40.87130000000002
2022-05-26 06:00:00,22.75,86.25,329.91418,313.8771,56.76418000000001,40.72710000000001
2022-05-26 06:00:00,22.75,86.5,329.37192,313.91635,56.22192000000001,40.766350000000045
2022-05-26 06:00:00,22.75,86.75,331.17804,315.1026,58.02804000000003,41.95260000000002
2022-05-26 06:00:00,22.75,87.0,331.24615,315.05228,58.09615000000002,41.90228000000002
2022-05-26 06:00:00,22.75,87.25,331.45102,314.7445,58.30102000000005,41.59450000000004
2022-05-26 06:00:00,22.75,87.5,330.97263,314.40762,57.822630000000004,41.25762000000003
2022-05-26 06:00:00,22.75,87.75,330.9796,314.23334,57.82960000000003,41.08334000000002
2022-05-26 06:00:00,22.75,88.0,330.37408,314.01172,57.224080000000015,40.86172000000005
2022-05-26 06:00:00,22.75,88.25,330.37408,314.01172,57.224080000000015,40.86172000000005
2022-05-26 06:00:00,22.75,88.5,329.16458,313.65884,56.014580000000024,40.50884000000002
2022-05-26 06:00:00,22.75,88.75,327.68832,313.19772,54.53832,40.04772000000003
2022-05-26 06:00:00,22.75,89.0,325.53632,312.5658,52.38632000000001,39.41580000000005
2022-05-26 06:00:00,22.75,89.25,323.6648,311.72687,50.51480000000004,38.57687000000004
2022-05-26 06:00:00,22.75,89.5,324.2788,311.71585,51.12880000000001,38.56585000000001
2022-05-26 06:00:00,22.75,89.75,326.19693,312.52686,53.04693000000003,39.37686000000002
2022-05-26 06:00:00,22.75,90.0,325.76697,312.0,52.61697000000004,38.85000000000002
2022-05-26 06:00:00,22.5,85.5,329.31015,312.73114,56.160150000000044,39.581140000000005
2022-05-26 06:00:00,22.5,85.75,330.79156,314.0213,57.64156000000003,40.87130000000002
2022-05-26 06:00:00,22.5,86.0,330.79156,314.0213,57.64156000000003,40.87130000000002
2022-05-26 06:00:00,22.5,86.25,329.91418,313.8771,56.76418000000001,40.72710000000001
2022-05-26 06:00:00,22.5,86.5,329.37192,313.91635,56.22192000000001,40.766350000000045
2022-05-26 06:00:00,22.5,86.75,331.17804,315.1026,58.02804000000003,41.95260000000002
2022-05-26 06:00:00,22.5,87.0,331.24615,315.05228,58.09615000000002,41.90228000000002
2022-05-26 06:00:00,22.5,87.25,331.45102,314.7445,58.30102000000005,41.59450000000004
2022-05-26 06:00:00,22.5,87.5,330.97263,314.40762,57.822630000000004,41.25762000000003
2022-05-26 06:00:00,22.5,87.75,330.9796,314.23334,57.82960000000003,41.08334000000002
2022-05-26 06:00:00,22.5,88.0,330.37408,314.01172,57.224080000000015,40.86172000000005
2022-05-26 06:00:00,22.5,88.25,330.37408,314.01172,57.224080000000015,40.86172000000005
2022-05-26 06:00:00,22.5,88.5,329.16458,313.65884,56.014580000000024,40.50884000000002
2022-05-26 06:00:00,22.5,88.75,327.68832,313.19772,54.53832,40.04772000000003
2022-05-26 06:00:00,22.5,89.0,325.53632,312.5658,52.38632000000001,39.41580000000005
2022-05-26 06:00:00,22.5,89.25,323.6648,311.72687,50.51480000000004,38.57687000000004
2022-05-26 06:00:00,22.5,89.5,324.2788,311.71585,51.12880000000001,38.56585000000001
2022-05-26 06:00:00,22.5,89.75,326.19693,312.52686,53.04693000000003,39.37686000000002
2022-05-26 06:00:00,22.5,90.0,325.76697,312.0,52.61697000000004,38.85000000000002
2022-05-26 06:00:00,22.25,85.5,328.26245,311.6371,55.112450000000024,38.4871
2022-05-26 06:00:00,22.25,85.75,328.5422,312.43112,55.3922,39.281120000000044
2022-05-26 06:00:00,22.25,86.0,328.5422,312.43112,55.3922,39.281120000000044
2022-05-26 06:00:00,22.25,86.25,327.44568,312.624,54.295680000000004,39.474000000000046
2022-05-26 06:00:00,22.25,86.5,327.46405,313.5971,54.31405000000001,40.447100000000034
2022-05-26 06:00:00,22.25,86.75,329.8428,314.59695,56.692800000000034,41.446950000000015
2022-05-26 06:00:00,22.25,87.0,330.4476,314.39145,57.297600000000045,41.24145000000004
2022-05-26 06:00:00,22.25,87.25,330.87985,314.25607,57.72985,41.106070000000045
2022-05-26 06:00:00,22.25,87.5,330.84375,314.26822,57.69375000000002,41.11822000000001
2022-05-26 06:00:00,22.25,87.75,329.13394,313.5072,55.98394000000002,40.357200000000034
2022-05-26 06:00:00,22.25,88.0,329.2346,313.31186,56.08460000000002,40.16186000000005
2022-05-26 06:00:00,22.25,88.25,329.2346,313.31186,56.08460000000002,40.16186000000005
2022-05-26 06:00:00,22.25,88.5,329.57196,313.4603,56.42196000000001,40.31030000000004
2022-05-26 06:00:00,22.25,88.75,327.94803,313.0455,54.79803000000004,39.89550000000003
2022-05-26 06:00:00,22.25,89.0,325.48785,312.50797,52.33785,39.35797000000002
2022-05-26 06:00:00,22.25,89.25,323.98175,312.23752,50.83175,39.08752000000004
2022-05-26 06:00:00,22.25,89.5,323.98364,312.02695,50.83364,38.87695000000002
2022-05-26 06:00:00,22.25,89.75,325.09497,311.95844,51.94497000000001,38.80844000000002
2022-05-26 06:00:00,22.25,90.0,326.47433,311.97394,53.32433000000003,38.82394000000005
2022-05-26 06:00:00,22.0,85.5,327.2977,311.20105,54.14770000000004,38.05105000000003
2022-05-26 06:00:00,22.0,85.75,327.6419,311.25583,54.491900000000044,38.105830000000026
2022-05-26 06:00:00,22.0,86.0,327.6419,311.25583,54.491900000000044,38.105830000000026
2022-05-26 06:00:00,22.0,86.25,325.22586,309.73395,52.075860000000034,36.583950000000016
2022-05-26 06:00:00,22.0,86.5,325.8408,312.51498,52.690800000000024,39.36498
2022-05-26 06:00:00,22.0,86.75,329.44653,314.66565,56.29653000000002,41.51565000000005
2022-05-26 06:00:00,22.0,87.0,330.40744,313.9602,57.25744000000003,40.81020000000001
2022-05-26 06:00:00,22.0,87.25,331.0498,313.87033,57.89980000000003,40.72033000000005
2022-05-26 06:00:00,22.0,87.5,330.6198,313.7825,57.46980000000002,40.63250000000005
2022-05-26 06:00:00,22.0,87.75,329.29373,312.70425,56.143730000000005,39.554250000000025
2022-05-26 06:00:00,22.0,88.0,328.82556,312.4447,55.67556000000002,39.294700000000034
2022-05-26 06:00:00,22.0,88.25,328.82556,312.4447,55.67556000000002,39.294700000000034
2022-05-26 06:00:00,22.0,88.5,327.24203,311.98245,54.09203000000002,38.832449999999994
2022-05-26 06:00:00,22.0,88.75,325.46033,311.26306,52.31033000000002,38.11306000000002
2022-05-26 06:00:00,22.0,89.0,324.8026,311.37927,51.65260000000001,38.22927000000004
2022-05-26 06:00:00,22.0,89.25,324.12497,311.67538,50.97497000000004,38.52538000000004
2022-05-26 06:00:00,22.0,89.5,323.40295,311.2561,50.25295,38.106100000000026
2022-05-26 06:00:00,22.0,89.75,323.9031,310.77542,50.75310000000002,37.62542000000002
2022-05-26 06:00:00,22.0,90.0,325.18262,310.74948,52.03262000000001,37.59948000000003
2022-05-26 06:00:00,21.75,85.5,328.17188,311.1092,55.02188000000001,37.95920000000001
2022-05-26 06:00:00,21.75,85.75,329.18008,311.32037,56.03008,38.17037000000005
2022-05-26 06:00:00,21.75,86.0,329.18008,311.32037,56.03008,38.17037000000005
2022-05-26 06:00:00,21.75,86.25,322.93594,307.5948,49.78594000000004,34.44480000000004
2022-05-26 06:00:00,21.75,86.5,323.97076,310.13525,50.82076000000001,36.98525000000001
2022-05-26 06:00:00,21.75,86.75,330.00436,313.97403,56.85436000000004,40.82403000000005
2022-05-26 06:00:00,21.75,87.0,330.49503,313.13232,57.34503000000001,39.982320000000016
2022-05-26 06:00:00,21.75,87.25,330.76587,313.00308,57.61587000000003,39.853080000000034
2022-05-26 06:00:00,21.75,87.5,329.44412,312.1706,56.29412000000002,39.0206
2022-05-26 06:00:00,21.75,87.75,322.07028,308.582,48.92028000000005,35.432000000000016
2022-05-26 06:00:00,21.75,88.0,323.49442,308.9806,50.344420000000014,35.830600000000004
2022-05-26 06:00:00,21.75,88.25,323.49442,308.9806,50.344420000000014,35.830600000000004
2022-05-26 06:00:00,21.75,88.5,321.8846,308.25992,48.7346,35.109920000000045
2022-05-26 06:00:00,21.75,88.75,321.0907,308.11462,47.94070000000005,34.964620000000025
2022-05-26 06:00:00,21.75,89.0,326.3534,310.74728,53.203400000000045,37.59728000000001
2022-05-26 06:00:00,21.75,89.25,324.95218,310.2612,51.80218000000002,37.1112
2022-05-26 06:00:00,21.75,89.5,319.09723,307.1361,45.94723000000005,33.98610000000002
2022-05-26 06:00:00,21.75,89.75,319.511,306.4066,46.36100000000005,33.25660000000005
2022-05-26 06:00:00,21.75,90.0,319.5825,306.22464,46.432500000000005,33.074640000000045
2022-05-26 06:00:00,21.5,85.5,327.5847,310.42087,54.43470000000002,37.27087
2022-05-26 06:00:00,21.5,85.75,329.11887,312.25394,55.96887000000004,39.10394000000002
2022-05-26 06:00:00,21.5,86.0,329.11887,312.25394,55.96887000000004,39.10394000000002
2022-05-26 06:00:00,21.5,86.25,328.02905,311.0795,54.87905000000001,37.92950000000002
2022-05-26 06:00:00,21.5,86.5,328.31705,311.98227,55.16705000000002,38.83227000000005
2022-05-26 06:00:00,21.5,86.75,330.4758,313.8164,57.325800000000015,40.66640000000001
2022-05-26 06:00:00,21.5,87.0,320.43195,308.2065,47.281949999999995,35.05650000000003
2022-05-26 06:00:00,21.5,87.25,317.86,305.90286,44.710000000000036,32.75286
2022-05-26 06:00:00,21.5,87.5,317.63733,305.49008,44.48733000000004,32.34008
2022-05-26 06:00:00,21.5,87.75,317.49582,304.9153,44.34582,31.765300000000025
2022-05-26 06:00:00,21.5,88.0,317.38452,305.15247,44.23452000000003,32.00247000000002
2022-05-26 06:00:00,21.5,88.25,317.38452,305.15247,44.23452000000003,32.00247000000002
2022-05-26 06:00:00,21.5,88.5,317.38632,305.35828,44.236320000000035,32.20828
2022-05-26 06:00:00,21.5,88.75,317.57224,305.4787,44.422240000000045,32.328700000000026
2022-05-26 06:00:00,21.5,89.0,317.95242,305.88864,44.80242000000004,32.73864000000003
2022-05-26 06:00:00,21.5,89.25,318.6663,306.07834,45.5163,32.92834000000005
2022-05-26 06:00:00,21.5,89.5,319.65823,306.04483,46.508230000000026,32.89483000000001
2022-05-26 06:00:00,21.5,89.75,320.39792,306.13144,47.24792000000002,32.98144000000002
2022-05-26 06:00:00,21.5,90.0,320.40927,306.2259,47.259270000000015,33.07590000000005
2022-05-26 06:00:00,21.25,85.5,327.76016,311.17242,54.61016000000001,38.02242000000001
2022-05-26 06:00:00,21.25,85.75,329.5389,313.05185,56.388900000000035,39.901850000000024
2022-05-26 06:00:00,21.25,86.0,329.5389,313.05185,56.388900000000035,39.901850000000024
2022-05-26 06:00:00,21.25,86.25,330.06027,313.78015,56.910270000000025,40.630150000000015
2022-05-26 06:00:00,21.25,86.5,331.6321,314.5036,58.4821,41.35360000000003
2022-05-26 06:00:00,21.25,86.75,326.6563,312.5978,53.50630000000001,39.44780000000003
2022-05-26 06:00:00,21.25,87.0,319.49274,307.9515,46.34274000000005,34.80150000000003
2022-05-26 06:00:00,21.25,87.25,317.75372,305.9164,44.60372000000001,32.76640000000003
2022-05-26 06:00:00,21.25,87.5,317.42163,305.48538,44.271630000000016,32.33538000000004
2022-05-26 06:00:00,21.25,87.75,317.3085,305.40787,44.158500000000004,32.257870000000025
2022-05-26 06:00:00,21.25,88.0,317.3399,305.4352,44.18990000000002,32.28520000000003
2022-05-26 06:00:00,21.25,88.25,317.3399,305.4352,44.18990000000002,32.28520000000003
2022-05-26 06:00:00,21.25,88.5,317.41913,305.49747,44.26913000000002,32.347470000000044
2022-05-26 06:00:00,21.25,88.75,317.8511,305.7435,44.7011,32.593500000000006
2022-05-26 06:00:00,21.25,89.0,318.61032,305.92194,45.460320000000024,32.77194000000003
2022-05-26 06:00:00,21.25,89.25,319.4493,305.96426,46.29930000000002,32.81426000000005
2022-05-26 06:00:00,21.25,89.5,320.36023,306.15442,47.210230000000024,33.00442000000004
2022-05-26 06:00:00,21.25,89.75,321.03094,306.26688,47.88094000000001,33.11688000000004
2022-05-26 06:00:00,21.25,90.0,320.8144,306.21436,47.6644,33.06436000000002
2022-05-26 06:00:00,21.0,85.5,330.33475,313.99304,57.18475000000001,40.84304000000003
2022-05-26 06:00:00,21.0,85.75,331.12305,314.67477,57.97305,41.524770000000046
2022-05-26 06:00:00,21.0,86.0,331.12305,314.67477,57.97305,41.524770000000046
2022-05-26 06:00:00,21.0,86.25,332.3037,315.04663,59.153700000000015,41.896630000000016
2022-05-26 06:00:00,21.0,86.5,331.61472,314.91553,58.46472,41.76553000000001
2022-05-26 06:00:00,21.0,86.75,332.61383,314.8025,59.46383000000003,41.65250000000003
2022-05-26 06:00:00,21.0,87.0,320.93744,308.8476,47.787440000000004,35.69760000000002
2022-05-26 06:00:00,21.0,87.25,317.77917,306.09402,44.629170000000045,32.94402000000002
2022-05-26 06:00:00,21.0,87.5,317.5102,305.33612,44.36020000000002,32.18612000000002
2022-05-26 06:00:00,21.0,87.75,317.4103,305.24146,44.26030000000003,32.09146000000004
2022-05-26 06:00:00,21.0,88.0,317.37515,305.3287,44.22515000000004,32.17870000000005
2022-05-26 06:00:00,21.0,88.25,317.37515,305.3287,44.22515000000004,32.17870000000005
2022-05-26 06:00:00,21.0,88.5,317.4875,305.44922,44.337500000000034,32.29922000000005
2022-05-26 06:00:00,21.0,88.75,318.23465,305.7701,45.08465000000001,32.620100000000036
2022-05-26 06:00:00,21.0,89.0,319.523,306.24213,46.37300000000005,33.09213
2022-05-26 06:00:00,21.0,89.25,320.64807,306.46338,47.49807000000004,33.313379999999995
2022-05-26 06:00:00,21.0,89.5,321.3395,306.27655,48.18950000000001,33.12655000000001
2022-05-26 06:00:00,21.0,89.75,321.56845,306.0002,48.41845000000001,32.85020000000003
2022-05-26 06:00:00,21.0,90.0,320.84537,305.8073,47.695370000000025,32.65730000000002
2022-05-26 07:00:00,27.5,85.5,323.64328,304.5856,50.49328000000003,31.435600000000022
2022-05-26 07:00:00,27.5,85.75,322.596,305.33505,49.446000000000026,32.18505000000005
2022-05-26 07:00:00,27.5,86.0,322.596,305.33505,49.446000000000026,32.18505000000005
2022-05-26 07:00:00,27.5,86.25,320.55093,303.3369,47.40093000000002,30.186900000000037
2022-05-26 07:00:00,27.5,86.5,316.47882,300.41907,43.32882000000001,27.26907
2022-05-26 07:00:00,27.5,86.75,313.13568,298.79538,39.98568,25.645380000000046
2022-05-26 07:00:00,27.5,87.0,311.53625,297.30984,38.38625000000002,24.15984000000003
2022-05-26 07:00:00,27.5,87.25,313.2493,298.7273,40.09930000000003,25.577300000000037
2022-05-26 07:00:00,27.5,87.5,314.76385,299.52945,41.61385000000001,26.37945000000002
2022-05-26 07:00:00,27.5,87.75,314.98917,297.83255,41.839170000000024,24.68255000000005
2022-05-26 07:00:00,27.5,88.0,316.076,297.14087,42.926000000000045,23.99087000000003
2022-05-26 07:00:00,27.5,88.25,316.076,297.14087,42.926000000000045,23.99087000000003
2022-05-26 07:00:00,27.5,88.5,317.41336,298.56387,44.263360000000034,25.41387000000003
2022-05-26 07:00:00,27.5,88.75,315.84732,296.99957,42.69732000000005,23.84957000000003
2022-05-26 07:00:00,27.5,89.0,311.4833,291.14996,38.33330000000001,17.999960000000044
2022-05-26 07:00:00,27.5,89.25,308.65732,289.6172,35.50732000000005,16.467200000000048
2022-05-26 07:00:00,27.5,89.5,310.73685,291.33606,37.58685000000003,18.186059999999998
2022-05-26 07:00:00,27.5,89.75,312.55356,294.95663,39.40356000000003,21.80663000000004
2022-05-26 07:00:00,27.5,90.0,315.9881,298.26636,42.8381,25.116360000000043
2022-05-26 07:00:00,27.25,85.5,326.85376,310.70035,53.703760000000045,37.55035000000004
2022-05-26 07:00:00,27.25,85.75,325.88812,309.78992,52.73812000000004,36.63992000000002
2022-05-26 07:00:00,27.25,86.0,325.88812,309.78992,52.73812000000004,36.63992000000002
2022-05-26 07:00:00,27.25,86.25,323.21494,306.96643,50.064940000000036,33.816430000000025
2022-05-26 07:00:00,27.25,86.5,319.91245,304.8141,46.76245,31.66410000000002
2022-05-26 07:00:00,27.25,86.75,318.43402,303.99188,45.28402,30.841880000000003
2022-05-26 07:00:00,27.25,87.0,316.04947,300.99185,42.89947000000001,27.841850000000022
2022-05-26 07:00:00,27.25,87.25,317.37286,301.57516,44.222860000000026,28.425160000000005
2022-05-26 07:00:00,27.25,87.5,320.2078,303.14417,47.05780000000004,29.994169999999997
2022-05-26 07:00:00,27.25,87.75,320.25208,301.2254,47.10208,28.075400000000002
2022-05-26 07:00:00,27.25,88.0,320.2028,301.2833,47.05280000000005,28.13330000000002
2022-05-26 07:00:00,27.25,88.25,320.2028,301.2833,47.05280000000005,28.13330000000002
2022-05-26 07:00:00,27.25,88.5,321.43494,304.58606,48.284940000000006,31.436059999999998
2022-05-26 07:00:00,27.25,88.75,319.6599,303.3825,46.509900000000016,30.232500000000016
2022-05-26 07:00:00,27.25,89.0,315.37326,299.0451,42.22326000000004,25.895100000000014
2022-05-26 07:00:00,27.25,89.25,312.48148,296.96567,39.33148,23.81567000000001
2022-05-26 07:00:00,27.25,89.5,310.1143,294.59848,36.96430000000004,21.448480000000018
2022-05-26 07:00:00,27.25,89.75,309.67853,295.14777,36.528530000000046,21.997770000000003
2022-05-26 07:00:00,27.25,90.0,312.46872,297.14142,39.31872000000004,23.991420000000005
2022-05-26 07:00:00,27.0,85.5,326.85376,310.70035,53.703760000000045,37.55035000000004
2022-05-26 07:00:00,27.0,85.75,325.88812,309.78992,52.73812000000004,36.63992000000002
2022-05-26 07:00:00,27.0,86.0,325.88812,309.78992,52.73812000000004,36.63992000000002
2022-05-26 07:00:00,27.0,86.25,323.21494,306.96643,50.064940000000036,33.816430000000025
2022-05-26 07:00:00,27.0,86.5,319.91245,304.8141,46.76245,31.66410000000002
2022-05-26 07:00:00,27.0,86.75,318.43402,303.99188,45.28402,30.841880000000003
2022-05-26 07:00:00,27.0,87.0,316.04947,300.99185,42.89947000000001,27.841850000000022
2022-05-26 07:00:00,27.0,87.25,317.37286,301.57516,44.222860000000026,28.425160000000005
2022-05-26 07:00:00,27.0,87.5,320.2078,303.14417,47.05780000000004,29.994169999999997
2022-05-26 07:00:00,27.0,87.75,320.25208,301.2254,47.10208,28.075400000000002
2022-05-26 07:00:00,27.0,88.0,320.2028,301.2833,47.05280000000005,28.13330000000002
2022-05-26 07:00:00,27.0,88.25,320.2028,301.2833,47.05280000000005,28.13330000000002
2022-05-26 07:00:00,27.0,88.5,321.43494,304.58606,48.284940000000006,31.436059999999998
2022-05-26 07:00:00,27.0,88.75,319.6599,303.3825,46.509900000000016,30.232500000000016
2022-05-26 07:00:00,27.0,89.0,315.37326,299.0451,42.22326000000004,25.895100000000014
2022-05-26 07:00:00,27.0,89.25,312.48148,296.96567,39.33148,23.81567000000001
2022-05-26 07:00:00,27.0,89.5,310.1143,294.59848,36.96430000000004,21.448480000000018
2022-05-26 07:00:00,27.0,89.75,309.67853,295.14777,36.528530000000046,21.997770000000003
2022-05-26 07:00:00,27.0,90.0,312.46872,297.14142,39.31872000000004,23.991420000000005
2022-05-26 07:00:00,26.75,85.5,328.8732,312.8059,55.72320000000002,39.65590000000003
2022-05-26 07:00:00,26.75,85.75,329.05502,312.49268,55.905020000000036,39.34268000000003
2022-05-26 07:00:00,26.75,86.0,329.05502,312.49268,55.905020000000036,39.34268000000003
2022-05-26 07:00:00,26.75,86.25,329.16507,311.6227,56.01507000000004,38.47270000000003
2022-05-26 07:00:00,26.75,86.5,327.2517,310.06586,54.10170000000005,36.91586000000001
2022-05-26 07:00:00,26.75,86.75,324.1852,309.04184,51.03520000000003,35.89184
2022-05-26 07:00:00,26.75,87.0,320.3199,306.49167,47.16990000000004,33.34167000000002
2022-05-26 07:00:00,26.75,87.25,320.42215,304.8098,47.27215000000001,31.65980000000002
2022-05-26 07:00:00,26.75,87.5,322.42682,305.3107,49.27682000000004,32.16070000000002
2022-05-26 07:00:00,26.75,87.75,322.55746,304.7523,49.407460000000015,31.602300000000014
2022-05-26 07:00:00,26.75,88.0,322.51706,303.955,49.36706000000004,30.805000000000007
2022-05-26 07:00:00,26.75,88.25,322.51706,303.955,49.36706000000004,30.805000000000007
2022-05-26 07:00:00,26.75,88.5,324.18698,306.2632,51.03698000000003,33.113200000000006
2022-05-26 07:00:00,26.75,88.75,325.15836,309.28848,52.00836000000004,36.138480000000015
2022-05-26 07:00:00,26.75,89.0,323.89465,309.27896,50.744650000000036,36.128960000000006
2022-05-26 07:00:00,26.75,89.25,321.37683,307.55673,48.22683000000001,34.40673000000004
2022-05-26 07:00:00,26.75,89.5,317.86526,303.54218,44.71526,30.392179999999996
2022-05-26 07:00:00,26.75,89.75,314.66785,301.1914,41.51785000000001,28.04140000000001
2022-05-26 07:00:00,26.75,90.0,316.3402,303.6573,43.190200000000004,30.507300000000043
2022-05-26 07:00:00,26.5,85.5,331.19257,313.18307,58.04257000000001,40.03307000000001
2022-05-26 07:00:00,26.5,85.75,329.4747,312.48804,56.32470000000001,39.338040000000035
2022-05-26 07:00:00,26.5,86.0,329.4747,312.48804,56.32470000000001,39.338040000000035
2022-05-26 07:00:00,26.5,86.25,329.24573,312.6991,56.09573,39.54910000000001
2022-05-26 07:00:00,26.5,86.5,329.27695,311.86386,56.12695000000002,38.71386000000001
2022-05-26 07:00:00,26.5,86.75,328.00735,311.5631,54.85735,38.41310000000004
2022-05-26 07:00:00,26.5,87.0,326.5295,311.8723,53.37950000000001,38.72230000000002
2022-05-26 07:00:00,26.5,87.25,326.68246,310.988,53.532460000000015,37.83800000000002
2022-05-26 07:00:00,26.5,87.5,326.92792,310.45154,53.777919999999995,37.301540000000045
2022-05-26 07:00:00,26.5,87.75,327.07864,310.6226,53.92864000000003,37.4726
2022-05-26 07:00:00,26.5,88.0,327.4602,310.00922,54.31020000000001,36.85922000000005
2022-05-26 07:00:00,26.5,88.25,327.4602,310.00922,54.31020000000001,36.85922000000005
2022-05-26 07:00:00,26.5,88.5,327.6135,309.52316,54.46350000000001,36.37316000000004
2022-05-26 07:00:00,26.5,88.75,326.98334,310.0884,53.83334000000002,36.9384
2022-05-26 07:00:00,26.5,89.0,325.4795,309.7103,52.329499999999996,36.56030000000004
2022-05-26 07:00:00,26.5,89.25,324.7829,309.51123,51.63290000000001,36.361230000000035
2022-05-26 07:00:00,26.5,89.5,323.62317,308.8028,50.47317000000004,35.65280000000001
2022-05-26 07:00:00,26.5,89.75,322.44098,307.46295,49.29098000000005,34.31295
2022-05-26 07:00:00,26.5,90.0,322.46503,307.61823,49.315030000000036,34.468230000000005
2022-05-26 07:00:00,26.25,85.5,331.3589,313.2372,58.20890000000003,40.087199999999996
2022-05-26 07:00:00,26.25,85.75,331.2318,313.2277,58.081800000000044,40.07770000000005
2022-05-26 07:00:00,26.25,86.0,331.2318,313.2277,58.081800000000044,40.07770000000005
2022-05-26 07:00:00,26.25,86.25,330.83667,313.39856,57.68667000000005,40.24856
2022-05-26 07:00:00,26.25,86.5,329.3911,313.14124,56.24110000000002,39.991240000000005
2022-05-26 07:00:00,26.25,86.75,327.63226,312.0519,54.48226,38.90190000000001
2022-05-26 07:00:00,26.25,87.0,327.25482,311.83594,54.10482000000002,38.685940000000016
2022-05-26 07:00:00,26.25,87.25,327.22272,311.66147,54.072720000000004,38.51147000000003
2022-05-26 07:00:00,26.25,87.5,327.14407,310.98508,53.99407000000002,37.835080000000005
2022-05-26 07:00:00,26.25,87.75,327.38452,310.5296,54.23452000000003,37.37960000000004
2022-05-26 07:00:00,26.25,88.0,327.93686,310.6087,54.78686000000005,37.45870000000002
2022-05-26 07:00:00,26.25,88.25,327.93686,310.6087,54.78686000000005,37.45870000000002
2022-05-26 07:00:00,26.25,88.5,328.47302,310.80515,55.32302000000004,37.65515000000005
2022-05-26 07:00:00,26.25,88.75,328.2688,310.5152,55.11880000000002,37.365200000000016
2022-05-26 07:00:00,26.25,89.0,327.23163,309.6449,54.08163000000002,36.49490000000003
2022-05-26 07:00:00,26.25,89.25,327.1179,309.53067,53.96790000000004,36.38067000000001
2022-05-26 07:00:00,26.25,89.5,326.18378,309.80246,53.033780000000036,36.65246000000002
2022-05-26 07:00:00,26.25,89.75,325.27887,309.54758,52.128870000000006,36.397580000000005
2022-05-26 07:00:00,26.25,90.0,325.87173,309.40802,52.721730000000036,36.258020000000045
2022-05-26 07:00:00,26.0,85.5,331.99695,313.7198,58.84695000000005,40.56980000000004
2022-05-26 07:00:00,26.0,85.75,331.74335,314.1892,58.593350000000044,41.03920000000005
2022-05-26 07:00:00,26.0,86.0,331.74335,314.1892,58.593350000000044,41.03920000000005
2022-05-26 07:00:00,26.0,86.25,331.7488,314.01343,58.59880000000004,40.86343000000005
2022-05-26 07:00:00,26.0,86.5,330.0418,313.78217,56.891800000000046,40.63217000000003
2022-05-26 07:00:00,26.0,86.75,330.00272,313.5938,56.85272000000003,40.44380000000001
2022-05-26 07:00:00,26.0,87.0,328.5296,312.56277,55.37960000000004,39.41277000000002
2022-05-26 07:00:00,26.0,87.25,327.6965,311.83167,54.54650000000004,38.68167
2022-05-26 07:00:00,26.0,87.5,327.52432,311.5658,54.37432000000001,38.41580000000005
2022-05-26 07:00:00,26.0,87.75,327.4976,311.38882,54.3476,38.23882000000003
2022-05-26 07:00:00,26.0,88.0,327.63165,311.0852,54.48165,37.93520000000001
2022-05-26 07:00:00,26.0,88.25,327.63165,311.0852,54.48165,37.93520000000001
2022-05-26 07:00:00,26.0,88.5,327.9605,310.72098,54.81050000000005,37.57098000000002
2022-05-26 07:00:00,26.0,88.75,328.5478,310.8414,55.39780000000002,37.691400000000044
2022-05-26 07:00:00,26.0,89.0,328.661,311.34213,55.511000000000024,38.19213000000002
2022-05-26 07:00:00,26.0,89.25,327.68262,310.87994,54.53262000000001,37.72994
2022-05-26 07:00:00,26.0,89.5,327.58612,310.70612,54.43612000000002,37.55612000000002
2022-05-26 07:00:00,26.0,89.75,325.4133,309.5588,52.263300000000015,36.40880000000004
2022-05-26 07:00:00,26.0,90.0,323.40588,308.6233,50.25588000000005,35.473299999999995
2022-05-26 07:00:00,25.75,85.5,331.10083,313.88147,57.950829999999996,40.73147
2022-05-26 07:00:00,25.75,85.75,331.8308,313.79205,58.68080000000003,40.64205000000004
2022-05-26 07:00:00,25.75,86.0,331.8308,313.79205,58.68080000000003,40.64205000000004
2022-05-26 07:00:00,25.75,86.25,331.96265,313.87903,58.81265000000002,40.72903000000002
2022-05-26 07:00:00,25.75,86.5,331.0694,313.37192,57.919399999999996,40.22192000000001
2022-05-26 07:00:00,25.75,86.75,330.147,313.16928,56.997000000000014,40.01928000000004
2022-05-26 07:00:00,25.75,87.0,328.3954,312.7787,55.24540000000002,39.62870000000004
2022-05-26 07:00:00,25.75,87.25,327.4511,312.28976,54.30110000000002,39.139760000000024
2022-05-26 07:00:00,25.75,87.5,327.35834,311.94235,54.20834000000002,38.79235
2022-05-26 07:00:00,25.75,87.75,327.3607,311.69965,54.21070000000003,38.54965000000004
2022-05-26 07:00:00,25.75,88.0,327.51385,311.59906,54.36385000000001,38.44906000000003
2022-05-26 07:00:00,25.75,88.25,327.51385,311.59906,54.36385000000001,38.44906000000003
2022-05-26 07:00:00,25.75,88.5,327.72797,311.59464,54.57797000000005,38.44464000000005
2022-05-26 07:00:00,25.75,88.75,327.64963,311.63666,54.499630000000025,38.48666000000003
2022-05-26 07:00:00,25.75,89.0,327.8538,311.76044,54.7038,38.61044000000004
2022-05-26 07:00:00,25.75,89.25,328.36792,311.3726,55.21792000000005,38.2226
2022-05-26 07:00:00,25.75,89.5,327.27936,310.7196,54.12936000000002,37.56960000000004
2022-05-26 07:00:00,25.75,89.75,324.7151,309.31686,51.56510000000003,36.16686000000004
2022-05-26 07:00:00,25.75,90.0,324.59296,308.1747,51.44296000000003,35.024699999999996
2022-05-26 07:00:00,25.5,85.5,331.29108,313.9948,58.141080000000045,40.84480000000002
2022-05-26 07:00:00,25.5,85.75,331.12698,313.68356,57.976980000000026,40.53356000000002
2022-05-26 07:00:00,25.5,86.0,331.12698,313.68356,57.976980000000026,40.53356000000002
2022-05-26 07:00:00,25.5,86.25,332.069,314.1976,58.91900000000004,41.047600000000045
2022-05-26 07:00:00,25.5,86.5,331.68112,314.29453,58.531120000000044,41.14453000000003
2022-05-26 07:00:00,25.5,86.75,330.73056,313.74756,57.58056000000005,40.597560000000044
2022-05-26 07:00:00,25.5,87.0,329.47388,313.10712,56.32388000000003,39.95712000000003
2022-05-26 07:00:00,25.5,87.25,328.20038,312.4697,55.05038000000002,39.31970000000001
2022-05-26 07:00:00,25.5,87.5,327.15448,312.09818,54.00448,38.948180000000036
2022-05-26 07:00:00,25.5,87.75,327.17102,311.8948,54.02102000000002,38.7448
2022-05-26 07:00:00,25.5,88.0,327.61462,311.79242,54.464620000000025,38.642420000000016
2022-05-26 07:00:00,25.5,88.25,327.61462,311.79242,54.464620000000025,38.642420000000016
2022-05-26 07:00:00,25.5,88.5,328.01608,311.96793,54.86608000000001,38.81793000000005
2022-05-26 07:00:00,25.5,88.75,328.6136,312.28885,55.46360000000004,39.13885000000005
2022-05-26 07:00:00,25.5,89.0,328.32718,312.32062,55.17718000000002,39.17062000000004
2022-05-26 07:00:00,25.5,89.25,327.78345,311.94107,54.63345000000004,38.79107000000005
2022-05-26 07:00:00,25.5,89.5,326.79053,311.362,53.64053000000001,38.212000000000046
2022-05-26 07:00:00,25.5,89.75,324.69275,310.5502,51.54275000000001,37.40020000000004
2022-05-26 07:00:00,25.5,90.0,325.84094,310.07895,52.69094000000001,36.92895000000004
2022-05-26 07:00:00,25.25,85.5,333.47464,314.53806,60.324640000000045,41.388059999999996
2022-05-26 07:00:00,25.25,85.75,333.94626,314.7684,60.79626000000002,41.61840000000001
2022-05-26 07:00:00,25.25,86.0,333.94626,314.7684,60.79626000000002,41.61840000000001
2022-05-26 07:00:00,25.25,86.25,332.67236,313.90204,59.52236000000005,40.75204000000002
2022-05-26 07:00:00,25.25,86.5,330.36807,313.46194,57.21807000000001,40.31194000000005
2022-05-26 07:00:00,25.25,86.75,329.51068,313.32056,56.36068,40.17056000000002
2022-05-26 07:00:00,25.25,87.0,329.90552,313.51047,56.75552000000005,40.36047000000002
2022-05-26 07:00:00,25.25,87.25,330.3867,313.40106,57.23670000000004,40.251059999999995
2022-05-26 07:00:00,25.25,87.5,328.8718,312.91376,55.72180000000003,39.76376000000005
2022-05-26 07:00:00,25.25,87.75,326.85294,312.23087,53.70294000000001,39.080870000000004
2022-05-26 07:00:00,25.25,88.0,326.67685,311.75766,53.526850000000024,38.60766000000001
2022-05-26 07:00:00,25.25,88.25,326.67685,311.75766,53.526850000000024,38.60766000000001
2022-05-26 07:00:00,25.25,88.5,327.44714,311.96075,54.29714000000001,38.81075000000004
2022-05-26 07:00:00,25.25,88.75,327.53748,312.46967,54.38748000000004,39.31967000000003
2022-05-26 07:00:00,25.25,89.0,327.31976,312.32626,54.16976,39.17626000000001
2022-05-26 07:00:00,25.25,89.25,326.7489,311.70428,53.598900000000015,38.554280000000006
2022-05-26 07:00:00,25.25,89.5,326.50046,311.26105,53.35046,38.111050000000034
2022-05-26 07:00:00,25.25,89.75,325.39407,311.25192,52.24407000000002,38.10192000000001
2022-05-26 07:00:00,25.25,90.0,326.40753,311.88705,53.25753000000003,38.73705000000001
2022-05-26 07:00:00,25.0,85.5,332.69672,313.65564,59.54672000000005,40.50564000000003
2022-05-26 07:00:00,25.0,85.75,332.0685,314.01233,58.918499999999995,40.86233000000004
2022-05-26 07:00:00,25.0,86.0,332.0685,314.01233,58.918499999999995,40.86233000000004
2022-05-26 07:00:00,25.0,86.25,331.55582,313.6663,58.405820000000006,40.5163
2022-05-26 07:00:00,25.0,86.5,331.16522,313.34177,58.01522,40.19177000000002
2022-05-26 07:00:00,25.0,86.75,329.76248,312.8774,56.612480000000005,39.727400000000046
2022-05-26 07:00:00,25.0,87.0,330.12552,313.0418,56.97552000000002,39.891800000000046
2022-05-26 07:00:00,25.0,87.25,331.01828,313.3347,57.86828000000003,40.18470000000002
2022-05-26 07:00:00,25.0,87.5,329.82043,313.18872,56.67043000000001,40.03872000000001
2022-05-26 07:00:00,25.0,87.75,327.76367,312.75534,54.61367000000001,39.60534000000001
2022-05-26 07:00:00,25.0,88.0,326.79105,312.42603,53.64105000000001,39.27603000000005
2022-05-26 07:00:00,25.0,88.25,326.79105,312.42603,53.64105000000001,39.27603000000005
2022-05-26 07:00:00,25.0,88.5,327.2932,312.5574,54.143200000000036,39.407399999999996
2022-05-26 07:00:00,25.0,88.75,327.84583,312.81622,54.69583,39.66622000000001
2022-05-26 07:00:00,25.0,89.0,326.69406,312.3618,53.54406,39.21180000000004
2022-05-26 07:00:00,25.0,89.25,326.4927,311.9202,53.342700000000036,38.770200000000045
2022-05-26 07:00:00,25.0,89.5,326.6063,311.94553,53.4563,38.79553000000004
2022-05-26 07:00:00,25.0,89.75,325.76703,311.78925,52.61703,38.639250000000004
2022-05-26 07:00:00,25.0,90.0,328.34152,312.55093,55.191520000000025,39.40093000000002
2022-05-26 07:00:00,24.75,85.5,332.69672,313.65564,59.54672000000005,40.50564000000003
2022-05-26 07:00:00,24.75,85.75,332.0685,314.01233,58.918499999999995,40.86233000000004
2022-05-26 07:00:00,24.75,86.0,332.0685,314.01233,58.918499999999995,40.86233000000004
2022-05-26 07:00:00,24.75,86.25,331.55582,313.6663,58.405820000000006,40.5163
2022-05-26 07:00:00,24.75,86.5,331.16522,313.34177,58.01522,40.19177000000002
2022-05-26 07:00:00,24.75,86.75,329.76248,312.8774,56.612480000000005,39.727400000000046
2022-05-26 07:00:00,24.75,87.0,330.12552,313.0418,56.97552000000002,39.891800000000046
2022-05-26 07:00:00,24.75,87.25,331.01828,313.3347,57.86828000000003,40.18470000000002
2022-05-26 07:00:00,24.75,87.5,329.82043,313.18872,56.67043000000001,40.03872000000001
2022-05-26 07:00:00,24.75,87.75,327.76367,312.75534,54.61367000000001,39.60534000000001
2022-05-26 07:00:00,24.75,88.0,326.79105,312.42603,53.64105000000001,39.27603000000005
2022-05-26 07:00:00,24.75,88.25,326.79105,312.42603,53.64105000000001,39.27603000000005
2022-05-26 07:00:00,24.75,88.5,327.2932,312.5574,54.143200000000036,39.407399999999996
2022-05-26 07:00:00,24.75,88.75,327.84583,312.81622,54.69583,39.66622000000001
2022-05-26 07:00:00,24.75,89.0,326.69406,312.3618,53.54406,39.21180000000004
2022-05-26 07:00:00,24.75,89.25,326.4927,311.9202,53.342700000000036,38.770200000000045
2022-05-26 07:00:00,24.75,89.5,326.6063,311.94553,53.4563,38.79553000000004
2022-05-26 07:00:00,24.75,89.75,325.76703,311.78925,52.61703,38.639250000000004
2022-05-26 07:00:00,24.75,90.0,328.34152,312.55093,55.191520000000025,39.40093000000002
2022-05-26 07:00:00,24.5,85.5,329.1496,312.40668,55.999600000000044,39.25668000000002
2022-05-26 07:00:00,24.5,85.75,330.6553,312.76553,57.505300000000034,39.615530000000035
2022-05-26 07:00:00,24.5,86.0,330.6553,312.76553,57.505300000000034,39.615530000000035
2022-05-26 07:00:00,24.5,86.25,329.46982,312.08853,56.31982000000005,38.938530000000014
2022-05-26 07:00:00,24.5,86.5,330.1375,312.56998,56.98750000000001,39.41998000000001
2022-05-26 07:00:00,24.5,86.75,330.70114,313.11658,57.55114000000003,39.96658000000002
2022-05-26 07:00:00,24.5,87.0,330.79507,313.25705,57.64507000000003,40.107050000000015
2022-05-26 07:00:00,24.5,87.25,330.31085,313.14166,57.16085000000004,39.991660000000024
2022-05-26 07:00:00,24.5,87.5,329.2794,313.27594,56.12940000000003,40.125940000000014
2022-05-26 07:00:00,24.5,87.75,328.9277,313.69696,55.77770000000004,40.54696000000001
2022-05-26 07:00:00,24.5,88.0,328.57037,313.775,55.42037000000005,40.625
2022-05-26 07:00:00,24.5,88.25,328.57037,313.775,55.42037000000005,40.625
2022-05-26 07:00:00,24.5,88.5,327.9194,313.37427,54.76940000000002,40.22427000000005
2022-05-26 07:00:00,24.5,88.75,327.69473,312.77646,54.544730000000015,39.62646000000001
2022-05-26 07:00:00,24.5,89.0,326.70874,311.92682,53.55874,38.77682000000004
2022-05-26 07:00:00,24.5,89.25,326.3947,311.60724,53.24470000000002,38.45724000000001
2022-05-26 07:00:00,24.5,89.5,326.23416,311.92032,53.08416,38.77032000000003
2022-05-26 07:00:00,24.5,89.75,325.07205,311.4583,51.92205000000001,38.30830000000003
2022-05-26 07:00:00,24.5,90.0,327.35165,311.81738,54.20165000000003,38.66738000000004
2022-05-26 07:00:00,24.25,85.5,326.78085,310.3858,53.63085000000001,37.23580000000004
2022-05-26 07:00:00,24.25,85.75,329.63098,311.95767,56.480980000000045,38.80767000000003
2022-05-26 07:00:00,24.25,86.0,329.63098,311.95767,56.480980000000045,38.80767000000003
2022-05-26 07:00:00,24.25,86.25,330.47006,312.51315,57.32006000000001,39.36315000000002
2022-05-26 07:00:00,24.25,86.5,331.05692,312.9001,57.906920000000014,39.75010000000003
2022-05-26 07:00:00,24.25,86.75,330.96765,313.2736,57.817650000000015,40.12360000000001
2022-05-26 07:00:00,24.25,87.0,330.7051,313.37894,57.55510000000004,40.22894000000002
2022-05-26 07:00:00,24.25,87.25,329.86914,313.12772,56.71914000000004,39.97772000000003
2022-05-26 07:00:00,24.25,87.5,329.6368,313.41382,56.48680000000002,40.26382000000001
2022-05-26 07:00:00,24.25,87.75,330.226,314.15152,57.07600000000002,41.00152000000003
2022-05-26 07:00:00,24.25,88.0,330.41653,314.45728,57.266530000000046,41.30728000000005
2022-05-26 07:00:00,24.25,88.25,330.41653,314.45728,57.266530000000046,41.30728000000005
2022-05-26 07:00:00,24.25,88.5,329.48132,314.0574,56.331320000000005,40.907399999999996
2022-05-26 07:00:00,24.25,88.75,328.03525,313.3019,54.88525000000004,40.15190000000001
2022-05-26 07:00:00,24.25,89.0,327.11813,312.49606,53.96813000000003,39.34606000000002
2022-05-26 07:00:00,24.25,89.25,326.7341,311.89984,53.584100000000035,38.749840000000006
2022-05-26 07:00:00,24.25,89.5,325.88782,311.64456,52.73782,38.494560000000035
2022-05-26 07:00:00,24.25,89.75,324.71075,311.51178,51.56075000000004,38.36178000000001
2022-05-26 07:00:00,24.25,90.0,327.33453,312.17172,54.184529999999995,39.021720000000016
2022-05-26 07:00:00,24.0,85.5,325.30157,309.3507,52.15157000000005,36.20070000000004
2022-05-26 07:00:00,24.0,85.75,326.77112,310.5294,53.62112000000002,37.37940000000003
2022-05-26 07:00:00,24.0,86.0,326.77112,310.5294,53.62112000000002,37.37940000000003
2022-05-26 07:00:00,24.0,86.25,327.92194,311.68643,54.77194000000003,38.536429999999996
2022-05-26 07:00:00,24.0,86.5,329.6603,312.8781,56.51030000000003,39.72810000000004
2022-05-26 07:00:00,24.0,86.75,330.53925,313.6611,57.389250000000004,40.5111
2022-05-26 07:00:00,24.0,87.0,330.71384,313.986,57.56384000000003,40.83600000000001
2022-05-26 07:00:00,24.0,87.25,330.08337,314.03543,56.933370000000025,40.88543000000004
2022-05-26 07:00:00,24.0,87.5,329.85095,314.2418,56.700950000000034,41.091800000000035
2022-05-26 07:00:00,24.0,87.75,330.2685,314.69788,57.11850000000004,41.54788000000002
2022-05-26 07:00:00,24.0,88.0,330.02423,314.71085,56.87423000000001,41.560850000000016
2022-05-26 07:00:00,24.0,88.25,330.02423,314.71085,56.87423000000001,41.560850000000016
2022-05-26 07:00:00,24.0,88.5,329.23438,314.26477,56.08438000000001,41.11477000000002
2022-05-26 07:00:00,24.0,88.75,328.49057,313.8125,55.340570000000014,40.66250000000002
2022-05-26 07:00:00,24.0,89.0,326.70953,312.8543,53.559529999999995,39.704300000000046
2022-05-26 07:00:00,24.0,89.25,325.3566,311.91504,52.20660000000004,38.76504
2022-05-26 07:00:00,24.0,89.5,325.2766,311.7025,52.126599999999996,38.55250000000001
2022-05-26 07:00:00,24.0,89.75,324.12042,311.31082,50.97042000000005,38.16082
2022-05-26 07:00:00,24.0,90.0,326.8255,311.9494,53.6755,38.79940000000005
2022-05-26 07:00:00,23.75,85.5,327.03903,311.2217,53.88903000000005,38.07170000000002
2022-05-26 07:00:00,23.75,85.75,326.1472,311.7806,52.99720000000002,38.630600000000015
2022-05-26 07:00:00,23.75,86.0,326.1472,311.7806,52.99720000000002,38.630600000000015
2022-05-26 07:00:00,23.75,86.25,327.4539,312.8044,54.3039,39.65440000000001
2022-05-26 07:00:00,23.75,86.5,328.42255,313.3922,55.272550000000024,40.242200000000025
2022-05-26 07:00:00,23.75,86.75,327.3379,313.37784,54.18790000000001,40.227840000000015
2022-05-26 07:00:00,23.75,87.0,329.12598,313.9991,55.97598000000005,40.84910000000002
2022-05-26 07:00:00,23.75,87.25,330.63553,314.6707,57.48553000000004,41.52070000000003
2022-05-26 07:00:00,23.75,87.5,331.26514,314.916,58.11514,41.76600000000002
2022-05-26 07:00:00,23.75,87.75,331.1726,314.9754,58.02260000000001,41.8254
2022-05-26 07:00:00,23.75,88.0,329.73315,314.72177,56.583150000000046,41.571770000000015
2022-05-26 07:00:00,23.75,88.25,329.73315,314.72177,56.583150000000046,41.571770000000015
2022-05-26 07:00:00,23.75,88.5,327.97055,314.16574,54.820550000000026,41.01574000000005
2022-05-26 07:00:00,23.75,88.75,327.0681,313.61478,53.91810000000004,40.46478000000002
2022-05-26 07:00:00,23.75,89.0,326.1414,312.8779,52.9914,39.727900000000034
2022-05-26 07:00:00,23.75,89.25,325.44083,312.29446,52.29083000000003,39.14446000000004
2022-05-26 07:00:00,23.75,89.5,325.55066,311.96548,52.400660000000016,38.815480000000036
2022-05-26 07:00:00,23.75,89.75,324.7181,311.90155,51.568100000000015,38.75155000000001
2022-05-26 07:00:00,23.75,90.0,324.7043,311.73724,51.55430000000001,38.58724000000001
2022-05-26 07:00:00,23.5,85.5,327.08652,311.15836,53.93652000000003,38.00836000000004
2022-05-26 07:00:00,23.5,85.75,327.79495,312.36932,54.644949999999994,39.21932000000004
2022-05-26 07:00:00,23.5,86.0,327.79495,312.36932,54.644949999999994,39.21932000000004
2022-05-26 07:00:00,23.5,86.25,328.9959,313.02203,55.84590000000003,39.872029999999995
2022-05-26 07:00:00,23.5,86.5,329.50858,313.5523,56.35858000000002,40.402300000000025
2022-05-26 07:00:00,23.5,86.75,328.81226,313.71954,55.66226,40.56954000000002
2022-05-26 07:00:00,23.5,87.0,329.30978,314.04135,56.15978000000001,40.891350000000045
2022-05-26 07:00:00,23.5,87.25,330.204,314.71872,57.05400000000003,41.56872000000004
2022-05-26 07:00:00,23.5,87.5,330.95602,315.2376,57.806020000000046,42.08760000000001
2022-05-26 07:00:00,23.5,87.75,330.85342,314.97275,57.70342000000005,41.82275000000004
2022-05-26 07:00:00,23.5,88.0,329.28424,314.28647,56.134240000000034,41.13647000000003
2022-05-26 07:00:00,23.5,88.25,329.28424,314.28647,56.134240000000034,41.13647000000003
2022-05-26 07:00:00,23.5,88.5,327.54877,313.68774,54.39877000000001,40.53774000000004
2022-05-26 07:00:00,23.5,88.75,326.78366,313.102,53.63366000000002,39.952
2022-05-26 07:00:00,23.5,89.0,326.08405,312.71283,52.93405000000001,39.56283000000002
2022-05-26 07:00:00,23.5,89.25,326.01337,312.58932,52.86337000000003,39.43932000000001
2022-05-26 07:00:00,23.5,89.5,325.95346,312.39404,52.80346000000003,39.24404000000004
2022-05-26 07:00:00,23.5,89.75,326.45282,312.73297,53.30282,39.582970000000046
2022-05-26 07:00:00,23.5,90.0,325.34982,312.19833,52.199820000000045,39.04833000000002
2022-05-26 07:00:00,23.25,85.5,328.09036,311.7164,54.94036,38.566400000000044
2022-05-26 07:00:00,23.25,85.75,329.5822,313.28256,56.43220000000002,40.13256000000001
2022-05-26 07:00:00,23.25,86.0,329.5822,313.28256,56.43220000000002,40.13256000000001
2022-05-26 07:00:00,23.25,86.25,328.54218,312.82776,55.392179999999996,39.677760000000035
2022-05-26 07:00:00,23.25,86.5,329.03494,313.1183,55.88494000000003,39.9683
2022-05-26 07:00:00,23.25,86.75,329.7968,313.74,56.64680000000004,40.59000000000003
2022-05-26 07:00:00,23.25,87.0,330.36026,314.3362,57.210260000000005,41.18620000000004
2022-05-26 07:00:00,23.25,87.25,331.47244,315.12943,58.32244000000003,41.979430000000036
2022-05-26 07:00:00,23.25,87.5,331.899,315.46735,58.749000000000024,42.31735000000003
2022-05-26 07:00:00,23.25,87.75,331.47128,315.19507,58.32128,42.04507000000001
2022-05-26 07:00:00,23.25,88.0,330.73102,314.65417,57.581020000000024,41.504170000000045
2022-05-26 07:00:00,23.25,88.25,330.73102,314.65417,57.581020000000024,41.504170000000045
2022-05-26 07:00:00,23.25,88.5,329.68713,314.25266,56.53713000000005,41.102660000000014
2022-05-26 07:00:00,23.25,88.75,328.75595,313.97662,55.60595000000001,40.82662000000005
2022-05-26 07:00:00,23.25,89.0,328.4186,313.44232,55.26860000000005,40.29232000000002
2022-05-26 07:00:00,23.25,89.25,327.9676,313.26376,54.81760000000003,40.11376000000001
2022-05-26 07:00:00,23.25,89.5,327.47964,313.04996,54.32964000000004,39.89996000000002
2022-05-26 07:00:00,23.25,89.75,326.83792,312.90057,53.68792000000002,39.75057000000004
2022-05-26 07:00:00,23.25,90.0,326.5918,312.63962,53.4418,39.48962
2022-05-26 07:00:00,23.0,85.5,328.06793,311.61145,54.91793000000001,38.46145000000001
2022-05-26 07:00:00,23.0,85.75,328.93753,313.34235,55.787530000000004,40.19235000000003
2022-05-26 07:00:00,23.0,86.0,328.93753,313.34235,55.787530000000004,40.19235000000003
2022-05-26 07:00:00,23.0,86.25,329.31198,313.72882,56.16198000000003,40.57882000000001
2022-05-26 07:00:00,23.0,86.5,330.29086,314.11108,57.14086000000003,40.96108000000004
2022-05-26 07:00:00,23.0,86.75,330.02716,314.35614,56.87716,41.206140000000005
2022-05-26 07:00:00,23.0,87.0,330.84946,314.863,57.699460000000045,41.71300000000002
2022-05-26 07:00:00,23.0,87.25,331.53717,315.39832,58.387170000000026,42.248320000000035
2022-05-26 07:00:00,23.0,87.5,332.05487,315.6408,58.90487000000002,42.490800000000036
2022-05-26 07:00:00,23.0,87.75,331.8823,315.4368,58.73230000000001,42.28680000000003
2022-05-26 07:00:00,23.0,88.0,331.33585,314.9846,58.185850000000016,41.83460000000002
2022-05-26 07:00:00,23.0,88.25,331.33585,314.9846,58.185850000000016,41.83460000000002
2022-05-26 07:00:00,23.0,88.5,330.895,314.76672,57.745000000000005,41.61672000000004
2022-05-26 07:00:00,23.0,88.75,330.2374,314.65866,57.0874,41.50866000000002
2022-05-26 07:00:00,23.0,89.0,329.9526,314.0512,56.80260000000004,40.90120000000002
2022-05-26 07:00:00,23.0,89.25,329.37827,313.40503,56.22827000000001,40.25503000000003
2022-05-26 07:00:00,23.0,89.5,327.62134,312.7155,54.47134,39.56550000000004
2022-05-26 07:00:00,23.0,89.75,327.2596,312.77933,54.1096,39.62933000000004
2022-05-26 07:00:00,23.0,90.0,325.958,312.32812,52.80800000000005,39.178120000000035
2022-05-26 07:00:00,22.75,85.5,330.0607,312.9908,56.91070000000002,39.8408
2022-05-26 07:00:00,22.75,85.75,332.00143,314.59607,58.85143000000005,41.44607000000002
2022-05-26 07:00:00,22.75,86.0,332.00143,314.59607,58.85143000000005,41.44607000000002
2022-05-26 07:00:00,22.75,86.25,331.4371,314.30188,58.28710000000001,41.151880000000006
2022-05-26 07:00:00,22.75,86.5,331.01346,314.60867,57.86346000000003,41.45867000000004
2022-05-26 07:00:00,22.75,86.75,332.31363,315.6648,59.16363000000001,42.51480000000004
2022-05-26 07:00:00,22.75,87.0,331.73654,315.5183,58.586540000000014,42.36830000000003
2022-05-26 07:00:00,22.75,87.25,331.61908,315.48392,58.46908000000002,42.333920000000035
2022-05-26 07:00:00,22.75,87.5,330.98392,315.2968,57.833920000000035,42.14680000000004
2022-05-26 07:00:00,22.75,87.75,330.9747,315.19797,57.82470000000001,42.04797000000002
2022-05-26 07:00:00,22.75,88.0,330.38864,314.94827,57.23864000000003,41.79827
2022-05-26 07:00:00,22.75,88.25,330.38864,314.94827,57.23864000000003,41.79827
2022-05-26 07:00:00,22.75,88.5,329.3471,314.3016,56.197100000000034,41.15160000000003
2022-05-26 07:00:00,22.75,88.75,328.42047,313.6944,55.270470000000046,40.544399999999996
2022-05-26 07:00:00,22.75,89.0,326.89603,313.25415,53.74603000000002,40.104150000000004
2022-05-26 07:00:00,22.75,89.25,325.2462,312.61612,52.09620000000001,39.466120000000046
2022-05-26 07:00:00,22.75,89.5,325.55328,312.28452,52.403279999999995,39.13452000000001
2022-05-26 07:00:00,22.75,89.75,326.4489,312.40256,53.2989,39.25256000000002
2022-05-26 07:00:00,22.75,90.0,324.0921,311.37595,50.94210000000004,38.22595000000001
2022-05-26 07:00:00,22.5,85.5,330.0607,312.9908,56.91070000000002,39.8408
2022-05-26 07:00:00,22.5,85.75,332.00143,314.59607,58.85143000000005,41.44607000000002
2022-05-26 07:00:00,22.5,86.0,332.00143,314.59607,58.85143000000005,41.44607000000002
2022-05-26 07:00:00,22.5,86.25,331.4371,314.30188,58.28710000000001,41.151880000000006
2022-05-26 07:00:00,22.5,86.5,331.01346,314.60867,57.86346000000003,41.45867000000004
2022-05-26 07:00:00,22.5,86.75,332.31363,315.6648,59.16363000000001,42.51480000000004
2022-05-26 07:00:00,22.5,87.0,331.73654,315.5183,58.586540000000014,42.36830000000003
2022-05-26 07:00:00,22.5,87.25,331.61908,315.48392,58.46908000000002,42.333920000000035
2022-05-26 07:00:00,22.5,87.5,330.98392,315.2968,57.833920000000035,42.14680000000004
2022-05-26 07:00:00,22.5,87.75,330.9747,315.19797,57.82470000000001,42.04797000000002
2022-05-26 07:00:00,22.5,88.0,330.38864,314.94827,57.23864000000003,41.79827
2022-05-26 07:00:00,22.5,88.25,330.38864,314.94827,57.23864000000003,41.79827
2022-05-26 07:00:00,22.5,88.5,329.3471,314.3016,56.197100000000034,41.15160000000003
2022-05-26 07:00:00,22.5,88.75,328.42047,313.6944,55.270470000000046,40.544399999999996
2022-05-26 07:00:00,22.5,89.0,326.89603,313.25415,53.74603000000002,40.104150000000004
2022-05-26 07:00:00,22.5,89.25,325.2462,312.61612,52.09620000000001,39.466120000000046
2022-05-26 07:00:00,22.5,89.5,325.55328,312.28452,52.403279999999995,39.13452000000001
2022-05-26 07:00:00,22.5,89.75,326.4489,312.40256,53.2989,39.25256000000002
2022-05-26 07:00:00,22.5,90.0,324.0921,311.37595,50.94210000000004,38.22595000000001
2022-05-26 07:00:00,22.25,85.5,329.44208,311.72293,56.29208,38.57293000000004
2022-05-26 07:00:00,22.25,85.75,330.4599,312.96783,57.30990000000003,39.817830000000015
2022-05-26 07:00:00,22.25,86.0,330.4599,312.96783,57.30990000000003,39.817830000000015
2022-05-26 07:00:00,22.25,86.25,329.74728,313.09546,56.59728000000001,39.945460000000026
2022-05-26 07:00:00,22.25,86.5,329.81277,314.40317,56.66277000000002,41.25317000000001
2022-05-26 07:00:00,22.25,86.75,331.2758,315.47852,58.12580000000003,42.328520000000026
2022-05-26 07:00:00,22.25,87.0,330.7554,314.87335,57.60540000000003,41.72335000000004
2022-05-26 07:00:00,22.25,87.25,330.5611,314.52332,57.41110000000003,41.373320000000035
2022-05-26 07:00:00,22.25,87.5,330.2465,314.643,57.09650000000005,41.492999999999995
2022-05-26 07:00:00,22.25,87.75,328.6077,314.1247,55.457700000000045,40.97470000000004
2022-05-26 07:00:00,22.25,88.0,328.86313,313.96634,55.713130000000035,40.816340000000025
2022-05-26 07:00:00,22.25,88.25,328.86313,313.96634,55.713130000000035,40.816340000000025
2022-05-26 07:00:00,22.25,88.5,329.74344,313.81375,56.593440000000044,40.66375000000005
2022-05-26 07:00:00,22.25,88.75,328.63083,313.45474,55.480830000000026,40.30474000000004
2022-05-26 07:00:00,22.25,89.0,326.31223,313.0347,53.16223000000002,39.88470000000001
2022-05-26 07:00:00,22.25,89.25,324.82474,312.7768,51.67474000000004,39.6268
2022-05-26 07:00:00,22.25,89.5,324.64392,312.74158,51.49392,39.59158000000002
2022-05-26 07:00:00,22.25,89.75,325.13846,312.23306,51.98846000000003,39.083060000000046
2022-05-26 07:00:00,22.25,90.0,325.39276,311.53137,52.24276000000003,38.381370000000004
2022-05-26 07:00:00,22.0,85.5,328.50937,310.9855,55.35937000000001,37.835500000000025
2022-05-26 07:00:00,22.0,85.75,329.77634,311.79315,56.62634000000003,38.64315000000005
2022-05-26 07:00:00,22.0,86.0,329.77634,311.79315,56.62634000000003,38.64315000000005
2022-05-26 07:00:00,22.0,86.25,327.77762,310.67404,54.627620000000036,37.524040000000014
2022-05-26 07:00:00,22.0,86.5,328.2758,313.28973,55.12580000000003,40.13973000000004
2022-05-26 07:00:00,22.0,86.75,330.90042,315.38858,57.75042000000002,42.23858000000001
2022-05-26 07:00:00,22.0,87.0,330.62735,314.30283,57.47735,41.152829999999994
2022-05-26 07:00:00,22.0,87.25,330.50677,313.87335,57.35677000000004,40.72335000000004
2022-05-26 07:00:00,22.0,87.5,329.66238,313.63364,56.51238000000001,40.48364000000004
2022-05-26 07:00:00,22.0,87.75,328.42444,312.62845,55.27444000000003,39.47845000000001
2022-05-26 07:00:00,22.0,88.0,328.55972,312.63553,55.40972000000005,39.48553000000004
2022-05-26 07:00:00,22.0,88.25,328.55972,312.63553,55.40972000000005,39.48553000000004
2022-05-26 07:00:00,22.0,88.5,327.6322,312.32907,54.482200000000034,39.179070000000024
2022-05-26 07:00:00,22.0,88.75,326.09305,311.7356,52.94305000000003,38.5856
2022-05-26 07:00:00,22.0,89.0,325.27298,311.86157,52.12298000000004,38.711569999999995
2022-05-26 07:00:00,22.0,89.25,324.44092,312.11298,51.29092000000003,38.962980000000016
2022-05-26 07:00:00,22.0,89.5,323.69235,311.76788,50.54235,38.617880000000014
2022-05-26 07:00:00,22.0,89.75,324.01523,311.08743,50.86523,37.937430000000006
2022-05-26 07:00:00,22.0,90.0,324.9452,310.59952,51.79520000000002,37.44952000000001
2022-05-26 07:00:00,21.75,85.5,328.74854,311.15927,55.598540000000014,38.009270000000015
2022-05-26 07:00:00,21.75,85.75,330.1947,311.39456,57.044700000000034,38.244560000000035
2022-05-26 07:00:00,21.75,86.0,330.1947,311.39456,57.044700000000034,38.244560000000035
2022-05-26 07:00:00,21.75,86.25,324.3674,308.17517,51.2174,35.02517
2022-05-26 07:00:00,21.75,86.5,325.36,311.14243,52.210000000000036,37.99243000000001
2022-05-26 07:00:00,21.75,86.75,330.9576,314.49115,57.807600000000036,41.34115000000003
2022-05-26 07:00:00,21.75,87.0,330.93564,313.40338,57.78564,40.25338000000005
2022-05-26 07:00:00,21.75,87.25,330.64844,313.13953,57.498440000000016,39.98953
2022-05-26 07:00:00,21.75,87.5,328.8008,312.09818,55.650800000000004,38.948180000000036
2022-05-26 07:00:00,21.75,87.75,321.20264,308.3609,48.05264,35.21090000000004
2022-05-26 07:00:00,21.75,88.0,323.10724,308.89124,49.95724000000001,35.741240000000005
2022-05-26 07:00:00,21.75,88.25,323.10724,308.89124,49.95724000000001,35.741240000000005
2022-05-26 07:00:00,21.75,88.5,322.1296,308.25024,48.979600000000005,35.10024000000004
2022-05-26 07:00:00,21.75,88.75,321.79193,307.5944,48.64193,34.44440000000003
2022-05-26 07:00:00,21.75,89.0,327.41922,310.5141,54.26922000000002,37.36410000000001
2022-05-26 07:00:00,21.75,89.25,325.96738,310.95334,52.817380000000014,37.80334000000005
2022-05-26 07:00:00,21.75,89.5,319.56375,307.71716,46.41375000000005,34.56716
2022-05-26 07:00:00,21.75,89.75,319.46307,306.7133,46.31307000000004,33.56330000000003
2022-05-26 07:00:00,21.75,90.0,319.1818,306.45105,46.03180000000003,33.30105000000003
2022-05-26 07:00:00,21.5,85.5,327.36752,310.4874,54.217520000000036,37.3374
2022-05-26 07:00:00,21.5,85.75,329.0533,312.3119,55.9033,39.1619
2022-05-26 07:00:00,21.5,86.0,329.0533,312.3119,55.9033,39.1619
2022-05-26 07:00:00,21.5,86.25,328.34192,311.48972,55.19192000000004,38.33972
2022-05-26 07:00:00,21.5,86.5,328.67514,312.543,55.52514000000002,39.39300000000003
2022-05-26 07:00:00,21.5,86.75,331.00546,314.34018,57.85546000000005,41.19018
2022-05-26 07:00:00,21.5,87.0,321.03967,308.78583,47.889670000000024,35.63583
2022-05-26 07:00:00,21.5,87.25,318.1556,306.38553,45.005600000000015,33.23553000000004
2022-05-26 07:00:00,21.5,87.5,317.5614,305.7787,44.411400000000015,32.62870000000004
2022-05-26 07:00:00,21.5,87.75,317.17532,304.9899,44.02532000000002,31.8399
2022-05-26 07:00:00,21.5,88.0,317.26144,305.16843,44.111440000000016,32.01843000000002
2022-05-26 07:00:00,21.5,88.25,317.26144,305.16843,44.111440000000016,32.01843000000002
2022-05-26 07:00:00,21.5,88.5,317.719,305.38882,44.56900000000002,32.23882000000003
2022-05-26 07:00:00,21.5,88.75,318.3746,305.49847,45.22460000000001,32.34847000000002
2022-05-26 07:00:00,21.5,89.0,319.09378,305.9494,45.943780000000004,32.79940000000005
2022-05-26 07:00:00,21.5,89.25,319.6851,306.15112,46.5351,33.001120000000014
2022-05-26 07:00:00,21.5,89.5,319.97244,306.08594,46.82244000000003,32.935940000000016
2022-05-26 07:00:00,21.5,89.75,319.8997,306.22037,46.74970000000002,33.070370000000025
2022-05-26 07:00:00,21.5,90.0,319.5819,306.32376,46.43190000000004,33.173760000000016
2022-05-26 07:00:00,21.25,85.5,326.98227,310.85202,53.83227000000005,37.702020000000005
2022-05-26 07:00:00,21.25,85.75,328.9837,313.00653,55.83370000000002,39.85653000000002
2022-05-26 07:00:00,21.25,86.0,328.9837,313.00653,55.83370000000002,39.85653000000002
2022-05-26 07:00:00,21.25,86.25,329.75082,313.88797,56.60082,40.73797000000002
2022-05-26 07:00:00,21.25,86.5,331.50427,314.63678,58.35427000000004,41.48678000000001
2022-05-26 07:00:00,21.25,86.75,326.8759,312.9549,53.725900000000024,39.80490000000003
2022-05-26 07:00:00,21.25,87.0,319.80048,308.4667,46.650480000000016,35.316700000000026
2022-05-26 07:00:00,21.25,87.25,317.79953,306.21713,44.64953000000003,33.06713000000002
2022-05-26 07:00:00,21.25,87.5,317.19894,305.58896,44.048940000000016,32.43896000000001
2022-05-26 07:00:00,21.25,87.75,317.03662,305.2699,43.88662000000005,32.11990000000003
2022-05-26 07:00:00,21.25,88.0,317.4167,305.21368,44.266700000000014,32.06368000000003
2022-05-26 07:00:00,21.25,88.25,317.4167,305.21368,44.266700000000014,32.06368000000003
2022-05-26 07:00:00,21.25,88.5,317.99878,305.3561,44.84878000000003,32.20610000000005
2022-05-26 07:00:00,21.25,88.75,318.53955,305.58182,45.38955000000004,32.431820000000016
2022-05-26 07:00:00,21.25,89.0,319.0508,305.70627,45.900800000000004,32.55627000000004
2022-05-26 07:00:00,21.25,89.25,319.48715,305.7716,46.33715000000001,32.6216
2022-05-26 07:00:00,21.25,89.5,319.7975,306.01233,46.647500000000036,32.86233000000004
2022-05-26 07:00:00,21.25,89.75,319.9817,306.2018,46.83170000000001,33.051800000000014
2022-05-26 07:00:00,21.25,90.0,319.87024,306.2249,46.72024000000005,33.074900000000014
2022-05-26 07:00:00,21.0,85.5,329.07855,313.31522,55.92855000000003,40.16522000000003
2022-05-26 07:00:00,21.0,85.75,330.2627,314.33084,57.11270000000002,41.180840000000046
2022-05-26 07:00:00,21.0,86.0,330.2627,314.33084,57.11270000000002,41.180840000000046
2022-05-26 07:00:00,21.0,86.25,331.97467,315.08377,58.824670000000026,41.93377000000004
2022-05-26 07:00:00,21.0,86.5,331.60553,315.1684,58.45553000000001,42.01840000000004
2022-05-26 07:00:00,21.0,86.75,332.7165,315.04004,59.56650000000002,41.89004
2022-05-26 07:00:00,21.0,87.0,320.73608,308.90613,47.58608000000004,35.75613000000004
2022-05-26 07:00:00,21.0,87.25,317.2837,306.01437,44.13370000000003,32.86437000000001
2022-05-26 07:00:00,21.0,87.5,316.86032,305.1976,43.710320000000024,32.047600000000045
2022-05-26 07:00:00,21.0,87.75,317.02203,305.0048,43.872029999999995,31.85480000000001
2022-05-26 07:00:00,21.0,88.0,317.7112,305.09644,44.56120000000004,31.946439999999996
2022-05-26 07:00:00,21.0,88.25,317.7112,305.09644,44.56120000000004,31.946439999999996
2022-05-26 07:00:00,21.0,88.5,318.50952,305.31854,45.35952000000003,32.16854000000001
2022-05-26 07:00:00,21.0,88.75,318.91574,305.5707,45.76574000000005,32.42070000000001
2022-05-26 07:00:00,21.0,89.0,319.01572,305.77252,45.86572000000001,32.62252000000001
2022-05-26 07:00:00,21.0,89.25,319.18582,305.87863,46.03582,32.72863000000001
2022-05-26 07:00:00,21.0,89.5,319.57968,305.84628,46.42968000000002,32.69628
2022-05-26 07:00:00,21.0,89.75,320.0754,305.70792,46.925400000000025,32.557920000000024
2022-05-26 07:00:00,21.0,90.0,320.14706,305.69992,46.99706000000003,32.54992000000004
2022-05-26 08:00:00,27.5,85.5,323.7983,304.17325,50.648300000000006,31.02325000000002
2022-05-26 08:00:00,27.5,85.75,320.28278,303.4839,47.132780000000025,30.33390000000003
2022-05-26 08:00:00,27.5,86.0,320.28278,303.4839,47.132780000000025,30.33390000000003
2022-05-26 08:00:00,27.5,86.25,315.99097,301.29517,42.84097000000003,28.145170000000007
2022-05-26 08:00:00,27.5,86.5,311.90933,298.51404,38.759330000000034,25.364040000000045
2022-05-26 08:00:00,27.5,86.75,311.14105,297.6785,37.99105000000003,24.528500000000008
2022-05-26 08:00:00,27.5,87.0,310.69708,296.96997,37.54708000000005,23.819970000000012
2022-05-26 08:00:00,27.5,87.25,313.40143,298.19656,40.25143000000003,25.04656
2022-05-26 08:00:00,27.5,87.5,315.79416,298.5777,42.64416,25.427700000000016
2022-05-26 08:00:00,27.5,87.75,315.51297,297.14163,42.36297000000002,23.991630000000043
2022-05-26 08:00:00,27.5,88.0,315.65802,296.32907,42.508020000000045,23.179070000000024
2022-05-26 08:00:00,27.5,88.25,315.65802,296.32907,42.508020000000045,23.179070000000024
2022-05-26 08:00:00,27.5,88.5,316.75842,297.39883,43.608420000000024,24.248829999999998
2022-05-26 08:00:00,27.5,88.75,315.4477,296.21335,42.29770000000002,23.063350000000014
2022-05-26 08:00:00,27.5,89.0,311.70535,290.57645,38.55535000000003,17.426450000000045
2022-05-26 08:00:00,27.5,89.25,308.4026,290.4325,35.25260000000003,17.282500000000027
2022-05-26 08:00:00,27.5,89.5,309.66904,291.76962,36.51904000000002,18.619619999999998
2022-05-26 08:00:00,27.5,89.75,309.64532,294.3328,36.49532000000005,21.182800000000043
2022-05-26 08:00:00,27.5,90.0,311.40842,296.8513,38.25842,23.701300000000003
2022-05-26 08:00:00,27.25,85.5,329.24487,311.50055,56.094870000000014,38.35055
2022-05-26 08:00:00,27.25,85.75,325.65405,309.30646,52.50405000000001,36.15646000000004
2022-05-26 08:00:00,27.25,86.0,325.65405,309.30646,52.50405000000001,36.15646000000004
2022-05-26 08:00:00,27.25,86.25,320.37418,305.73483,47.22418000000005,32.58483000000001
2022-05-26 08:00:00,27.25,86.5,316.81802,303.28964,43.66802000000001,30.139640000000043
2022-05-26 08:00:00,27.25,86.75,316.73392,303.32693,43.583920000000035,30.176930000000027
2022-05-26 08:00:00,27.25,87.0,316.15082,302.4401,43.00082000000003,29.290099999999995
2022-05-26 08:00:00,27.25,87.25,316.48724,301.39276,43.33724000000001,28.242760000000033
2022-05-26 08:00:00,27.25,87.5,318.2547,301.10327,45.10470000000004,27.953270000000032
2022-05-26 08:00:00,27.25,87.75,317.937,300.3158,44.787000000000035,27.165800000000047
2022-05-26 08:00:00,27.25,88.0,318.19794,300.93048,45.04794000000004,27.78048000000001
2022-05-26 08:00:00,27.25,88.25,318.19794,300.93048,45.04794000000004,27.78048000000001
2022-05-26 08:00:00,27.25,88.5,320.9052,303.70016,47.7552,30.550160000000005
2022-05-26 08:00:00,27.25,88.75,320.57382,303.58,47.423820000000035,30.430000000000007
2022-05-26 08:00:00,27.25,89.0,316.81226,299.58087,43.66226,26.430870000000027
2022-05-26 08:00:00,27.25,89.25,313.9383,297.9163,40.78830000000005,24.7663
2022-05-26 08:00:00,27.25,89.5,311.68405,295.77173,38.534050000000036,22.621730000000014
2022-05-26 08:00:00,27.25,89.75,310.30554,296.49313,37.15554000000003,23.34313000000003
2022-05-26 08:00:00,27.25,90.0,312.23373,297.087,39.08373,23.937000000000012
2022-05-26 08:00:00,27.0,85.5,329.24487,311.50055,56.094870000000014,38.35055
2022-05-26 08:00:00,27.0,85.75,325.65405,309.30646,52.50405000000001,36.15646000000004
2022-05-26 08:00:00,27.0,86.0,325.65405,309.30646,52.50405000000001,36.15646000000004
2022-05-26 08:00:00,27.0,86.25,320.37418,305.73483,47.22418000000005,32.58483000000001
2022-05-26 08:00:00,27.0,86.5,316.81802,303.28964,43.66802000000001,30.139640000000043
2022-05-26 08:00:00,27.0,86.75,316.73392,303.32693,43.583920000000035,30.176930000000027
2022-05-26 08:00:00,27.0,87.0,316.15082,302.4401,43.00082000000003,29.290099999999995
2022-05-26 08:00:00,27.0,87.25,316.48724,301.39276,43.33724000000001,28.242760000000033
2022-05-26 08:00:00,27.0,87.5,318.2547,301.10327,45.10470000000004,27.953270000000032
2022-05-26 08:00:00,27.0,87.75,317.937,300.3158,44.787000000000035,27.165800000000047
2022-05-26 08:00:00,27.0,88.0,318.19794,300.93048,45.04794000000004,27.78048000000001
2022-05-26 08:00:00,27.0,88.25,318.19794,300.93048,45.04794000000004,27.78048000000001
2022-05-26 08:00:00,27.0,88.5,320.9052,303.70016,47.7552,30.550160000000005
2022-05-26 08:00:00,27.0,88.75,320.57382,303.58,47.423820000000035,30.430000000000007
2022-05-26 08:00:00,27.0,89.0,316.81226,299.58087,43.66226,26.430870000000027
2022-05-26 08:00:00,27.0,89.25,313.9383,297.9163,40.78830000000005,24.7663
2022-05-26 08:00:00,27.0,89.5,311.68405,295.77173,38.534050000000036,22.621730000000014
2022-05-26 08:00:00,27.0,89.75,310.30554,296.49313,37.15554000000003,23.34313000000003
2022-05-26 08:00:00,27.0,90.0,312.23373,297.087,39.08373,23.937000000000012
2022-05-26 08:00:00,26.75,85.5,331.57492,313.409,58.42492000000004,40.259000000000015
2022-05-26 08:00:00,26.75,85.75,330.24298,313.10684,57.09298000000001,39.95684
2022-05-26 08:00:00,26.75,86.0,330.24298,313.10684,57.09298000000001,39.95684
2022-05-26 08:00:00,26.75,86.25,328.5308,311.43768,55.38080000000002,38.28768000000002
2022-05-26 08:00:00,26.75,86.5,325.52087,309.58914,52.370870000000025,36.43914000000001
2022-05-26 08:00:00,26.75,86.75,324.04208,309.04224,50.89208000000002,35.892240000000015
2022-05-26 08:00:00,26.75,87.0,322.0962,307.82437,48.94620000000003,34.67437000000001
2022-05-26 08:00:00,26.75,87.25,320.92957,305.62173,47.779570000000035,32.471730000000036
2022-05-26 08:00:00,26.75,87.5,321.47754,304.0391,48.32754,30.88910000000004
2022-05-26 08:00:00,26.75,87.75,321.6177,303.74985,48.467700000000036,30.599850000000004
2022-05-26 08:00:00,26.75,88.0,321.72458,304.52615,48.574580000000026,31.376149999999996
2022-05-26 08:00:00,26.75,88.25,321.72458,304.52615,48.574580000000026,31.376149999999996
2022-05-26 08:00:00,26.75,88.5,323.94705,307.15347,50.79705000000001,34.00347000000005
2022-05-26 08:00:00,26.75,88.75,326.12912,310.05603,52.97912000000002,36.906030000000044
2022-05-26 08:00:00,26.75,89.0,324.95935,309.45325,51.809349999999995,36.30325000000005
2022-05-26 08:00:00,26.75,89.25,322.60672,307.86865,49.45672000000002,34.718650000000025
2022-05-26 08:00:00,26.75,89.5,319.44348,304.0737,46.293480000000045,30.923699999999997
2022-05-26 08:00:00,26.75,89.75,316.59726,301.93054,43.44726000000003,28.78054000000003
2022-05-26 08:00:00,26.75,90.0,317.9638,303.80975,44.813800000000015,30.65975000000003
2022-05-26 08:00:00,26.5,85.5,332.83347,313.57736,59.68347,40.42736000000002
2022-05-26 08:00:00,26.5,85.75,331.03964,312.84494,57.88964000000004,39.69494000000003
2022-05-26 08:00:00,26.5,86.0,331.03964,312.84494,57.88964000000004,39.69494000000003
2022-05-26 08:00:00,26.5,86.25,330.70688,312.97635,57.556880000000035,39.82635000000005
2022-05-26 08:00:00,26.5,86.5,330.74832,312.63766,57.59832,39.487660000000005
2022-05-26 08:00:00,26.5,86.75,329.8686,312.3911,56.71860000000004,39.24110000000002
2022-05-26 08:00:00,26.5,87.0,328.9187,312.7196,55.768700000000024,39.56960000000004
2022-05-26 08:00:00,26.5,87.25,328.86945,311.85306,55.719449999999995,38.70306000000005
2022-05-26 08:00:00,26.5,87.5,328.5399,310.80573,55.38990000000001,37.655730000000005
2022-05-26 08:00:00,26.5,87.75,328.39777,311.11038,55.24777,37.96038000000004
2022-05-26 08:00:00,26.5,88.0,328.6249,311.01877,55.47490000000005,37.86877000000004
2022-05-26 08:00:00,26.5,88.25,328.6249,311.01877,55.47490000000005,37.86877000000004
2022-05-26 08:00:00,26.5,88.5,328.57794,310.13535,55.427940000000035,36.98535000000004
2022-05-26 08:00:00,26.5,88.75,327.7796,309.84692,54.62960000000004,36.696920000000034
2022-05-26 08:00:00,26.5,89.0,325.88513,309.2838,52.73513000000003,36.13380000000001
2022-05-26 08:00:00,26.5,89.25,324.78262,309.8585,51.63262000000003,36.708500000000015
2022-05-26 08:00:00,26.5,89.5,323.82547,308.8169,50.67547000000002,35.6669
2022-05-26 08:00:00,26.5,89.75,323.29935,307.02258,50.14935000000003,33.87258000000003
2022-05-26 08:00:00,26.5,90.0,323.71188,307.76163,50.56188000000003,34.61163000000005
2022-05-26 08:00:00,26.25,85.5,332.05917,313.21585,58.90917000000002,40.06585000000001
2022-05-26 08:00:00,26.25,85.75,332.8615,313.40366,59.7115,40.253660000000025
2022-05-26 08:00:00,26.25,86.0,332.8615,313.40366,59.7115,40.253660000000025
2022-05-26 08:00:00,26.25,86.25,333.4189,313.92645,60.26890000000003,40.77645000000001
2022-05-26 08:00:00,26.25,86.5,332.57275,313.81253,59.42275000000001,40.662530000000004
2022-05-26 08:00:00,26.25,86.75,330.93753,313.22714,57.787530000000004,40.07714000000004
2022-05-26 08:00:00,26.25,87.0,330.47757,313.0812,57.32757000000004,39.93120000000005
2022-05-26 08:00:00,26.25,87.25,330.61108,312.92532,57.46108000000004,39.77532000000002
2022-05-26 08:00:00,26.25,87.5,330.6796,312.3194,57.529600000000016,39.169399999999996
2022-05-26 08:00:00,26.25,87.75,330.66638,311.92892,57.51638000000003,38.77892000000003
2022-05-26 08:00:00,26.25,88.0,330.4926,311.71497,57.342600000000004,38.56497000000002
2022-05-26 08:00:00,26.25,88.25,330.4926,311.71497,57.342600000000004,38.56497000000002
2022-05-26 08:00:00,26.25,88.5,330.03555,311.33176,56.88555000000002,38.18176
2022-05-26 08:00:00,26.25,88.75,328.83914,310.6706,55.68914000000001,37.5206
2022-05-26 08:00:00,26.25,89.0,326.93484,309.56503,53.78484000000003,36.41503
2022-05-26 08:00:00,26.25,89.25,326.30237,309.57394,53.15237000000002,36.423940000000016
2022-05-26 08:00:00,26.25,89.5,325.64062,310.1241,52.490620000000035,36.97410000000002
2022-05-26 08:00:00,26.25,89.75,325.43036,309.6547,52.28036000000003,36.504700000000014
2022-05-26 08:00:00,26.25,90.0,326.6432,309.4067,53.4932,36.25670000000002
2022-05-26 08:00:00,26.0,85.5,332.83365,313.79614,59.68365,40.64614
2022-05-26 08:00:00,26.0,85.75,333.11102,314.32788,59.96102000000002,41.177880000000016
2022-05-26 08:00:00,26.0,86.0,333.11102,314.32788,59.96102000000002,41.177880000000016
2022-05-26 08:00:00,26.0,86.25,333.69284,314.7432,60.54284000000001,41.593200000000024
2022-05-26 08:00:00,26.0,86.5,332.48914,314.55673,59.33914000000004,41.40673000000004
2022-05-26 08:00:00,26.0,86.75,332.73398,314.46454,59.58398,41.31454000000002
2022-05-26 08:00:00,26.0,87.0,331.47113,313.50467,58.32113000000004,40.35467
2022-05-26 08:00:00,26.0,87.25,330.97195,312.85196,57.821950000000015,39.70196000000004
2022-05-26 08:00:00,26.0,87.5,331.097,312.58044,57.947,39.43044000000003
2022-05-26 08:00:00,26.0,87.75,330.97034,312.3877,57.820340000000044,39.23770000000002
2022-05-26 08:00:00,26.0,88.0,330.45175,311.92032,57.30175000000003,38.77032000000003
2022-05-26 08:00:00,26.0,88.25,330.45175,311.92032,57.30175000000003,38.77032000000003
2022-05-26 08:00:00,26.0,88.5,329.7522,311.23703,56.60220000000004,38.08703000000003
2022-05-26 08:00:00,26.0,88.75,329.2884,311.12766,56.13840000000005,37.977660000000014
2022-05-26 08:00:00,26.0,89.0,328.58087,311.33554,55.43087000000003,38.18554
2022-05-26 08:00:00,26.0,89.25,327.10977,310.64096,53.95977000000005,37.49096000000003
2022-05-26 08:00:00,26.0,89.5,327.291,310.8468,54.14100000000002,37.696799999999996
2022-05-26 08:00:00,26.0,89.75,325.97488,310.04764,52.82488000000001,36.897640000000024
2022-05-26 08:00:00,26.0,90.0,324.689,308.39777,51.539000000000044,35.24777
2022-05-26 08:00:00,25.75,85.5,332.20212,313.88165,59.05212,40.73165
2022-05-26 08:00:00,25.75,85.75,332.74054,313.92874,59.59054000000003,40.77874000000003
2022-05-26 08:00:00,25.75,86.0,332.74054,313.92874,59.59054000000003,40.77874000000003
2022-05-26 08:00:00,25.75,86.25,332.85004,314.16034,59.70004,41.01034000000004
2022-05-26 08:00:00,25.75,86.5,332.18906,313.8798,59.039060000000006,40.72980000000001
2022-05-26 08:00:00,25.75,86.75,331.78778,313.76816,58.63778000000002,40.618160000000046
2022-05-26 08:00:00,25.75,87.0,330.70383,313.41467,57.553830000000005,40.264670000000024
2022-05-26 08:00:00,25.75,87.25,330.24,313.06778,57.09000000000003,39.91778000000005
2022-05-26 08:00:00,25.75,87.5,330.4068,312.73328,57.2568,39.58328
2022-05-26 08:00:00,25.75,87.75,330.37546,312.45673,57.22546,39.306730000000016
2022-05-26 08:00:00,25.75,88.0,330.1317,312.2624,56.981700000000046,39.11240000000004
2022-05-26 08:00:00,25.75,88.25,330.1317,312.2624,56.981700000000046,39.11240000000004
2022-05-26 08:00:00,25.75,88.5,329.76752,312.04053,56.61752000000001,38.89053000000001
2022-05-26 08:00:00,25.75,88.75,329.05835,311.93362,55.90835000000004,38.78362000000004
2022-05-26 08:00:00,25.75,89.0,328.4986,311.984,55.34860000000003,38.834
2022-05-26 08:00:00,25.75,89.25,328.45358,311.52222,55.30358000000001,38.37222000000003
2022-05-26 08:00:00,25.75,89.5,327.49408,310.81982,54.34408000000002,37.669820000000016
2022-05-26 08:00:00,25.75,89.75,325.4686,309.67,52.3186,36.52000000000004
2022-05-26 08:00:00,25.75,90.0,325.8666,308.42395,52.71660000000003,35.27395000000001
2022-05-26 08:00:00,25.5,85.5,332.27252,313.94745,59.12252000000001,40.797450000000026
2022-05-26 08:00:00,25.5,85.75,331.75626,313.8805,58.60626000000002,40.730500000000006
2022-05-26 08:00:00,25.5,86.0,331.75626,313.8805,58.60626000000002,40.730500000000006
2022-05-26 08:00:00,25.5,86.25,332.52774,314.2182,59.37774000000002,41.06820000000005
2022-05-26 08:00:00,25.5,86.5,332.46997,314.42993,59.31997000000001,41.279930000000036
2022-05-26 08:00:00,25.5,86.75,332.11765,314.43915,58.96765000000005,41.28915000000001
2022-05-26 08:00:00,25.5,87.0,331.29718,313.9101,58.14718000000005,40.76010000000002
2022-05-26 08:00:00,25.5,87.25,330.17264,313.1539,57.022640000000024,40.003900000000044
2022-05-26 08:00:00,25.5,87.5,329.31808,312.75696,56.16808000000003,39.606960000000015
2022-05-26 08:00:00,25.5,87.75,329.59006,312.57593,56.44006000000002,39.42593000000005
2022-05-26 08:00:00,25.5,88.0,330.21228,312.3827,57.062280000000044,39.23270000000002
2022-05-26 08:00:00,25.5,88.25,330.21228,312.3827,57.062280000000044,39.23270000000002
2022-05-26 08:00:00,25.5,88.5,330.62262,312.5214,57.472620000000006,39.37140000000005
2022-05-26 08:00:00,25.5,88.75,330.9166,312.87344,57.76660000000004,39.72344000000004
2022-05-26 08:00:00,25.5,89.0,329.95105,312.5725,56.80105000000003,39.422500000000014
2022-05-26 08:00:00,25.5,89.25,328.54434,311.8337,55.39434,38.683700000000044
2022-05-26 08:00:00,25.5,89.5,327.10266,311.08813,53.95266000000004,37.93813
2022-05-26 08:00:00,25.5,89.75,324.89545,310.23495,51.745450000000005,37.08495000000005
2022-05-26 08:00:00,25.5,90.0,326.3418,309.77267,53.1918,36.62267000000003
2022-05-26 08:00:00,25.25,85.5,333.98364,314.64102,60.83364,41.49102000000005
2022-05-26 08:00:00,25.25,85.75,334.2943,314.62964,61.144300000000044,41.47964000000002
2022-05-26 08:00:00,25.25,86.0,334.2943,314.62964,61.144300000000044,41.47964000000002
2022-05-26 08:00:00,25.25,86.25,333.24078,313.96252,60.090779999999995,40.812520000000006
2022-05-26 08:00:00,25.25,86.5,331.60602,313.81787,58.456020000000024,40.66787000000005
2022-05-26 08:00:00,25.25,86.75,331.31003,314.05313,58.160030000000006,40.90313000000003
2022-05-26 08:00:00,25.25,87.0,331.49512,314.0964,58.34512000000001,40.94640000000004
2022-05-26 08:00:00,25.25,87.25,331.4668,313.78665,58.3168,40.63665000000003
2022-05-26 08:00:00,25.25,87.5,330.00674,313.4427,56.85674,40.292700000000025
2022-05-26 08:00:00,25.25,87.75,328.66132,313.09518,55.51132000000001,39.94518000000005
2022-05-26 08:00:00,25.25,88.0,329.2659,312.6987,56.11590000000001,39.5487
2022-05-26 08:00:00,25.25,88.25,329.2659,312.6987,56.11590000000001,39.5487
2022-05-26 08:00:00,25.25,88.5,330.5891,312.7864,57.439099999999996,39.63640000000004
2022-05-26 08:00:00,25.25,88.75,330.86548,313.28143,57.715480000000014,40.13143000000002
2022-05-26 08:00:00,25.25,89.0,330.18332,312.87503,57.03332,39.725030000000004
2022-05-26 08:00:00,25.25,89.25,328.32758,311.77353,55.177580000000034,38.62353000000002
2022-05-26 08:00:00,25.25,89.5,326.5834,311.1631,53.433400000000006,38.01310000000001
2022-05-26 08:00:00,25.25,89.75,324.33524,310.83792,51.18524000000002,37.68792000000002
2022-05-26 08:00:00,25.25,90.0,325.0091,311.41342,51.85910000000001,38.263419999999996
2022-05-26 08:00:00,25.0,85.5,332.972,313.48575,59.822,40.33575000000002
2022-05-26 08:00:00,25.0,85.75,332.37958,313.84506,59.22958,40.69506000000001
2022-05-26 08:00:00,25.0,86.0,332.37958,313.84506,59.22958,40.69506000000001
2022-05-26 08:00:00,25.0,86.25,332.28912,313.70755,59.13912000000005,40.55755000000005
2022-05-26 08:00:00,25.0,86.5,332.58878,313.63495,59.43878000000001,40.484950000000026
2022-05-26 08:00:00,25.0,86.75,331.6398,313.5205,58.4898,40.37050000000005
2022-05-26 08:00:00,25.0,87.0,331.42157,313.4846,58.27157,40.33460000000002
2022-05-26 08:00:00,25.0,87.25,331.46927,313.541,58.31927000000002,40.39100000000002
2022-05-26 08:00:00,25.0,87.5,330.1535,313.3353,57.00350000000003,40.18530000000004
2022-05-26 08:00:00,25.0,87.75,328.90326,313.1458,55.75326000000001,39.99580000000003
2022-05-26 08:00:00,25.0,88.0,329.14694,313.1685,55.996939999999995,40.01850000000002
2022-05-26 08:00:00,25.0,88.25,329.14694,313.1685,55.996939999999995,40.01850000000002
2022-05-26 08:00:00,25.0,88.5,330.63638,313.46783,57.48638,40.317830000000015
2022-05-26 08:00:00,25.0,88.75,331.61484,313.70126,58.46484000000004,40.55126000000001
2022-05-26 08:00:00,25.0,89.0,330.1306,312.9786,56.98060000000004,39.828599999999994
2022-05-26 08:00:00,25.0,89.25,328.58356,312.1806,55.43356,39.03060000000005
2022-05-26 08:00:00,25.0,89.5,326.82178,312.00314,53.67178000000001,38.853139999999996
2022-05-26 08:00:00,25.0,89.75,324.15344,311.42926,51.00344000000001,38.27926000000002
2022-05-26 08:00:00,25.0,90.0,325.65472,311.70853,52.50472000000002,38.55853000000002
2022-05-26 08:00:00,24.75,85.5,332.972,313.48575,59.822,40.33575000000002
2022-05-26 08:00:00,24.75,85.75,332.37958,313.84506,59.22958,40.69506000000001
2022-05-26 08:00:00,24.75,86.0,332.37958,313.84506,59.22958,40.69506000000001
2022-05-26 08:00:00,24.75,86.25,332.28912,313.70755,59.13912000000005,40.55755000000005
2022-05-26 08:00:00,24.75,86.5,332.58878,313.63495,59.43878000000001,40.484950000000026
2022-05-26 08:00:00,24.75,86.75,331.6398,313.5205,58.4898,40.37050000000005
2022-05-26 08:00:00,24.75,87.0,331.42157,313.4846,58.27157,40.33460000000002
2022-05-26 08:00:00,24.75,87.25,331.46927,313.541,58.31927000000002,40.39100000000002
2022-05-26 08:00:00,24.75,87.5,330.1535,313.3353,57.00350000000003,40.18530000000004
2022-05-26 08:00:00,24.75,87.75,328.90326,313.1458,55.75326000000001,39.99580000000003
2022-05-26 08:00:00,24.75,88.0,329.14694,313.1685,55.996939999999995,40.01850000000002
2022-05-26 08:00:00,24.75,88.25,329.14694,313.1685,55.996939999999995,40.01850000000002
2022-05-26 08:00:00,24.75,88.5,330.63638,313.46783,57.48638,40.317830000000015
2022-05-26 08:00:00,24.75,88.75,331.61484,313.70126,58.46484000000004,40.55126000000001
2022-05-26 08:00:00,24.75,89.0,330.1306,312.9786,56.98060000000004,39.828599999999994
2022-05-26 08:00:00,24.75,89.25,328.58356,312.1806,55.43356,39.03060000000005
2022-05-26 08:00:00,24.75,89.5,326.82178,312.00314,53.67178000000001,38.853139999999996
2022-05-26 08:00:00,24.75,89.75,324.15344,311.42926,51.00344000000001,38.27926000000002
2022-05-26 08:00:00,24.75,90.0,325.65472,311.70853,52.50472000000002,38.55853000000002
2022-05-26 08:00:00,24.5,85.5,329.7187,312.17316,56.568700000000035,39.02316000000002
2022-05-26 08:00:00,24.5,85.75,330.962,312.7828,57.81200000000001,39.63280000000003
2022-05-26 08:00:00,24.5,86.0,330.962,312.7828,57.81200000000001,39.63280000000003
2022-05-26 08:00:00,24.5,86.25,329.84583,312.14948,56.69583,38.999480000000005
2022-05-26 08:00:00,24.5,86.5,330.87195,312.73297,57.72195000000005,39.582970000000046
2022-05-26 08:00:00,24.5,86.75,331.6563,313.445,58.50630000000001,40.295000000000016
2022-05-26 08:00:00,24.5,87.0,331.55026,313.46835,58.40026,40.31835000000001
2022-05-26 08:00:00,24.5,87.25,330.82886,313.18124,57.67886000000004,40.031240000000025
2022-05-26 08:00:00,24.5,87.5,329.93307,313.4125,56.78307000000001,40.262500000000045
2022-05-26 08:00:00,24.5,87.75,330.066,314.0633,56.916,40.91330000000005
2022-05-26 08:00:00,24.5,88.0,330.36325,314.2416,57.213250000000016,41.09160000000003
2022-05-26 08:00:00,24.5,88.25,330.36325,314.2416,57.213250000000016,41.09160000000003
2022-05-26 08:00:00,24.5,88.5,330.4072,313.96014,57.25720000000001,40.81014000000005
2022-05-26 08:00:00,24.5,88.75,330.71262,313.61053,57.56262000000004,40.460530000000006
2022-05-26 08:00:00,24.5,89.0,329.72623,312.70688,56.57623000000001,39.556880000000035
2022-05-26 08:00:00,24.5,89.25,328.58783,311.94913,55.43783000000002,38.79913000000005
2022-05-26 08:00:00,24.5,89.5,327.1356,311.9339,53.985600000000034,38.78390000000002
2022-05-26 08:00:00,24.5,89.75,324.37173,311.3959,51.221730000000036,38.245900000000006
2022-05-26 08:00:00,24.5,90.0,325.49927,311.23853,52.34927000000005,38.08853000000005
2022-05-26 08:00:00,24.25,85.5,327.52548,310.4661,54.37548000000004,37.316100000000006
2022-05-26 08:00:00,24.25,85.75,329.84378,311.78845,56.693780000000004,38.638450000000034
2022-05-26 08:00:00,24.25,86.0,329.84378,311.78845,56.693780000000004,38.638450000000034
2022-05-26 08:00:00,24.25,86.25,330.37082,312.17307,57.22082,39.02307000000002
2022-05-26 08:00:00,24.25,86.5,330.83206,312.7045,57.682060000000035,39.55450000000002
2022-05-26 08:00:00,24.25,86.75,330.97092,313.2835,57.82092,40.133500000000026
2022-05-26 08:00:00,24.25,87.0,331.0764,313.63293,57.9264,40.48293000000001
2022-05-26 08:00:00,24.25,87.25,330.6601,313.30936,57.51010000000002,40.15936000000005
2022-05-26 08:00:00,24.25,87.5,330.74982,313.5965,57.59982000000002,40.446500000000015
2022-05-26 08:00:00,24.25,87.75,331.50528,314.5285,58.35528000000005,41.37850000000003
2022-05-26 08:00:00,24.25,88.0,331.77573,314.9603,58.62573000000003,41.81030000000004
2022-05-26 08:00:00,24.25,88.25,331.77573,314.9603,58.62573000000003,41.81030000000004
2022-05-26 08:00:00,24.25,88.5,331.07956,314.55807,57.92956000000004,41.40807000000001
2022-05-26 08:00:00,24.25,88.75,330.10916,313.70786,56.95916,40.557860000000005
2022-05-26 08:00:00,24.25,89.0,329.4694,312.80124,56.31940000000003,39.65124000000003
2022-05-26 08:00:00,24.25,89.25,328.86896,312.36774,55.71896000000004,39.21774000000005
2022-05-26 08:00:00,24.25,89.5,327.38156,311.904,54.23156,38.75400000000002
2022-05-26 08:00:00,24.25,89.75,325.57657,311.62988,52.42657000000003,38.47988000000004
2022-05-26 08:00:00,24.25,90.0,326.71716,311.56393,53.56716,38.41393000000005
2022-05-26 08:00:00,24.0,85.5,326.5003,309.66086,53.350300000000004,36.51086000000004
2022-05-26 08:00:00,24.0,85.75,326.9861,310.30322,53.836100000000044,37.15322000000003
2022-05-26 08:00:00,24.0,86.0,326.9861,310.30322,53.836100000000044,37.15322000000003
2022-05-26 08:00:00,24.0,86.25,327.8146,310.86072,54.66460000000001,37.71072000000004
2022-05-26 08:00:00,24.0,86.5,329.58267,312.33572,56.43267000000003,39.18572
2022-05-26 08:00:00,24.0,86.75,330.75107,313.4263,57.60107000000005,40.27630000000005
2022-05-26 08:00:00,24.0,87.0,331.39075,314.05148,58.24075000000005,40.90148000000005
2022-05-26 08:00:00,24.0,87.25,331.1655,314.36444,58.01550000000003,41.214440000000025
2022-05-26 08:00:00,24.0,87.5,331.06943,314.57227,57.919430000000034,41.422270000000026
2022-05-26 08:00:00,24.0,87.75,331.45227,314.77948,58.30227000000002,41.62948
2022-05-26 08:00:00,24.0,88.0,331.22244,314.92853,58.07244000000003,41.778530000000046
2022-05-26 08:00:00,24.0,88.25,331.22244,314.92853,58.07244000000003,41.778530000000046
2022-05-26 08:00:00,24.0,88.5,330.70306,314.84622,57.553060000000016,41.69622000000004
2022-05-26 08:00:00,24.0,88.75,330.4738,314.25458,57.323800000000006,41.10458
2022-05-26 08:00:00,24.0,89.0,329.18112,313.2435,56.031120000000044,40.093500000000006
2022-05-26 08:00:00,24.0,89.25,328.2543,312.6713,55.10430000000002,39.5213
2022-05-26 08:00:00,24.0,89.5,328.23624,312.475,55.08624000000003,39.325000000000045
2022-05-26 08:00:00,24.0,89.75,326.67877,312.06802,53.52877000000001,38.91802000000001
2022-05-26 08:00:00,24.0,90.0,327.73883,312.03342,54.58883000000003,38.88342
2022-05-26 08:00:00,23.75,85.5,328.12384,310.93613,54.973839999999996,37.786130000000014
2022-05-26 08:00:00,23.75,85.75,326.45544,311.33163,53.30544000000003,38.18163000000004
2022-05-26 08:00:00,23.75,86.0,326.45544,311.33163,53.30544000000003,38.18163000000004
2022-05-26 08:00:00,23.75,86.25,327.667,312.4622,54.516999999999996,39.31220000000002
2022-05-26 08:00:00,23.75,86.5,329.10162,313.6707,55.95162000000005,40.52070000000003
2022-05-26 08:00:00,23.75,86.75,328.69803,313.87637,55.54803000000004,40.72637000000003
2022-05-26 08:00:00,23.75,87.0,330.45572,314.29135,57.30572000000001,41.141350000000045
2022-05-26 08:00:00,23.75,87.25,331.62204,314.992,58.47204000000005,41.84200000000004
2022-05-26 08:00:00,23.75,87.5,332.10574,315.31235,58.95574000000005,42.16235
2022-05-26 08:00:00,23.75,87.75,332.1329,315.33917,58.98290000000003,42.18917000000005
2022-05-26 08:00:00,23.75,88.0,331.04535,315.14514,57.89535000000001,41.99514000000005
2022-05-26 08:00:00,23.75,88.25,331.04535,315.14514,57.89535000000001,41.99514000000005
2022-05-26 08:00:00,23.75,88.5,329.80237,314.74063,56.65237000000002,41.59063000000003
2022-05-26 08:00:00,23.75,88.75,329.45273,314.35425,56.30273,41.20425
2022-05-26 08:00:00,23.75,89.0,329.13007,313.8531,55.98007000000001,40.703100000000006
2022-05-26 08:00:00,23.75,89.25,329.06464,313.3407,55.91464000000002,40.19070000000005
2022-05-26 08:00:00,23.75,89.5,329.3021,313.09763,56.15210000000002,39.947630000000004
2022-05-26 08:00:00,23.75,89.75,328.1786,312.94357,55.02860000000004,39.793570000000045
2022-05-26 08:00:00,23.75,90.0,326.78766,312.26218,53.63766000000004,39.11218000000002
2022-05-26 08:00:00,23.5,85.5,327.9433,310.6851,54.793300000000045,37.5351
2022-05-26 08:00:00,23.5,85.75,327.62833,312.20905,54.47833000000003,39.05905000000001
2022-05-26 08:00:00,23.5,86.0,327.62833,312.20905,54.47833000000003,39.05905000000001
2022-05-26 08:00:00,23.5,86.25,328.79114,312.94043,55.64114000000001,39.790430000000015
2022-05-26 08:00:00,23.5,86.5,330.1884,313.85193,57.038400000000024,40.701930000000004
2022-05-26 08:00:00,23.5,86.75,330.19464,314.19995,57.044640000000015,41.049950000000024
2022-05-26 08:00:00,23.5,87.0,330.31195,314.3543,57.16195000000005,41.204300000000046
2022-05-26 08:00:00,23.5,87.25,330.58575,314.65445,57.43575000000004,41.50445000000002
2022-05-26 08:00:00,23.5,87.5,331.1585,314.8685,58.008500000000026,41.718500000000006
2022-05-26 08:00:00,23.5,87.75,331.58252,314.90393,58.43252000000001,41.753930000000025
2022-05-26 08:00:00,23.5,88.0,330.75818,314.65747,57.608180000000004,41.50747000000001
2022-05-26 08:00:00,23.5,88.25,330.75818,314.65747,57.608180000000004,41.50747000000001
2022-05-26 08:00:00,23.5,88.5,329.58798,314.24734,56.43798000000004,41.09734000000003
2022-05-26 08:00:00,23.5,88.75,329.2801,313.85742,56.13010000000003,40.70742000000001
2022-05-26 08:00:00,23.5,89.0,328.84732,313.34415,55.69732000000005,40.194150000000036
2022-05-26 08:00:00,23.5,89.25,329.3017,313.21,56.151700000000005,40.06
2022-05-26 08:00:00,23.5,89.5,329.60205,313.36697,56.45205000000004,40.21697
2022-05-26 08:00:00,23.5,89.75,329.7749,313.39343,56.624900000000025,40.243430000000046
2022-05-26 08:00:00,23.5,90.0,327.7504,313.18387,54.600400000000036,40.033870000000036
2022-05-26 08:00:00,23.25,85.5,327.7282,311.35825,54.57820000000004,38.20825000000002
2022-05-26 08:00:00,23.25,85.75,328.20523,312.6529,55.055229999999995,39.50290000000001
2022-05-26 08:00:00,23.25,86.0,328.20523,312.6529,55.055229999999995,39.50290000000001
2022-05-26 08:00:00,23.25,86.25,327.47137,312.44864,54.32137,39.298640000000034
2022-05-26 08:00:00,23.25,86.5,328.5454,313.13376,55.395399999999995,39.98376000000002
2022-05-26 08:00:00,23.25,86.75,329.125,313.67355,55.97500000000002,40.52355
2022-05-26 08:00:00,23.25,87.0,329.0435,314.00595,55.89350000000002,40.85595000000001
2022-05-26 08:00:00,23.25,87.25,330.00046,314.72528,56.85046,41.57528000000002
2022-05-26 08:00:00,23.25,87.5,331.20383,315.10074,58.053830000000005,41.950739999999996
2022-05-26 08:00:00,23.25,87.75,332.15393,315.32477,59.003930000000025,42.174770000000024
2022-05-26 08:00:00,23.25,88.0,332.45316,315.34015,59.30316000000005,42.19015000000002
2022-05-26 08:00:00,23.25,88.25,332.45316,315.34015,59.30316000000005,42.19015000000002
2022-05-26 08:00:00,23.25,88.5,331.60214,314.89908,58.45214000000004,41.74908000000005
2022-05-26 08:00:00,23.25,88.75,330.30807,314.40866,57.15807000000001,41.25866000000002
2022-05-26 08:00:00,23.25,89.0,329.40915,313.81323,56.259150000000034,40.66323
2022-05-26 08:00:00,23.25,89.25,328.62204,313.33325,55.47204000000005,40.183250000000044
2022-05-26 08:00:00,23.25,89.5,328.17087,313.2234,55.02087,40.07340000000005
2022-05-26 08:00:00,23.25,89.75,328.2069,313.14377,55.05690000000004,39.99377000000004
2022-05-26 08:00:00,23.25,90.0,328.32956,313.031,55.17956000000004,39.88100000000003
2022-05-26 08:00:00,23.0,85.5,326.42612,311.02686,53.27612000000005,37.87686000000002
2022-05-26 08:00:00,23.0,85.75,326.6217,312.474,53.4717,39.32400000000001
2022-05-26 08:00:00,23.0,86.0,326.6217,312.474,53.4717,39.32400000000001
2022-05-26 08:00:00,23.0,86.25,327.28735,313.04758,54.137350000000026,39.897580000000005
2022-05-26 08:00:00,23.0,86.5,328.56436,313.5426,55.414360000000045,40.392600000000016
2022-05-26 08:00:00,23.0,86.75,327.58954,313.65262,54.43954000000002,40.502620000000036
2022-05-26 08:00:00,23.0,87.0,327.4446,313.7335,54.2946,40.583500000000015
2022-05-26 08:00:00,23.0,87.25,328.45776,314.29407,55.30776000000003,41.14407
2022-05-26 08:00:00,23.0,87.5,330.61844,314.9767,57.468440000000044,41.82670000000002
2022-05-26 08:00:00,23.0,87.75,332.44934,315.5426,59.29934000000003,42.392600000000016
2022-05-26 08:00:00,23.0,88.0,332.94846,315.60483,59.798460000000034,42.454830000000015
2022-05-26 08:00:00,23.0,88.25,332.94846,315.60483,59.798460000000034,42.454830000000015
2022-05-26 08:00:00,23.0,88.5,332.3954,315.33005,59.24540000000002,42.18005000000005
2022-05-26 08:00:00,23.0,88.75,331.05054,315.0942,57.900540000000035,41.94420000000002
2022-05-26 08:00:00,23.0,89.0,329.36182,314.2937,56.211820000000046,41.143700000000024
2022-05-26 08:00:00,23.0,89.25,327.59796,313.26932,54.44796000000002,40.119320000000016
2022-05-26 08:00:00,23.0,89.5,325.85263,312.23795,52.70263,39.087950000000035
2022-05-26 08:00:00,23.0,89.75,326.7306,312.3627,53.580600000000004,39.21270000000004
2022-05-26 08:00:00,23.0,90.0,327.08368,312.99606,53.93368000000004,39.84606000000002
2022-05-26 08:00:00,22.75,85.5,327.26147,311.9923,54.11147,38.84230000000002
2022-05-26 08:00:00,22.75,85.75,328.83542,313.6083,55.68542000000002,40.45830000000001
2022-05-26 08:00:00,22.75,86.0,328.83542,313.6083,55.68542000000002,40.45830000000001
2022-05-26 08:00:00,22.75,86.25,328.52487,313.38602,55.374870000000044,40.236019999999996
2022-05-26 08:00:00,22.75,86.5,328.0359,313.6427,54.88590000000005,40.49270000000001
2022-05-26 08:00:00,22.75,86.75,328.64423,314.431,55.494230000000016,41.281000000000006
2022-05-26 08:00:00,22.75,87.0,327.7129,314.24628,54.56290000000001,41.096280000000036
2022-05-26 08:00:00,22.75,87.25,328.96118,314.4966,55.811180000000036,41.346600000000024
2022-05-26 08:00:00,22.75,87.5,330.3679,314.9592,57.21790000000004,41.80920000000003
2022-05-26 08:00:00,22.75,87.75,331.59387,315.07877,58.443870000000004,41.92877000000004
2022-05-26 08:00:00,22.75,88.0,331.3344,314.78256,58.18440000000004,41.63256000000001
2022-05-26 08:00:00,22.75,88.25,331.3344,314.78256,58.18440000000004,41.63256000000001
2022-05-26 08:00:00,22.75,88.5,330.0275,314.511,56.8775,41.36100000000005
2022-05-26 08:00:00,22.75,88.75,328.28683,313.9327,55.13683000000003,40.782700000000034
2022-05-26 08:00:00,22.75,89.0,325.97983,313.20953,52.829830000000015,40.059529999999995
2022-05-26 08:00:00,22.75,89.25,324.22943,312.5597,51.07943,39.40970000000004
2022-05-26 08:00:00,22.75,89.5,325.1179,312.1654,51.96790000000004,39.0154
2022-05-26 08:00:00,22.75,89.75,327.29813,312.5905,54.14813000000004,39.44050000000004
2022-05-26 08:00:00,22.75,90.0,326.89114,312.4869,53.74114000000003,39.336900000000014
2022-05-26 08:00:00,22.5,85.5,327.26147,311.9923,54.11147,38.84230000000002
2022-05-26 08:00:00,22.5,85.75,328.83542,313.6083,55.68542000000002,40.45830000000001
2022-05-26 08:00:00,22.5,86.0,328.83542,313.6083,55.68542000000002,40.45830000000001
2022-05-26 08:00:00,22.5,86.25,328.52487,313.38602,55.374870000000044,40.236019999999996
2022-05-26 08:00:00,22.5,86.5,328.0359,313.6427,54.88590000000005,40.49270000000001
2022-05-26 08:00:00,22.5,86.75,328.64423,314.431,55.494230000000016,41.281000000000006
2022-05-26 08:00:00,22.5,87.0,327.7129,314.24628,54.56290000000001,41.096280000000036
2022-05-26 08:00:00,22.5,87.25,328.96118,314.4966,55.811180000000036,41.346600000000024
2022-05-26 08:00:00,22.5,87.5,330.3679,314.9592,57.21790000000004,41.80920000000003
2022-05-26 08:00:00,22.5,87.75,331.59387,315.07877,58.443870000000004,41.92877000000004
2022-05-26 08:00:00,22.5,88.0,331.3344,314.78256,58.18440000000004,41.63256000000001
2022-05-26 08:00:00,22.5,88.25,331.3344,314.78256,58.18440000000004,41.63256000000001
2022-05-26 08:00:00,22.5,88.5,330.0275,314.511,56.8775,41.36100000000005
2022-05-26 08:00:00,22.5,88.75,328.28683,313.9327,55.13683000000003,40.782700000000034
2022-05-26 08:00:00,22.5,89.0,325.97983,313.20953,52.829830000000015,40.059529999999995
2022-05-26 08:00:00,22.5,89.25,324.22943,312.5597,51.07943,39.40970000000004
2022-05-26 08:00:00,22.5,89.5,325.1179,312.1654,51.96790000000004,39.0154
2022-05-26 08:00:00,22.5,89.75,327.29813,312.5905,54.14813000000004,39.44050000000004
2022-05-26 08:00:00,22.5,90.0,326.89114,312.4869,53.74114000000003,39.336900000000014
2022-05-26 08:00:00,22.25,85.5,326.81232,310.8283,53.66232000000002,37.678300000000036
2022-05-26 08:00:00,22.25,85.75,327.3199,311.7974,54.16990000000004,38.647400000000005
2022-05-26 08:00:00,22.25,86.0,327.3199,311.7974,54.16990000000004,38.647400000000005
2022-05-26 08:00:00,22.25,86.25,326.68863,311.8509,53.53863000000001,38.70090000000005
2022-05-26 08:00:00,22.25,86.5,326.7334,313.2045,53.58340000000004,40.05450000000002
2022-05-26 08:00:00,22.25,86.75,328.22876,314.34625,55.078760000000045,41.19625000000002
2022-05-26 08:00:00,22.25,87.0,327.98904,313.95248,54.83904000000001,40.80248
2022-05-26 08:00:00,22.25,87.25,328.66107,313.9114,55.51107000000002,40.76140000000004
2022-05-26 08:00:00,22.25,87.5,329.3243,314.19684,56.17430000000002,41.04684000000003
2022-05-26 08:00:00,22.25,87.75,328.42404,313.57074,55.274040000000014,40.42074000000002
2022-05-26 08:00:00,22.25,88.0,329.20334,313.42944,56.05334000000005,40.27944000000002
2022-05-26 08:00:00,22.25,88.25,329.20334,313.42944,56.05334000000005,40.27944000000002
2022-05-26 08:00:00,22.25,88.5,329.97232,313.63773,56.82232000000005,40.48773
2022-05-26 08:00:00,22.25,88.75,328.7864,313.04294,55.63640000000004,39.89294000000001
2022-05-26 08:00:00,22.25,89.0,326.77402,312.41272,53.62402000000003,39.26272
2022-05-26 08:00:00,22.25,89.25,325.64996,312.7059,52.499960000000044,39.55590000000001
2022-05-26 08:00:00,22.25,89.5,326.05194,313.20978,52.901940000000025,40.059780000000046
2022-05-26 08:00:00,22.25,89.75,327.23438,312.99887,54.08438000000001,39.84887000000003
2022-05-26 08:00:00,22.25,90.0,327.92032,312.13293,54.77032000000003,38.98293000000001
2022-05-26 08:00:00,22.0,85.5,326.69977,310.28134,53.549770000000024,37.13134000000002
2022-05-26 08:00:00,22.0,85.75,327.21454,310.90198,54.06454000000002,37.75198
2022-05-26 08:00:00,22.0,86.0,327.21454,310.90198,54.06454000000002,37.75198
2022-05-26 08:00:00,22.0,86.25,325.0496,309.538,51.89960000000002,36.388000000000034
2022-05-26 08:00:00,22.0,86.5,325.55252,312.11438,52.40252000000004,38.964380000000006
2022-05-26 08:00:00,22.0,86.75,328.70074,314.4781,55.55074000000002,41.328100000000006
2022-05-26 08:00:00,22.0,87.0,329.16376,313.82925,56.01376000000005,40.679250000000025
2022-05-26 08:00:00,22.0,87.25,329.47238,313.44406,56.32238000000001,40.29406
2022-05-26 08:00:00,22.0,87.5,328.9802,313.29535,55.83020000000005,40.14535000000001
2022-05-26 08:00:00,22.0,87.75,327.98685,312.1603,54.83685000000003,39.01030000000003
2022-05-26 08:00:00,22.0,88.0,328.33112,312.1052,55.18112000000002,38.95520000000005
2022-05-26 08:00:00,22.0,88.25,328.33112,312.1052,55.18112000000002,38.95520000000005
2022-05-26 08:00:00,22.0,88.5,327.7971,311.75354,54.64710000000002,38.60354000000001
2022-05-26 08:00:00,22.0,88.75,326.9159,310.5928,53.765900000000045,37.442800000000034
2022-05-26 08:00:00,22.0,89.0,326.81436,310.3947,53.664360000000045,37.24470000000002
2022-05-26 08:00:00,22.0,89.25,326.58664,311.33298,53.43664000000001,38.18298000000004
2022-05-26 08:00:00,22.0,89.5,326.30682,311.9726,53.15682000000004,38.82260000000002
2022-05-26 08:00:00,22.0,89.75,326.70065,311.72287,53.55065000000002,38.57287000000002
2022-05-26 08:00:00,22.0,90.0,326.92438,310.8238,53.77438000000001,37.67380000000003
2022-05-26 08:00:00,21.75,85.5,328.54813,310.84204,55.39813000000004,37.69204000000002
2022-05-26 08:00:00,21.75,85.75,328.85083,310.8172,55.700829999999996,37.66720000000004
2022-05-26 08:00:00,21.75,86.0,328.85083,310.8172,55.700829999999996,37.66720000000004
2022-05-26 08:00:00,21.75,86.25,322.8263,307.49048,49.676300000000026,34.340480000000014
2022-05-26 08:00:00,21.75,86.5,323.5279,310.7887,50.37790000000001,37.63870000000003
2022-05-26 08:00:00,21.75,86.75,329.14606,314.23233,55.99606,41.08233000000001
2022-05-26 08:00:00,21.75,87.0,329.90985,313.2494,56.75985000000003,40.0994
2022-05-26 08:00:00,21.75,87.25,330.30588,313.03568,57.155880000000025,39.885680000000036
2022-05-26 08:00:00,21.75,87.5,329.06915,312.13623,55.91915,38.986230000000035
2022-05-26 08:00:00,21.75,87.75,322.4947,308.59558,49.344700000000046,35.44558000000001
2022-05-26 08:00:00,21.75,88.0,324.4251,309.0142,51.27510000000001,35.86420000000004
2022-05-26 08:00:00,21.75,88.25,324.4251,309.0142,51.27510000000001,35.86420000000004
2022-05-26 08:00:00,21.75,88.5,323.66705,308.47733,50.51705000000004,35.32733000000002
2022-05-26 08:00:00,21.75,88.75,323.05307,307.49228,49.903070000000014,34.34228000000002
2022-05-26 08:00:00,21.75,89.0,328.34726,309.38007,55.19726000000003,36.23007000000001
2022-05-26 08:00:00,21.75,89.25,327.39493,309.63147,54.24493000000001,36.48147
2022-05-26 08:00:00,21.75,89.5,321.20255,307.29327,48.05255,34.14327000000003
2022-05-26 08:00:00,21.75,89.75,321.21057,306.79126,48.06057000000004,33.641260000000045
2022-05-26 08:00:00,21.75,90.0,320.86505,306.64145,47.71505000000002,33.49145000000004
2022-05-26 08:00:00,21.5,85.5,328.98007,310.72855,55.830070000000035,37.57855000000001
2022-05-26 08:00:00,21.5,85.75,329.3773,312.07837,56.227300000000014,38.92837000000003
2022-05-26 08:00:00,21.5,86.0,329.3773,312.07837,56.227300000000014,38.92837000000003
2022-05-26 08:00:00,21.5,86.25,327.47232,311.09427,54.32232000000005,37.94427000000002
2022-05-26 08:00:00,21.5,86.5,327.1537,312.34885,54.00370000000004,39.19885000000005
2022-05-26 08:00:00,21.5,86.75,329.80124,314.6422,56.65124000000003,41.492200000000025
2022-05-26 08:00:00,21.5,87.0,321.66306,309.21054,48.513059999999996,36.06054
2022-05-26 08:00:00,21.5,87.25,319.70135,306.89725,46.55135000000001,33.74725000000001
2022-05-26 08:00:00,21.5,87.5,319.70306,306.44254,46.553060000000016,33.29254000000003
2022-05-26 08:00:00,21.5,87.75,319.71838,305.67303,46.56838000000005,32.523030000000006
2022-05-26 08:00:00,21.5,88.0,319.96567,305.79556,46.81567000000001,32.645560000000046
2022-05-26 08:00:00,21.5,88.25,319.96567,305.79556,46.81567000000001,32.645560000000046
2022-05-26 08:00:00,21.5,88.5,320.31442,306.02734,47.16442000000001,32.877340000000004
2022-05-26 08:00:00,21.5,88.75,320.4878,306.0822,47.337800000000016,32.93220000000002
2022-05-26 08:00:00,21.5,89.0,320.50153,306.22556,47.351530000000025,33.075559999999996
2022-05-26 08:00:00,21.5,89.25,320.55383,306.20782,47.40383000000003,33.05782000000005
2022-05-26 08:00:00,21.5,89.5,320.6791,306.18918,47.52910000000003,33.039180000000044
2022-05-26 08:00:00,21.5,89.75,320.78806,306.45343,47.638059999999996,33.30343000000005
2022-05-26 08:00:00,21.5,90.0,320.9095,306.97943,47.7595,33.82943
2022-05-26 08:00:00,21.25,85.5,329.47778,311.44266,56.32778000000002,38.29266000000001
2022-05-26 08:00:00,21.25,85.75,330.58115,313.3478,57.43115,40.19780000000003
2022-05-26 08:00:00,21.25,86.0,330.58115,313.3478,57.43115,40.19780000000003
2022-05-26 08:00:00,21.25,86.25,330.13364,314.0087,56.98364000000004,40.8587
2022-05-26 08:00:00,21.25,86.5,330.93002,314.45776,57.780020000000036,41.30776000000003
2022-05-26 08:00:00,21.25,86.75,326.77454,313.56186,53.624540000000025,40.41186000000005
2022-05-26 08:00:00,21.25,87.0,320.79388,308.6502,47.643880000000024,35.50020000000001
2022-05-26 08:00:00,21.25,87.25,319.58646,306.51508,46.43646000000001,33.365080000000034
2022-05-26 08:00:00,21.25,87.5,319.63995,306.2106,46.48995000000002,33.06060000000002
2022-05-26 08:00:00,21.25,87.75,319.77582,305.9946,46.62582000000003,32.844600000000014
2022-05-26 08:00:00,21.25,88.0,320.05402,305.87958,46.90402,32.72958
2022-05-26 08:00:00,21.25,88.25,320.05402,305.87958,46.90402,32.72958
2022-05-26 08:00:00,21.25,88.5,320.3039,305.86945,47.15390000000002,32.719449999999995
2022-05-26 08:00:00,21.25,88.75,320.2848,306.01562,47.13480000000004,32.865620000000035
2022-05-26 08:00:00,21.25,89.0,320.1943,306.08334,47.04430000000002,32.933340000000044
2022-05-26 08:00:00,21.25,89.25,320.27606,305.98447,47.126059999999995,32.83447000000001
2022-05-26 08:00:00,21.25,89.5,320.52542,306.17993,47.37542000000002,33.029930000000036
2022-05-26 08:00:00,21.25,89.75,320.96075,306.588,47.81075000000004,33.438000000000045
2022-05-26 08:00:00,21.25,90.0,321.49258,306.7676,48.34258,33.61760000000004
2022-05-26 08:00:00,21.0,85.5,331.51773,313.8287,58.367729999999995,40.67870000000005
2022-05-26 08:00:00,21.0,85.75,332.33536,314.69095,59.18536,41.54095000000001
2022-05-26 08:00:00,21.0,86.0,332.33536,314.69095,59.18536,41.54095000000001
2022-05-26 08:00:00,21.0,86.25,333.22302,315.19727,60.07302000000004,42.047270000000026
2022-05-26 08:00:00,21.0,86.5,332.31726,315.2202,59.16726,42.0702
2022-05-26 08:00:00,21.0,86.75,333.23416,315.5641,60.08416,42.41410000000002
2022-05-26 08:00:00,21.0,87.0,322.2409,309.2504,49.09090000000003,36.100400000000036
2022-05-26 08:00:00,21.0,87.25,319.3994,306.33258,46.24940000000004,33.18258000000003
2022-05-26 08:00:00,21.0,87.5,319.40427,305.65988,46.25427000000002,32.50988000000001
2022-05-26 08:00:00,21.0,87.75,319.59927,305.51553,46.44927000000001,32.365530000000035
2022-05-26 08:00:00,21.0,88.0,319.8874,305.59335,46.73740000000004,32.44335000000001
2022-05-26 08:00:00,21.0,88.25,319.8874,305.59335,46.73740000000004,32.44335000000001
2022-05-26 08:00:00,21.0,88.5,320.16956,305.75287,47.01956000000001,32.602869999999996
2022-05-26 08:00:00,21.0,88.75,320.19867,305.88617,47.048670000000016,32.736170000000016
2022-05-26 08:00:00,21.0,89.0,320.10422,306.0009,46.95422000000002,32.850900000000024
2022-05-26 08:00:00,21.0,89.25,320.25015,306.08246,47.10015000000004,32.93246000000005
2022-05-26 08:00:00,21.0,89.5,320.77332,306.15848,47.623320000000035,33.00848000000002
2022-05-26 08:00:00,21.0,89.75,321.5924,306.2049,48.44240000000002,33.05490000000003
2022-05-26 08:00:00,21.0,90.0,322.40103,306.07184,49.251030000000014,32.92184000000003
2022-05-26 09:00:00,27.5,85.5,322.06506,303.84784,48.91506000000004,30.697840000000042
2022-05-26 09:00:00,27.5,85.75,317.0322,303.4151,43.88220000000001,30.265100000000018
2022-05-26 09:00:00,27.5,86.0,317.0322,303.4151,43.88220000000001,30.265100000000018
2022-05-26 09:00:00,27.5,86.25,312.69684,300.0278,39.54684000000003,26.877800000000036
2022-05-26 09:00:00,27.5,86.5,309.9526,296.7652,36.80260000000004,23.615200000000016
2022-05-26 09:00:00,27.5,86.75,310.29578,295.90402,37.14578,22.754020000000025
2022-05-26 09:00:00,27.5,87.0,311.42905,297.3708,38.27905000000004,24.220799999999997
2022-05-26 09:00:00,27.5,87.25,312.0364,299.11337,38.88640000000004,25.963369999999998
2022-05-26 09:00:00,27.5,87.5,310.131,297.8617,36.980999999999995,24.711700000000008
2022-05-26 09:00:00,27.5,87.75,307.6227,295.01633,34.47270000000003,21.866330000000005
2022-05-26 09:00:00,27.5,88.0,308.4442,294.05774,35.294200000000046,20.907740000000047
2022-05-26 09:00:00,27.5,88.25,308.4442,294.05774,35.294200000000046,20.907740000000047
2022-05-26 09:00:00,27.5,88.5,312.52734,296.01337,39.377340000000004,22.86337000000003
2022-05-26 09:00:00,27.5,88.75,314.71164,295.82974,41.56164000000001,22.679740000000038
2022-05-26 09:00:00,27.5,89.0,312.0478,289.99484,38.89780000000002,16.844840000000033
2022-05-26 09:00:00,27.5,89.25,310.06516,289.7166,36.915160000000014,16.56660000000005
2022-05-26 09:00:00,27.5,89.5,310.7608,292.36133,37.61080000000004,19.211330000000032
2022-05-26 09:00:00,27.5,89.75,309.91895,294.72992,36.76895000000002,21.579920000000016
2022-05-26 09:00:00,27.5,90.0,310.60007,296.9469,37.45007000000004,23.79690000000005
2022-05-26 09:00:00,27.25,85.5,327.7223,310.5364,54.57230000000004,37.38640000000004
2022-05-26 09:00:00,27.25,85.75,322.61108,308.69522,49.46108000000004,35.54522000000003
2022-05-26 09:00:00,27.25,86.0,322.61108,308.69522,49.46108000000004,35.54522000000003
2022-05-26 09:00:00,27.25,86.25,316.1226,304.99448,42.9726,31.844480000000033
2022-05-26 09:00:00,27.25,86.5,312.85123,302.41922,39.70123000000001,29.26922000000002
2022-05-26 09:00:00,27.25,86.75,315.89948,302.17856,42.749480000000005,29.028560000000027
2022-05-26 09:00:00,27.25,87.0,318.60257,302.6042,45.45257000000004,29.454200000000014
2022-05-26 09:00:00,27.25,87.25,317.1775,302.79013,44.02750000000003,29.64013
2022-05-26 09:00:00,27.25,87.5,314.41025,301.08978,41.26025000000004,27.93978000000004
2022-05-26 09:00:00,27.25,87.75,312.5603,297.91168,39.41030000000001,24.761680000000013
2022-05-26 09:00:00,27.25,88.0,314.26596,299.10526,41.11596000000003,25.95526000000001
2022-05-26 09:00:00,27.25,88.25,314.26596,299.10526,41.11596000000003,25.95526000000001
2022-05-26 09:00:00,27.25,88.5,319.2969,304.2232,46.14690000000002,31.073200000000043
2022-05-26 09:00:00,27.25,88.75,321.0996,304.3139,47.94960000000003,31.163900000000012
2022-05-26 09:00:00,27.25,89.0,317.08957,299.72064,43.93957,26.570640000000026
2022-05-26 09:00:00,27.25,89.25,314.24545,298.12042,41.09545000000003,24.970420000000047
2022-05-26 09:00:00,27.25,89.5,312.07504,295.6235,38.925040000000024,22.4735
2022-05-26 09:00:00,27.25,89.75,312.06467,295.8972,38.91467,22.74720000000002
2022-05-26 09:00:00,27.25,90.0,314.30368,297.6504,41.15368000000001,24.500400000000013
2022-05-26 09:00:00,27.0,85.5,327.7223,310.5364,54.57230000000004,37.38640000000004
2022-05-26 09:00:00,27.0,85.75,322.61108,308.69522,49.46108000000004,35.54522000000003
2022-05-26 09:00:00,27.0,86.0,322.61108,308.69522,49.46108000000004,35.54522000000003
2022-05-26 09:00:00,27.0,86.25,316.1226,304.99448,42.9726,31.844480000000033
2022-05-26 09:00:00,27.0,86.5,312.85123,302.41922,39.70123000000001,29.26922000000002
2022-05-26 09:00:00,27.0,86.75,315.89948,302.17856,42.749480000000005,29.028560000000027
2022-05-26 09:00:00,27.0,87.0,318.60257,302.6042,45.45257000000004,29.454200000000014
2022-05-26 09:00:00,27.0,87.25,317.1775,302.79013,44.02750000000003,29.64013
2022-05-26 09:00:00,27.0,87.5,314.41025,301.08978,41.26025000000004,27.93978000000004
2022-05-26 09:00:00,27.0,87.75,312.5603,297.91168,39.41030000000001,24.761680000000013
2022-05-26 09:00:00,27.0,88.0,314.26596,299.10526,41.11596000000003,25.95526000000001
2022-05-26 09:00:00,27.0,88.25,314.26596,299.10526,41.11596000000003,25.95526000000001
2022-05-26 09:00:00,27.0,88.5,319.2969,304.2232,46.14690000000002,31.073200000000043
2022-05-26 09:00:00,27.0,88.75,321.0996,304.3139,47.94960000000003,31.163900000000012
2022-05-26 09:00:00,27.0,89.0,317.08957,299.72064,43.93957,26.570640000000026
2022-05-26 09:00:00,27.0,89.25,314.24545,298.12042,41.09545000000003,24.970420000000047
2022-05-26 09:00:00,27.0,89.5,312.07504,295.6235,38.925040000000024,22.4735
2022-05-26 09:00:00,27.0,89.75,312.06467,295.8972,38.91467,22.74720000000002
2022-05-26 09:00:00,27.0,90.0,314.30368,297.6504,41.15368000000001,24.500400000000013
2022-05-26 09:00:00,26.75,85.5,329.90665,312.28107,56.756650000000036,39.13107000000002
2022-05-26 09:00:00,26.75,85.75,327.1277,311.8124,53.97770000000003,38.66240000000005
2022-05-26 09:00:00,26.75,86.0,327.1277,311.8124,53.97770000000003,38.66240000000005
2022-05-26 09:00:00,26.75,86.25,324.56775,310.8229,51.41775000000001,37.67290000000003
2022-05-26 09:00:00,26.75,86.5,322.66565,309.33698,49.51565000000005,36.186980000000005
2022-05-26 09:00:00,26.75,86.75,323.5229,308.85693,50.372900000000016,35.70693
2022-05-26 09:00:00,26.75,87.0,324.1953,308.11325,51.0453,34.963250000000016
2022-05-26 09:00:00,26.75,87.25,322.6912,307.23975,49.5412,34.08975000000004
2022-05-26 09:00:00,26.75,87.5,319.64468,305.02377,46.49468000000002,31.873770000000036
2022-05-26 09:00:00,26.75,87.75,317.75684,302.69742,44.606840000000034,29.547420000000045
2022-05-26 09:00:00,26.75,88.0,318.76505,303.23627,45.61505,30.086270000000013
2022-05-26 09:00:00,26.75,88.25,318.76505,303.23627,45.61505,30.086270000000013
2022-05-26 09:00:00,26.75,88.5,322.1846,306.60385,49.03460000000001,33.453850000000045
2022-05-26 09:00:00,26.75,88.75,324.9326,309.272,51.7826,36.122000000000014
2022-05-26 09:00:00,26.75,89.0,324.00986,309.20663,50.859860000000026,36.05663000000004
2022-05-26 09:00:00,26.75,89.25,322.11603,307.791,48.966030000000046,34.64100000000002
2022-05-26 09:00:00,26.75,89.5,320.00256,304.02383,46.85256000000004,30.873829999999998
2022-05-26 09:00:00,26.75,89.75,318.39008,302.18323,45.240080000000034,29.033230000000003
2022-05-26 09:00:00,26.75,90.0,320.1597,304.34695,47.00970000000001,31.196950000000015
2022-05-26 09:00:00,26.5,85.5,331.18814,312.9543,58.03814,39.80430000000001
2022-05-26 09:00:00,26.5,85.75,329.10837,311.754,55.95837,38.60400000000004
2022-05-26 09:00:00,26.5,86.0,329.10837,311.754,55.95837,38.60400000000004
2022-05-26 09:00:00,26.5,86.25,328.71753,312.2105,55.56753000000003,39.06050000000005
2022-05-26 09:00:00,26.5,86.5,329.29242,312.1413,56.142420000000016,38.991300000000024
2022-05-26 09:00:00,26.5,86.75,329.25885,312.18655,56.10885000000002,39.036550000000034
2022-05-26 09:00:00,26.5,87.0,329.2107,312.86072,56.0607,39.71072000000004
2022-05-26 09:00:00,26.5,87.25,329.1858,312.13318,56.035799999999995,38.983180000000004
2022-05-26 09:00:00,26.5,87.5,328.19946,310.722,55.04946000000001,37.572
2022-05-26 09:00:00,26.5,87.75,326.984,310.5193,53.834,37.36930000000001
2022-05-26 09:00:00,26.5,88.0,325.70148,310.27554,52.551480000000026,37.12554
2022-05-26 09:00:00,26.5,88.25,325.70148,310.27554,52.551480000000026,37.12554
2022-05-26 09:00:00,26.5,88.5,323.9525,309.33276,50.80250000000001,36.18276000000003
2022-05-26 09:00:00,26.5,88.75,322.77795,308.96478,49.62795,35.81478000000004
2022-05-26 09:00:00,26.5,89.0,323.0489,308.5186,49.898900000000026,35.368600000000015
2022-05-26 09:00:00,26.5,89.25,324.1559,308.59756,51.0059,35.44756000000001
2022-05-26 09:00:00,26.5,89.5,324.85272,308.43817,51.70272,35.28817000000004
2022-05-26 09:00:00,26.5,89.75,324.37405,307.3098,51.224050000000034,34.15980000000002
2022-05-26 09:00:00,26.5,90.0,324.50092,307.60727,51.35092000000003,34.45727000000005
2022-05-26 09:00:00,26.25,85.5,330.42416,312.2134,57.274159999999995,39.0634
2022-05-26 09:00:00,26.25,85.75,331.49417,312.0279,58.34417000000002,38.87790000000001
2022-05-26 09:00:00,26.25,86.0,331.49417,312.0279,58.34417000000002,38.87790000000001
2022-05-26 09:00:00,26.25,86.25,333.01193,313.42673,59.86193000000003,40.27673000000004
2022-05-26 09:00:00,26.25,86.5,332.3244,313.64783,59.17440000000005,40.49783000000002
2022-05-26 09:00:00,26.25,86.75,330.32156,312.98065,57.17156,39.83065000000005
2022-05-26 09:00:00,26.25,87.0,329.16122,312.63538,56.01122000000004,39.48538000000002
2022-05-26 09:00:00,26.25,87.25,329.7753,312.52164,56.62530000000004,39.37164000000001
2022-05-26 09:00:00,26.25,87.5,330.93607,312.215,57.786069999999995,39.065
2022-05-26 09:00:00,26.25,87.75,330.51395,311.72098,57.363950000000045,38.57098000000002
2022-05-26 09:00:00,26.25,88.0,327.67502,309.99545,54.52502000000004,36.84545000000003
2022-05-26 09:00:00,26.25,88.25,327.67502,309.99545,54.52502000000004,36.84545000000003
2022-05-26 09:00:00,26.25,88.5,323.97858,307.8233,50.828580000000045,34.67330000000004
2022-05-26 09:00:00,26.25,88.75,322.21744,307.6975,49.06744000000003,34.547500000000014
2022-05-26 09:00:00,26.25,89.0,323.58145,308.7453,50.43145000000004,35.59530000000001
2022-05-26 09:00:00,26.25,89.25,326.0098,309.4329,52.85980000000001,36.28290000000004
2022-05-26 09:00:00,26.25,89.5,326.8894,310.28592,53.739400000000046,37.13592
2022-05-26 09:00:00,26.25,89.75,326.24722,310.0306,53.09722000000005,36.880600000000015
2022-05-26 09:00:00,26.25,90.0,326.26688,309.2196,53.11688000000004,36.06960000000004
2022-05-26 09:00:00,26.0,85.5,331.28366,312.64572,58.13366000000002,39.495720000000006
2022-05-26 09:00:00,26.0,85.75,332.14487,313.0956,58.99487000000005,39.94560000000001
2022-05-26 09:00:00,26.0,86.0,332.14487,313.0956,58.99487000000005,39.94560000000001
2022-05-26 09:00:00,26.0,86.25,333.44534,314.02856,60.29534000000001,40.87856000000005
2022-05-26 09:00:00,26.0,86.5,332.30875,314.31024,59.15875,41.160240000000044
2022-05-26 09:00:00,26.0,86.75,331.63065,313.9445,58.480650000000026,40.79450000000003
2022-05-26 09:00:00,26.0,87.0,329.6235,312.64926,56.4735,39.49926000000005
2022-05-26 09:00:00,26.0,87.25,329.85706,312.25275,56.70706000000001,39.102750000000015
2022-05-26 09:00:00,26.0,87.5,331.3203,312.40784,58.1703,39.257840000000044
2022-05-26 09:00:00,26.0,87.75,331.5094,312.37717,58.35940000000005,39.22717
2022-05-26 09:00:00,26.0,88.0,329.5982,311.59784,56.44820000000004,38.44784000000004
2022-05-26 09:00:00,26.0,88.25,329.5982,311.59784,56.44820000000004,38.44784000000004
2022-05-26 09:00:00,26.0,88.5,326.70273,310.2642,53.55273,37.11420000000004
2022-05-26 09:00:00,26.0,88.75,325.16602,309.60648,52.016020000000026,36.45648
2022-05-26 09:00:00,26.0,89.0,325.54123,309.84702,52.39123000000001,36.69702000000001
2022-05-26 09:00:00,26.0,89.25,326.0184,310.17288,52.86840000000001,37.02288000000004
2022-05-26 09:00:00,26.0,89.5,327.05206,310.89642,53.902060000000006,37.74642
2022-05-26 09:00:00,26.0,89.75,326.21396,310.27203,53.06396000000001,37.122029999999995
2022-05-26 09:00:00,26.0,90.0,325.04193,308.8467,51.89193,35.69670000000002
2022-05-26 09:00:00,25.75,85.5,330.91107,312.63992,57.76107000000002,39.48992000000004
2022-05-26 09:00:00,25.75,85.75,331.82886,313.03326,58.67886000000004,39.88326000000001
2022-05-26 09:00:00,25.75,86.0,331.82886,313.03326,58.67886000000004,39.88326000000001
2022-05-26 09:00:00,25.75,86.25,332.3631,313.38205,59.2131,40.232050000000015
2022-05-26 09:00:00,25.75,86.5,331.618,313.41788,58.46800000000002,40.26788000000005
2022-05-26 09:00:00,25.75,86.75,330.5421,313.3854,57.39210000000003,40.23540000000003
2022-05-26 09:00:00,25.75,87.0,328.88852,312.77597,55.73852000000005,39.625969999999995
2022-05-26 09:00:00,25.75,87.25,329.02286,312.53827,55.87286,39.388270000000034
2022-05-26 09:00:00,25.75,87.5,330.38803,312.52548,57.23803000000004,39.37548000000004
2022-05-26 09:00:00,25.75,87.75,331.16418,312.43323,58.01418000000001,39.28323
2022-05-26 09:00:00,25.75,88.0,330.8229,312.27393,57.67290000000003,39.12393000000003
2022-05-26 09:00:00,25.75,88.25,330.8229,312.27393,57.67290000000003,39.12393000000003
2022-05-26 09:00:00,25.75,88.5,329.65668,312.0177,56.50668000000002,38.86770000000001
2022-05-26 09:00:00,25.75,88.75,328.07986,311.76318,54.92986000000002,38.61318
2022-05-26 09:00:00,25.75,89.0,326.86932,311.62433,53.71932000000004,38.47433000000001
2022-05-26 09:00:00,25.75,89.25,326.44272,311.25833,53.29272000000003,38.108330000000024
2022-05-26 09:00:00,25.75,89.5,325.81674,310.5736,52.666740000000004,37.42360000000002
2022-05-26 09:00:00,25.75,89.75,325.13416,309.60553,51.98416000000003,36.45553000000001
2022-05-26 09:00:00,25.75,90.0,326.1384,308.39108,52.98840000000001,35.24108000000001
2022-05-26 09:00:00,25.5,85.5,331.3459,312.92224,58.195899999999995,39.77224000000001
2022-05-26 09:00:00,25.5,85.75,330.7613,312.7404,57.61130000000003,39.590400000000045
2022-05-26 09:00:00,25.5,86.0,330.7613,312.7404,57.61130000000003,39.590400000000045
2022-05-26 09:00:00,25.5,86.25,331.63232,313.20776,58.482320000000016,40.05776000000003
2022-05-26 09:00:00,25.5,86.5,331.706,313.68765,58.55600000000004,40.53765000000004
2022-05-26 09:00:00,25.5,86.75,331.3084,313.94223,58.15840000000003,40.79223000000002
2022-05-26 09:00:00,25.5,87.0,330.17035,313.51462,57.02035000000001,40.36462
2022-05-26 09:00:00,25.5,87.25,329.35745,312.7932,56.207449999999994,39.643200000000036
2022-05-26 09:00:00,25.5,87.5,329.3184,312.5229,56.16840000000002,39.372900000000016
2022-05-26 09:00:00,25.5,87.75,330.25052,312.6607,57.10052000000002,39.51070000000004
2022-05-26 09:00:00,25.5,88.0,331.0876,312.5464,57.93760000000003,39.39640000000003
2022-05-26 09:00:00,25.5,88.25,331.0876,312.5464,57.93760000000003,39.39640000000003
2022-05-26 09:00:00,25.5,88.5,331.31564,312.4004,58.165639999999996,39.25040000000001
2022-05-26 09:00:00,25.5,88.75,330.90396,312.52173,57.753960000000006,39.371730000000014
2022-05-26 09:00:00,25.5,89.0,328.67444,311.93777,55.52444000000003,38.78777000000002
2022-05-26 09:00:00,25.5,89.25,326.3691,310.80267,53.219100000000026,37.65267
2022-05-26 09:00:00,25.5,89.5,325.04813,309.96265,51.89813000000004,36.81265000000002
2022-05-26 09:00:00,25.5,89.75,324.4353,310.03964,51.28530000000001,36.88964000000004
2022-05-26 09:00:00,25.5,90.0,326.2683,309.73676,53.11830000000003,36.58676000000003
2022-05-26 09:00:00,25.25,85.5,333.32385,313.74948,60.173850000000016,40.59948000000003
2022-05-26 09:00:00,25.25,85.75,332.68866,313.59628,59.53866000000005,40.44628
2022-05-26 09:00:00,25.25,86.0,332.68866,313.59628,59.53866000000005,40.44628
2022-05-26 09:00:00,25.25,86.25,331.88773,313.08783,58.73773,39.93783000000002
2022-05-26 09:00:00,25.25,86.5,331.1552,313.14145,58.0052,39.99145000000004
2022-05-26 09:00:00,25.25,86.75,331.46085,313.80423,58.310850000000016,40.65423000000004
2022-05-26 09:00:00,25.25,87.0,331.468,313.94562,58.31800000000004,40.79562000000004
2022-05-26 09:00:00,25.25,87.25,331.2594,313.47418,58.10940000000005,40.32418000000001
2022-05-26 09:00:00,25.25,87.5,330.08072,313.0746,56.93072000000001,39.9246
2022-05-26 09:00:00,25.25,87.75,329.08694,312.94647,55.93694000000005,39.79647
2022-05-26 09:00:00,25.25,88.0,329.68005,312.69803,56.53005000000002,39.54803000000004
2022-05-26 09:00:00,25.25,88.25,329.68005,312.69803,56.53005000000002,39.54803000000004
2022-05-26 09:00:00,25.25,88.5,330.70163,312.63977,57.551630000000046,39.48977000000002
2022-05-26 09:00:00,25.25,88.75,330.4664,312.9648,57.316400000000044,39.81480000000005
2022-05-26 09:00:00,25.25,89.0,329.0404,312.55264,55.8904,39.40264000000002
2022-05-26 09:00:00,25.25,89.25,326.84476,311.5865,53.69476000000003,38.436500000000024
2022-05-26 09:00:00,25.25,89.5,325.4325,310.93045,52.28250000000003,37.78045000000003
2022-05-26 09:00:00,25.25,89.75,324.14505,310.58563,50.99505000000005,37.43563
2022-05-26 09:00:00,25.25,90.0,324.97455,311.04672,51.824550000000045,37.896720000000016
2022-05-26 09:00:00,25.0,85.5,332.695,312.92517,59.545000000000016,39.77517
2022-05-26 09:00:00,25.0,85.75,330.74487,312.9747,57.594870000000014,39.82470000000001
2022-05-26 09:00:00,25.0,86.0,330.74487,312.9747,57.594870000000014,39.82470000000001
2022-05-26 09:00:00,25.0,86.25,330.51453,312.68936,57.36453,39.539360000000045
2022-05-26 09:00:00,25.0,86.5,331.66913,312.63763,58.51913000000002,39.487630000000024
2022-05-26 09:00:00,25.0,86.75,331.9155,313.05652,58.76550000000003,39.90652
2022-05-26 09:00:00,25.0,87.0,331.98627,313.27417,58.83627000000001,40.12417000000005
2022-05-26 09:00:00,25.0,87.25,331.7986,313.33182,58.648600000000044,40.181820000000016
2022-05-26 09:00:00,25.0,87.5,330.3165,313.14767,57.16650000000004,39.99767000000003
2022-05-26 09:00:00,25.0,87.75,329.00104,313.1481,55.85104000000001,39.99810000000002
2022-05-26 09:00:00,25.0,88.0,329.06815,313.18564,55.918150000000026,40.03564
2022-05-26 09:00:00,25.0,88.25,329.06815,313.18564,55.918150000000026,40.03564
2022-05-26 09:00:00,25.0,88.5,330.1374,313.217,56.98740000000004,40.06700000000001
2022-05-26 09:00:00,25.0,88.75,330.567,313.20303,57.41700000000003,40.053030000000035
2022-05-26 09:00:00,25.0,89.0,328.86343,312.3201,55.71343000000002,39.17010000000005
2022-05-26 09:00:00,25.0,89.25,327.7467,311.76096,54.5967,38.610960000000034
2022-05-26 09:00:00,25.0,89.5,326.5418,311.71698,53.391800000000046,38.56698
2022-05-26 09:00:00,25.0,89.75,324.47397,311.31848,51.32397000000003,38.168480000000045
2022-05-26 09:00:00,25.0,90.0,325.0309,311.35638,51.8809,38.206380000000024
2022-05-26 09:00:00,24.75,85.5,332.695,312.92517,59.545000000000016,39.77517
2022-05-26 09:00:00,24.75,85.75,330.74487,312.9747,57.594870000000014,39.82470000000001
2022-05-26 09:00:00,24.75,86.0,330.74487,312.9747,57.594870000000014,39.82470000000001
2022-05-26 09:00:00,24.75,86.25,330.51453,312.68936,57.36453,39.539360000000045
2022-05-26 09:00:00,24.75,86.5,331.66913,312.63763,58.51913000000002,39.487630000000024
2022-05-26 09:00:00,24.75,86.75,331.9155,313.05652,58.76550000000003,39.90652
2022-05-26 09:00:00,24.75,87.0,331.98627,313.27417,58.83627000000001,40.12417000000005
2022-05-26 09:00:00,24.75,87.25,331.7986,313.33182,58.648600000000044,40.181820000000016
2022-05-26 09:00:00,24.75,87.5,330.3165,313.14767,57.16650000000004,39.99767000000003
2022-05-26 09:00:00,24.75,87.75,329.00104,313.1481,55.85104000000001,39.99810000000002
2022-05-26 09:00:00,24.75,88.0,329.06815,313.18564,55.918150000000026,40.03564
2022-05-26 09:00:00,24.75,88.25,329.06815,313.18564,55.918150000000026,40.03564
2022-05-26 09:00:00,24.75,88.5,330.1374,313.217,56.98740000000004,40.06700000000001
2022-05-26 09:00:00,24.75,88.75,330.567,313.20303,57.41700000000003,40.053030000000035
2022-05-26 09:00:00,24.75,89.0,328.86343,312.3201,55.71343000000002,39.17010000000005
2022-05-26 09:00:00,24.75,89.25,327.7467,311.76096,54.5967,38.610960000000034
2022-05-26 09:00:00,24.75,89.5,326.5418,311.71698,53.391800000000046,38.56698
2022-05-26 09:00:00,24.75,89.75,324.47397,311.31848,51.32397000000003,38.168480000000045
2022-05-26 09:00:00,24.75,90.0,325.0309,311.35638,51.8809,38.206380000000024
2022-05-26 09:00:00,24.5,85.5,329.5961,311.87662,56.4461,38.726620000000025
2022-05-26 09:00:00,24.5,85.75,329.06958,311.7699,55.919579999999996,38.61990000000003
2022-05-26 09:00:00,24.5,86.0,329.06958,311.7699,55.919579999999996,38.61990000000003
2022-05-26 09:00:00,24.5,86.25,327.20093,310.49677,54.05093000000005,37.34677000000005
2022-05-26 09:00:00,24.5,86.5,328.83063,311.27115,55.68063000000001,38.12115
2022-05-26 09:00:00,24.5,86.75,330.54224,312.67105,57.392240000000015,39.52105
2022-05-26 09:00:00,24.5,87.0,331.1598,313.01086,58.00980000000004,39.86086
2022-05-26 09:00:00,24.5,87.25,331.0211,312.86935,57.87110000000001,39.71935000000002
2022-05-26 09:00:00,24.5,87.5,330.48123,313.0607,57.331230000000005,39.91070000000002
2022-05-26 09:00:00,24.5,87.75,330.61407,313.91214,57.46407000000005,40.762140000000045
2022-05-26 09:00:00,24.5,88.0,330.57635,314.28537,57.42635000000001,41.13537000000002
2022-05-26 09:00:00,24.5,88.25,330.57635,314.28537,57.42635000000001,41.13537000000002
2022-05-26 09:00:00,24.5,88.5,330.01813,313.73657,56.86813000000001,40.586569999999995
2022-05-26 09:00:00,24.5,88.75,329.63977,313.0838,56.48977000000002,39.93380000000002
2022-05-26 09:00:00,24.5,89.0,328.48254,312.23666,55.332539999999995,39.086659999999995
2022-05-26 09:00:00,24.5,89.25,328.23087,311.82874,55.080870000000004,38.678740000000005
2022-05-26 09:00:00,24.5,89.5,327.94843,311.6608,54.798429999999996,38.51080000000002
2022-05-26 09:00:00,24.5,89.75,325.73056,311.1527,52.58056000000005,38.002700000000004
2022-05-26 09:00:00,24.5,90.0,324.80023,310.88034,51.65023000000002,37.73034000000001
2022-05-26 09:00:00,24.25,85.5,327.22015,310.29648,54.07015000000001,37.14648
2022-05-26 09:00:00,24.25,85.75,327.96902,311.03043,54.81902000000002,37.88043000000005
2022-05-26 09:00:00,24.25,86.0,327.96902,311.03043,54.81902000000002,37.88043000000005
2022-05-26 09:00:00,24.25,86.25,327.5417,310.6579,54.391700000000014,37.50790000000001
2022-05-26 09:00:00,24.25,86.5,327.9312,310.88995,54.78120000000001,37.73995000000002
2022-05-26 09:00:00,24.25,86.75,328.41843,311.86865,55.26843000000002,38.718650000000025
2022-05-26 09:00:00,24.25,87.0,329.7225,312.72656,56.57250000000005,39.57656000000003
2022-05-26 09:00:00,24.25,87.25,330.65527,313.21204,57.505269999999996,40.062040000000025
2022-05-26 09:00:00,24.25,87.5,331.53256,313.8139,58.38256000000001,40.66390000000001
2022-05-26 09:00:00,24.25,87.75,332.43576,314.62708,59.28576000000004,41.47708
2022-05-26 09:00:00,24.25,88.0,332.3608,314.9613,59.210800000000006,41.81130000000002
2022-05-26 09:00:00,24.25,88.25,332.3608,314.9613,59.210800000000006,41.81130000000002
2022-05-26 09:00:00,24.25,88.5,330.88123,314.223,57.73123000000004,41.073000000000036
2022-05-26 09:00:00,24.25,88.75,328.9464,312.80658,55.796400000000006,39.65658000000002
2022-05-26 09:00:00,24.25,89.0,328.0974,311.9241,54.947400000000016,38.77410000000003
2022-05-26 09:00:00,24.25,89.25,328.9697,312.21933,55.81970000000001,39.069330000000036
2022-05-26 09:00:00,24.25,89.5,329.24838,312.27365,56.09838000000002,39.12365
2022-05-26 09:00:00,24.25,89.75,327.57205,311.98273,54.42205000000001,38.832730000000026
2022-05-26 09:00:00,24.25,90.0,325.91187,311.33127,52.761870000000044,38.18127000000004
2022-05-26 09:00:00,24.0,85.5,326.11618,309.4293,52.96618000000001,36.279300000000035
2022-05-26 09:00:00,24.0,85.75,326.2003,310.18658,53.05030000000005,37.036580000000015
2022-05-26 09:00:00,24.0,86.0,326.2003,310.18658,53.05030000000005,37.036580000000015
2022-05-26 09:00:00,24.0,86.25,325.67,309.8284,52.52000000000004,36.67840000000001
2022-05-26 09:00:00,24.0,86.5,326.8618,309.64856,53.71180000000004,36.49856
2022-05-26 09:00:00,24.0,86.75,328.3726,311.32538,55.2226,38.17538000000002
2022-05-26 09:00:00,24.0,87.0,329.53174,313.05722,56.381740000000036,39.907219999999995
2022-05-26 09:00:00,24.0,87.25,330.08167,313.68988,56.93167,40.53988000000004
2022-05-26 09:00:00,24.0,87.5,330.69528,314.10718,57.54528000000005,40.95718000000005
2022-05-26 09:00:00,24.0,87.75,331.53723,314.60504,58.387230000000045,41.45504
2022-05-26 09:00:00,24.0,88.0,331.49283,314.6332,58.34283000000005,41.48320000000001
2022-05-26 09:00:00,24.0,88.25,331.49283,314.6332,58.34283000000005,41.48320000000001
2022-05-26 09:00:00,24.0,88.5,330.7236,314.22775,57.5736,41.07775000000004
2022-05-26 09:00:00,24.0,88.75,329.92078,313.6266,56.77078,40.47660000000002
2022-05-26 09:00:00,24.0,89.0,328.44977,312.75305,55.299770000000024,39.603049999999996
2022-05-26 09:00:00,24.0,89.25,328.2695,312.4093,55.119500000000016,39.259299999999996
2022-05-26 09:00:00,24.0,89.5,329.09308,312.48285,55.94308000000001,39.33285000000001
2022-05-26 09:00:00,24.0,89.75,327.53793,311.99945,54.38793000000004,38.84945000000005
2022-05-26 09:00:00,24.0,90.0,326.88873,311.45337,53.73873000000003,38.30337000000003
2022-05-26 09:00:00,23.75,85.5,327.60724,310.35883,54.45724000000001,37.208830000000034
2022-05-26 09:00:00,23.75,85.75,326.9795,311.28452,53.829499999999996,38.13452000000001
2022-05-26 09:00:00,23.75,86.0,326.9795,311.28452,53.829499999999996,38.13452000000001
2022-05-26 09:00:00,23.75,86.25,328.32578,311.86603,55.17578000000003,38.716030000000046
2022-05-26 09:00:00,23.75,86.5,329.45206,312.556,56.30206000000004,39.406000000000006
2022-05-26 09:00:00,23.75,86.75,328.46066,313.3493,55.31066000000004,40.19930000000005
2022-05-26 09:00:00,23.75,87.0,329.0688,313.82547,55.91880000000003,40.67547000000002
2022-05-26 09:00:00,23.75,87.25,329.32767,314.0826,56.177670000000035,40.932600000000036
2022-05-26 09:00:00,23.75,87.5,329.82977,314.29285,56.67977000000002,41.14285000000001
2022-05-26 09:00:00,23.75,87.75,330.6255,314.68484,57.47550000000001,41.53484000000003
2022-05-26 09:00:00,23.75,88.0,330.5625,314.8499,57.41250000000002,41.699900000000014
2022-05-26 09:00:00,23.75,88.25,330.5625,314.8499,57.41250000000002,41.699900000000014
2022-05-26 09:00:00,23.75,88.5,330.07727,314.47314,56.92727000000002,41.32314000000002
2022-05-26 09:00:00,23.75,88.75,329.97263,314.0486,56.822630000000004,40.898600000000044
2022-05-26 09:00:00,23.75,89.0,329.55316,313.6928,56.403160000000014,40.5428
2022-05-26 09:00:00,23.75,89.25,328.8977,313.06842,55.74770000000001,39.918420000000026
2022-05-26 09:00:00,23.75,89.5,328.50378,312.88235,55.35378000000003,39.73235
2022-05-26 09:00:00,23.75,89.75,327.17654,312.4783,54.02654000000001,39.32830000000001
2022-05-26 09:00:00,23.75,90.0,326.0783,312.19672,52.928300000000036,39.04672000000005
2022-05-26 09:00:00,23.5,85.5,327.87692,310.56012,54.72692000000001,37.410120000000006
2022-05-26 09:00:00,23.5,85.75,329.5691,312.65686,56.419100000000014,39.50686000000002
2022-05-26 09:00:00,23.5,86.0,329.5691,312.65686,56.419100000000014,39.50686000000002
2022-05-26 09:00:00,23.5,86.25,331.34778,313.4693,58.19778000000002,40.3193
2022-05-26 09:00:00,23.5,86.5,332.29977,314.43985,59.149770000000046,41.28985
2022-05-26 09:00:00,23.5,86.75,331.3334,314.30954,58.183400000000006,41.15954000000005
2022-05-26 09:00:00,23.5,87.0,329.84134,313.92984,56.691340000000025,40.779840000000036
2022-05-26 09:00:00,23.5,87.25,328.29358,313.72382,55.14358000000004,40.57382000000001
2022-05-26 09:00:00,23.5,87.5,327.9876,313.7573,54.83760000000001,40.60730000000001
2022-05-26 09:00:00,23.5,87.75,328.8788,314.02768,55.728800000000035,40.87768
2022-05-26 09:00:00,23.5,88.0,329.4646,314.26706,56.31460000000004,41.11706000000004
2022-05-26 09:00:00,23.5,88.25,329.4646,314.26706,56.31460000000004,41.11706000000004
2022-05-26 09:00:00,23.5,88.5,329.76657,314.32556,56.616570000000024,41.17556000000002
2022-05-26 09:00:00,23.5,88.75,330.37918,314.27094,57.22918000000004,41.12094000000002
2022-05-26 09:00:00,23.5,89.0,330.21936,313.88242,57.06936000000002,40.73242000000005
2022-05-26 09:00:00,23.5,89.25,329.5456,313.21994,56.3956,40.06994000000003
2022-05-26 09:00:00,23.5,89.5,328.19296,313.075,55.04296000000005,39.92500000000001
2022-05-26 09:00:00,23.5,89.75,327.44257,312.64313,54.29257000000001,39.49313000000001
2022-05-26 09:00:00,23.5,90.0,327.22327,312.9323,54.073270000000036,39.78230000000002
2022-05-26 09:00:00,23.25,85.5,328.76486,311.59784,55.61486000000002,38.44784000000004
2022-05-26 09:00:00,23.25,85.75,331.0804,313.50827,57.93040000000002,40.358270000000005
2022-05-26 09:00:00,23.25,86.0,331.0804,313.50827,57.93040000000002,40.358270000000005
2022-05-26 09:00:00,23.25,86.25,330.6401,313.03064,57.49010000000004,39.88064000000003
2022-05-26 09:00:00,23.25,86.5,331.14026,313.60715,57.990260000000035,40.45715000000001
2022-05-26 09:00:00,23.25,86.75,331.75732,314.40933,58.607320000000016,41.259330000000034
2022-05-26 09:00:00,23.25,87.0,331.17026,314.50824,58.02026000000001,41.35824000000002
2022-05-26 09:00:00,23.25,87.25,330.5878,314.65652,57.43780000000004,41.50652000000002
2022-05-26 09:00:00,23.25,87.5,330.08997,314.5916,56.93997000000002,41.44160000000005
2022-05-26 09:00:00,23.25,87.75,330.10266,314.60373,56.95266000000004,41.45373000000001
2022-05-26 09:00:00,23.25,88.0,330.55954,314.61053,57.40954000000005,41.460530000000006
2022-05-26 09:00:00,23.25,88.25,330.55954,314.61053,57.40954000000005,41.460530000000006
2022-05-26 09:00:00,23.25,88.5,330.69617,314.48087,57.54617000000002,41.330870000000004
2022-05-26 09:00:00,23.25,88.75,330.8957,314.69666,57.7457,41.54666000000003
2022-05-26 09:00:00,23.25,89.0,331.62018,314.78058,58.47018000000003,41.63058000000001
2022-05-26 09:00:00,23.25,89.25,331.3169,314.2067,58.1669,41.056700000000035
2022-05-26 09:00:00,23.25,89.5,329.93405,313.69592,56.784050000000036,40.545920000000024
2022-05-26 09:00:00,23.25,89.75,328.0102,312.98712,54.86020000000002,39.83712000000003
2022-05-26 09:00:00,23.25,90.0,327.7595,312.94818,54.609500000000025,39.79818
2022-05-26 09:00:00,23.0,85.5,328.5764,311.11136,55.4264,37.96136000000001
2022-05-26 09:00:00,23.0,85.75,330.36057,313.45004,57.21057000000002,40.300040000000024
2022-05-26 09:00:00,23.0,86.0,330.36057,313.45004,57.21057000000002,40.300040000000024
2022-05-26 09:00:00,23.0,86.25,330.7303,313.8826,57.58030000000002,40.73260000000005
2022-05-26 09:00:00,23.0,86.5,331.33676,314.18552,58.18676000000005,41.03552000000002
2022-05-26 09:00:00,23.0,86.75,331.3563,314.77216,58.2063,41.62216000000001
2022-05-26 09:00:00,23.0,87.0,332.09686,315.09927,58.946860000000015,41.94927000000001
2022-05-26 09:00:00,23.0,87.25,332.328,315.23123,59.178,42.081230000000005
2022-05-26 09:00:00,23.0,87.5,332.11948,315.27148,58.96948000000003,42.12148000000002
2022-05-26 09:00:00,23.0,87.75,331.4972,315.17496,58.34720000000004,42.02496000000002
2022-05-26 09:00:00,23.0,88.0,330.92746,314.9369,57.77746000000002,41.7869
2022-05-26 09:00:00,23.0,88.25,330.92746,314.9369,57.77746000000002,41.7869
2022-05-26 09:00:00,23.0,88.5,330.71106,314.69095,57.56106,41.54095000000001
2022-05-26 09:00:00,23.0,88.75,330.7933,314.65063,57.64330000000001,41.50063
2022-05-26 09:00:00,23.0,89.0,331.73352,314.79688,58.58352000000002,41.64688000000001
2022-05-26 09:00:00,23.0,89.25,331.99957,314.65857,58.84957000000003,41.50857000000002
2022-05-26 09:00:00,23.0,89.5,330.14127,314.00897,56.99127000000004,40.85897
2022-05-26 09:00:00,23.0,89.75,328.37387,312.88464,55.22387000000003,39.73464000000001
2022-05-26 09:00:00,23.0,90.0,326.75793,313.06345,53.60793000000001,39.91345000000001
2022-05-26 09:00:00,22.75,85.5,330.3124,312.776,57.16240000000005,39.62600000000003
2022-05-26 09:00:00,22.75,85.75,332.2781,314.6705,59.12810000000002,41.52050000000003
2022-05-26 09:00:00,22.75,86.0,332.2781,314.6705,59.12810000000002,41.52050000000003
2022-05-26 09:00:00,22.75,86.25,331.8702,314.3554,58.720200000000034,41.2054
2022-05-26 09:00:00,22.75,86.5,331.84967,314.673,58.699670000000026,41.523000000000025
2022-05-26 09:00:00,22.75,86.75,333.6707,315.9366,60.52070000000003,42.78660000000002
2022-05-26 09:00:00,22.75,87.0,333.46948,315.84393,60.31948,42.69393000000002
2022-05-26 09:00:00,22.75,87.25,332.9394,315.60806,59.7894,42.458060000000046
2022-05-26 09:00:00,22.75,87.5,331.51352,315.15967,58.36352000000005,42.00967000000003
2022-05-26 09:00:00,22.75,87.75,330.8083,314.67093,57.6583,41.52093000000002
2022-05-26 09:00:00,22.75,88.0,330.13202,314.13354,56.982020000000034,40.983540000000005
2022-05-26 09:00:00,22.75,88.25,330.13202,314.13354,56.982020000000034,40.983540000000005
2022-05-26 09:00:00,22.75,88.5,329.3174,313.8162,56.16740000000004,40.6662
2022-05-26 09:00:00,22.75,88.75,328.4464,313.61243,55.296400000000006,40.46243000000004
2022-05-26 09:00:00,22.75,89.0,327.11813,313.0431,53.96813000000003,39.893100000000004
2022-05-26 09:00:00,22.75,89.25,325.8409,312.48593,52.6909,39.33593000000002
2022-05-26 09:00:00,22.75,89.5,326.1838,312.57358,53.03380000000004,39.423580000000015
2022-05-26 09:00:00,22.75,89.75,327.36517,312.85696,54.21517,39.70696000000004
2022-05-26 09:00:00,22.75,90.0,326.49292,312.57144,53.34292000000005,39.42144000000002
2022-05-26 09:00:00,22.5,85.5,330.3124,312.776,57.16240000000005,39.62600000000003
2022-05-26 09:00:00,22.5,85.75,332.2781,314.6705,59.12810000000002,41.52050000000003
2022-05-26 09:00:00,22.5,86.0,332.2781,314.6705,59.12810000000002,41.52050000000003
2022-05-26 09:00:00,22.5,86.25,331.8702,314.3554,58.720200000000034,41.2054
2022-05-26 09:00:00,22.5,86.5,331.84967,314.673,58.699670000000026,41.523000000000025
2022-05-26 09:00:00,22.5,86.75,333.6707,315.9366,60.52070000000003,42.78660000000002
2022-05-26 09:00:00,22.5,87.0,333.46948,315.84393,60.31948,42.69393000000002
2022-05-26 09:00:00,22.5,87.25,332.9394,315.60806,59.7894,42.458060000000046
2022-05-26 09:00:00,22.5,87.5,331.51352,315.15967,58.36352000000005,42.00967000000003
2022-05-26 09:00:00,22.5,87.75,330.8083,314.67093,57.6583,41.52093000000002
2022-05-26 09:00:00,22.5,88.0,330.13202,314.13354,56.982020000000034,40.983540000000005
2022-05-26 09:00:00,22.5,88.25,330.13202,314.13354,56.982020000000034,40.983540000000005
2022-05-26 09:00:00,22.5,88.5,329.3174,313.8162,56.16740000000004,40.6662
2022-05-26 09:00:00,22.5,88.75,328.4464,313.61243,55.296400000000006,40.46243000000004
2022-05-26 09:00:00,22.5,89.0,327.11813,313.0431,53.96813000000003,39.893100000000004
2022-05-26 09:00:00,22.5,89.25,325.8409,312.48593,52.6909,39.33593000000002
2022-05-26 09:00:00,22.5,89.5,326.1838,312.57358,53.03380000000004,39.423580000000015
2022-05-26 09:00:00,22.5,89.75,327.36517,312.85696,54.21517,39.70696000000004
2022-05-26 09:00:00,22.5,90.0,326.49292,312.57144,53.34292000000005,39.42144000000002
2022-05-26 09:00:00,22.25,85.5,328.8919,311.21014,55.741900000000044,38.06014000000005
2022-05-26 09:00:00,22.25,85.75,330.26666,312.5525,57.116660000000024,39.40250000000003
2022-05-26 09:00:00,22.25,86.0,330.26666,312.5525,57.116660000000024,39.40250000000003
2022-05-26 09:00:00,22.25,86.25,330.3601,312.84763,57.21010000000001,39.697630000000004
2022-05-26 09:00:00,22.25,86.5,331.04462,314.16318,57.89462000000003,41.013180000000034
2022-05-26 09:00:00,22.25,86.75,333.09476,315.64975,59.94476000000003,42.499750000000006
2022-05-26 09:00:00,22.25,87.0,332.979,315.47253,59.82900000000001,42.32253000000003
2022-05-26 09:00:00,22.25,87.25,332.2078,314.99896,59.05780000000004,41.848960000000034
2022-05-26 09:00:00,22.25,87.5,330.88428,314.56497,57.73428000000001,41.41497000000004
2022-05-26 09:00:00,22.25,87.75,328.8304,313.45605,55.68040000000002,40.30605000000003
2022-05-26 09:00:00,22.25,88.0,329.28152,313.0845,56.13152000000002,39.934500000000014
2022-05-26 09:00:00,22.25,88.25,329.28152,313.0845,56.13152000000002,39.934500000000014
2022-05-26 09:00:00,22.25,88.5,329.95825,313.08316,56.808250000000044,39.93316000000004
2022-05-26 09:00:00,22.25,88.75,327.29037,312.26785,54.14037000000002,39.11785000000003
2022-05-26 09:00:00,22.25,89.0,323.06662,310.22223,49.91662000000002,37.07223000000005
2022-05-26 09:00:00,22.25,89.25,321.3415,308.7609,48.19150000000002,35.610900000000015
2022-05-26 09:00:00,22.25,89.5,322.9751,309.78476,49.82510000000002,36.63476000000003
2022-05-26 09:00:00,22.25,89.75,325.91806,311.71457,52.76806000000005,38.56457
2022-05-26 09:00:00,22.25,90.0,327.88208,312.46417,54.732079999999996,39.31417000000005
2022-05-26 09:00:00,22.0,85.5,327.401,310.43753,54.25100000000003,37.287530000000004
2022-05-26 09:00:00,22.0,85.75,329.2487,311.36838,56.09870000000001,38.218380000000025
2022-05-26 09:00:00,22.0,86.0,329.2487,311.36838,56.09870000000001,38.218380000000025
2022-05-26 09:00:00,22.0,86.25,328.60367,310.41156,55.453670000000045,37.26156000000003
2022-05-26 09:00:00,22.0,86.5,329.86334,313.21365,56.71334000000002,40.063649999999996
2022-05-26 09:00:00,22.0,86.75,332.90494,315.59094,59.75494000000003,42.44094000000001
2022-05-26 09:00:00,22.0,87.0,332.826,314.67752,59.676000000000045,41.52752000000004
2022-05-26 09:00:00,22.0,87.25,332.1445,314.18912,58.994500000000016,41.039120000000025
2022-05-26 09:00:00,22.0,87.5,330.64047,313.6382,57.490470000000016,40.488200000000006
2022-05-26 09:00:00,22.0,87.75,329.18732,312.1638,56.03732000000002,39.0138
2022-05-26 09:00:00,22.0,88.0,329.49628,312.00598,56.346280000000036,38.855980000000045
2022-05-26 09:00:00,22.0,88.25,329.49628,312.00598,56.346280000000036,38.855980000000045
2022-05-26 09:00:00,22.0,88.5,328.48605,311.42294,55.33605,38.272940000000006
2022-05-26 09:00:00,22.0,88.75,324.54443,309.89618,51.39443,36.74618000000004
2022-05-26 09:00:00,22.0,89.0,320.28482,308.75256,47.13482000000005,35.60256000000004
2022-05-26 09:00:00,22.0,89.25,318.6354,307.8896,45.48540000000003,34.739599999999996
2022-05-26 09:00:00,22.0,89.5,320.41373,307.32706,47.26373000000001,34.17706000000004
2022-05-26 09:00:00,22.0,89.75,324.4021,308.0662,51.25210000000004,34.9162
2022-05-26 09:00:00,22.0,90.0,327.32968,309.37067,54.17968000000002,36.22067000000004
2022-05-26 09:00:00,21.75,85.5,328.02487,310.78345,54.874870000000044,37.63345000000004
2022-05-26 09:00:00,21.75,85.75,329.56702,310.89066,56.417020000000036,37.74066000000005
2022-05-26 09:00:00,21.75,86.0,329.56702,310.89066,56.417020000000036,37.74066000000005
2022-05-26 09:00:00,21.75,86.25,325.78815,308.18655,52.638149999999996,35.036550000000034
2022-05-26 09:00:00,21.75,86.5,327.2313,311.7683,54.0813,38.61830000000003
2022-05-26 09:00:00,21.75,86.75,332.63812,315.3054,59.48812000000004,42.15540000000004
2022-05-26 09:00:00,21.75,87.0,332.876,314.12122,59.726,40.97122000000002
2022-05-26 09:00:00,21.75,87.25,332.5821,313.6546,59.43210000000005,40.50460000000004
2022-05-26 09:00:00,21.75,87.5,330.73755,312.50922,57.58755000000002,39.35922000000005
2022-05-26 09:00:00,21.75,87.75,324.6044,309.01086,51.45440000000002,35.86086
2022-05-26 09:00:00,21.75,88.0,326.12906,309.254,52.979060000000004,36.10400000000004
2022-05-26 09:00:00,21.75,88.25,326.12906,309.254,52.979060000000004,36.10400000000004
2022-05-26 09:00:00,21.75,88.5,325.0845,308.60895,51.934500000000014,35.458950000000016
2022-05-26 09:00:00,21.75,88.75,322.90326,307.79208,49.75326000000001,34.64208000000002
2022-05-26 09:00:00,21.75,89.0,324.062,308.9289,50.912000000000035,35.77890000000002
2022-05-26 09:00:00,21.75,89.25,321.96896,308.2613,48.818960000000004,35.11130000000003
2022-05-26 09:00:00,21.75,89.5,319.16537,306.2039,46.01537000000002,33.0539
2022-05-26 09:00:00,21.75,89.75,321.08118,306.13754,47.93118000000004,32.987540000000024
2022-05-26 09:00:00,21.75,90.0,322.3802,306.78436,49.230200000000025,33.634360000000015
2022-05-26 09:00:00,21.5,85.5,327.68466,309.99512,54.53466000000003,36.84512000000001
2022-05-26 09:00:00,21.5,85.75,328.90164,311.29395,55.75164000000001,38.14395000000002
2022-05-26 09:00:00,21.5,86.0,328.90164,311.29395,55.75164000000001,38.14395000000002
2022-05-26 09:00:00,21.5,86.25,328.6414,311.1832,55.4914,38.03320000000002
2022-05-26 09:00:00,21.5,86.5,329.3457,313.12442,56.195700000000045,39.97442000000001
2022-05-26 09:00:00,21.5,86.75,332.25232,315.56973,59.10232000000002,42.419730000000015
2022-05-26 09:00:00,21.5,87.0,324.6222,310.055,51.47220000000004,36.90500000000003
2022-05-26 09:00:00,21.5,87.25,322.62308,307.6318,49.47308000000004,34.48180000000002
2022-05-26 09:00:00,21.5,87.5,322.37344,307.0653,49.22344000000004,33.9153
2022-05-26 09:00:00,21.5,87.75,322.1459,306.26535,48.995900000000006,33.115350000000035
2022-05-26 09:00:00,21.5,88.0,322.1912,306.36838,49.0412,33.218380000000025
2022-05-26 09:00:00,21.5,88.25,322.1912,306.36838,49.0412,33.218380000000025
2022-05-26 09:00:00,21.5,88.5,322.2828,306.45746,49.13280000000003,33.30746000000005
2022-05-26 09:00:00,21.5,88.75,321.91528,306.3727,48.76528000000002,33.22270000000003
2022-05-26 09:00:00,21.5,89.0,321.2248,306.3535,48.07480000000004,33.20350000000002
2022-05-26 09:00:00,21.5,89.25,320.9096,306.2526,47.759600000000034,33.102599999999995
2022-05-26 09:00:00,21.5,89.5,321.2245,306.34204,48.0745,33.19204000000002
2022-05-26 09:00:00,21.5,89.75,321.83392,306.6248,48.68392,33.474800000000016
2022-05-26 09:00:00,21.5,90.0,322.48553,307.2554,49.335530000000006,34.10540000000003
2022-05-26 09:00:00,21.25,85.5,327.6587,310.66858,54.50870000000003,37.51858000000004
2022-05-26 09:00:00,21.25,85.75,328.97046,312.67883,55.820460000000026,39.52883000000003
2022-05-26 09:00:00,21.25,86.0,328.97046,312.67883,55.820460000000026,39.52883000000003
2022-05-26 09:00:00,21.25,86.25,329.0967,313.70285,55.94670000000002,40.552850000000035
2022-05-26 09:00:00,21.25,86.5,330.6141,314.47284,57.46410000000003,41.32284000000004
2022-05-26 09:00:00,21.25,86.75,327.88254,313.95358,54.73254000000003,40.80358000000001
2022-05-26 09:00:00,21.25,87.0,322.93457,309.012,49.78457000000003,35.86200000000002
2022-05-26 09:00:00,21.25,87.25,322.04248,306.93546,48.892480000000035,33.78546
2022-05-26 09:00:00,21.25,87.5,322.13522,306.70917,48.98522000000003,33.559169999999995
2022-05-26 09:00:00,21.25,87.75,322.18008,306.52936,49.03008,33.37936000000002
2022-05-26 09:00:00,21.25,88.0,322.29297,306.47754,49.14297000000005,33.32754
2022-05-26 09:00:00,21.25,88.25,322.29297,306.47754,49.14297000000005,33.32754
2022-05-26 09:00:00,21.25,88.5,322.37778,306.41116,49.227779999999996,33.26116000000002
2022-05-26 09:00:00,21.25,88.75,322.3265,306.4694,49.17650000000003,33.31940000000003
2022-05-26 09:00:00,21.25,89.0,322.29498,306.53735,49.14498000000003,33.387350000000026
2022-05-26 09:00:00,21.25,89.25,322.2506,306.57495,49.10060000000004,33.424950000000024
2022-05-26 09:00:00,21.25,89.5,322.0706,306.78793,48.920600000000036,33.63793000000004
2022-05-26 09:00:00,21.25,89.75,321.99817,306.90833,48.84817000000004,33.75833
2022-05-26 09:00:00,21.25,90.0,322.21533,307.1164,49.06533000000002,33.96640000000002
2022-05-26 09:00:00,21.0,85.5,329.2756,312.72955,56.12560000000002,39.57955000000004
2022-05-26 09:00:00,21.0,85.75,329.45624,313.54932,56.30624,40.399320000000046
2022-05-26 09:00:00,21.0,86.0,329.45624,313.54932,56.30624,40.399320000000046
2022-05-26 09:00:00,21.0,86.25,329.66238,313.82718,56.51238000000001,40.67718000000002
2022-05-26 09:00:00,21.0,86.5,329.59897,314.00336,56.44897000000003,40.85336000000001
2022-05-26 09:00:00,21.0,86.75,332.23795,315.11765,59.087950000000035,41.96765000000005
2022-05-26 09:00:00,21.0,87.0,323.45782,309.49136,50.30782000000005,36.34136000000001
2022-05-26 09:00:00,21.0,87.25,321.4247,306.69742,48.274699999999996,33.547420000000045
2022-05-26 09:00:00,21.0,87.5,321.71686,306.09128,48.56686000000002,32.941280000000006
2022-05-26 09:00:00,21.0,87.75,321.97726,305.94406,48.827260000000024,32.79406
2022-05-26 09:00:00,21.0,88.0,322.1586,306.06024,49.0086,32.910240000000044
2022-05-26 09:00:00,21.0,88.25,322.1586,306.06024,49.0086,32.910240000000044
2022-05-26 09:00:00,21.0,88.5,322.3208,306.22375,49.17080000000004,33.07375000000002
2022-05-26 09:00:00,21.0,88.75,322.50253,306.42664,49.35253,33.27664000000004
2022-05-26 09:00:00,21.0,89.0,322.70624,306.62323,49.55624,33.47323
2022-05-26 09:00:00,21.0,89.25,322.68768,306.61285,49.53768000000002,33.46285
2022-05-26 09:00:00,21.0,89.5,322.32834,306.4851,49.17834000000005,33.33510000000001
2022-05-26 09:00:00,21.0,89.75,321.9821,306.496,48.832100000000025,33.346000000000004
2022-05-26 09:00:00,21.0,90.0,321.8772,306.57907,48.72720000000004,33.429070000000024
2022-05-26 10:00:00,27.5,85.5,320.2877,303.71994,47.137699999999995,30.56994000000003
2022-05-26 10:00:00,27.5,85.75,314.65656,302.3111,41.506560000000036,29.161100000000033
2022-05-26 10:00:00,27.5,86.0,314.65656,302.3111,41.506560000000036,29.161100000000033
2022-05-26 10:00:00,27.5,86.25,307.66757,298.57748,34.517570000000035,25.427480000000003
2022-05-26 10:00:00,27.5,86.5,305.13208,297.00223,31.982079999999996,23.85223000000002
2022-05-26 10:00:00,27.5,86.75,306.69257,295.9199,33.54257000000001,22.769900000000007
2022-05-26 10:00:00,27.5,87.0,310.03506,296.93207,36.88506000000001,23.782070000000033
2022-05-26 10:00:00,27.5,87.25,311.45346,298.4921,38.30346000000003,25.342100000000016
2022-05-26 10:00:00,27.5,87.5,309.9428,297.77002,36.7928,24.62002000000001
2022-05-26 10:00:00,27.5,87.75,307.41364,295.09802,34.26364000000001,21.948020000000042
2022-05-26 10:00:00,27.5,88.0,307.50024,294.06027,34.35024000000004,20.910270000000025
2022-05-26 10:00:00,27.5,88.25,307.50024,294.06027,34.35024000000004,20.910270000000025
2022-05-26 10:00:00,27.5,88.5,310.63507,296.03043,37.48507000000001,22.880430000000047
2022-05-26 10:00:00,27.5,88.75,312.1613,296.22525,39.011300000000006,23.07525000000004
2022-05-26 10:00:00,27.5,89.0,309.5306,291.63644,36.380600000000015,18.486440000000016
2022-05-26 10:00:00,27.5,89.25,307.4263,290.03723,34.27630000000005,16.887230000000045
2022-05-26 10:00:00,27.5,89.5,309.5895,292.69418,36.43950000000001,19.54418000000004
2022-05-26 10:00:00,27.5,89.75,309.8957,295.31918,36.7457,22.16918000000004
2022-05-26 10:00:00,27.5,90.0,312.01657,297.2298,38.866570000000024,24.079800000000034
2022-05-26 10:00:00,27.25,85.5,326.92297,310.02396,53.77297000000004,36.87396000000001
2022-05-26 10:00:00,27.25,85.75,322.9073,308.85373,49.75730000000004,35.70373000000001
2022-05-26 10:00:00,27.25,86.0,322.9073,308.85373,49.75730000000004,35.70373000000001
2022-05-26 10:00:00,27.25,86.25,316.07013,304.71286,42.92013000000003,31.56286
2022-05-26 10:00:00,27.25,86.5,313.6153,302.23526,40.46530000000001,29.085260000000005
2022-05-26 10:00:00,27.25,86.75,315.98547,302.22205,42.83547000000004,29.072050000000047
2022-05-26 10:00:00,27.25,87.0,317.7012,302.02853,44.551199999999994,28.878530000000012
2022-05-26 10:00:00,27.25,87.25,316.858,302.6785,43.70800000000003,29.528500000000008
2022-05-26 10:00:00,27.25,87.5,314.10413,301.59894,40.95413000000002,28.44894000000005
2022-05-26 10:00:00,27.25,87.75,310.9805,298.0827,37.83050000000003,24.93270000000001
2022-05-26 10:00:00,27.25,88.0,311.9641,298.0626,38.814099999999996,24.912599999999998
2022-05-26 10:00:00,27.25,88.25,311.9641,298.0626,38.814099999999996,24.912599999999998
2022-05-26 10:00:00,27.25,88.5,316.72638,301.78305,43.57638000000003,28.633050000000026
2022-05-26 10:00:00,27.25,88.75,318.20456,301.96136,45.05456000000004,28.811360000000036
2022-05-26 10:00:00,27.25,89.0,315.30896,299.07446,42.158960000000036,25.92446000000001
2022-05-26 10:00:00,27.25,89.25,312.96127,297.38315,39.811270000000036,24.233150000000023
2022-05-26 10:00:00,27.25,89.5,310.56778,295.17038,37.41778000000005,22.020380000000046
2022-05-26 10:00:00,27.25,89.75,309.18604,295.0867,36.036040000000014,21.93670000000003
2022-05-26 10:00:00,27.25,90.0,310.98544,296.7678,37.835440000000006,23.617800000000045
2022-05-26 10:00:00,27.0,85.5,326.92297,310.02396,53.77297000000004,36.87396000000001
2022-05-26 10:00:00,27.0,85.75,322.9073,308.85373,49.75730000000004,35.70373000000001
2022-05-26 10:00:00,27.0,86.0,322.9073,308.85373,49.75730000000004,35.70373000000001
2022-05-26 10:00:00,27.0,86.25,316.07013,304.71286,42.92013000000003,31.56286
2022-05-26 10:00:00,27.0,86.5,313.6153,302.23526,40.46530000000001,29.085260000000005
2022-05-26 10:00:00,27.0,86.75,315.98547,302.22205,42.83547000000004,29.072050000000047
2022-05-26 10:00:00,27.0,87.0,317.7012,302.02853,44.551199999999994,28.878530000000012
2022-05-26 10:00:00,27.0,87.25,316.858,302.6785,43.70800000000003,29.528500000000008
2022-05-26 10:00:00,27.0,87.5,314.10413,301.59894,40.95413000000002,28.44894000000005
2022-05-26 10:00:00,27.0,87.75,310.9805,298.0827,37.83050000000003,24.93270000000001
2022-05-26 10:00:00,27.0,88.0,311.9641,298.0626,38.814099999999996,24.912599999999998
2022-05-26 10:00:00,27.0,88.25,311.9641,298.0626,38.814099999999996,24.912599999999998
2022-05-26 10:00:00,27.0,88.5,316.72638,301.78305,43.57638000000003,28.633050000000026
2022-05-26 10:00:00,27.0,88.75,318.20456,301.96136,45.05456000000004,28.811360000000036
2022-05-26 10:00:00,27.0,89.0,315.30896,299.07446,42.158960000000036,25.92446000000001
2022-05-26 10:00:00,27.0,89.25,312.96127,297.38315,39.811270000000036,24.233150000000023
2022-05-26 10:00:00,27.0,89.5,310.56778,295.17038,37.41778000000005,22.020380000000046
2022-05-26 10:00:00,27.0,89.75,309.18604,295.0867,36.036040000000014,21.93670000000003
2022-05-26 10:00:00,27.0,90.0,310.98544,296.7678,37.835440000000006,23.617800000000045
2022-05-26 10:00:00,26.75,85.5,329.09647,311.95132,55.94647000000003,38.80132000000003
2022-05-26 10:00:00,26.75,85.75,327.5494,312.14688,54.399400000000014,38.99688000000003
2022-05-26 10:00:00,26.75,86.0,327.5494,312.14688,54.399400000000014,38.99688000000003
2022-05-26 10:00:00,26.75,86.25,326.26834,311.36325,53.118340000000046,38.213250000000016
2022-05-26 10:00:00,26.75,86.5,324.33972,309.5927,51.18972000000002,36.4427
2022-05-26 10:00:00,26.75,86.75,324.22296,308.5877,51.07296000000002,35.43770000000001
2022-05-26 10:00:00,26.75,87.0,323.74466,307.26608,50.59466000000003,34.11608000000001
2022-05-26 10:00:00,26.75,87.25,321.5743,306.25003,48.42430000000002,33.100030000000004
2022-05-26 10:00:00,26.75,87.5,317.57916,304.48767,44.429160000000024,31.337670000000003
2022-05-26 10:00:00,26.75,87.75,314.81107,302.80518,41.661069999999995,29.65518000000003
2022-05-26 10:00:00,26.75,88.0,315.55157,303.22577,42.40157000000005,30.075770000000034
2022-05-26 10:00:00,26.75,88.25,315.55157,303.22577,42.40157000000005,30.075770000000034
2022-05-26 10:00:00,26.75,88.5,318.682,305.55643,45.53200000000004,32.40643
2022-05-26 10:00:00,26.75,88.75,321.3375,307.60953,48.1875,34.45953000000003
2022-05-26 10:00:00,26.75,89.0,321.54462,308.18655,48.39462000000003,35.036550000000034
2022-05-26 10:00:00,26.75,89.25,320.3216,307.513,47.17160000000001,34.363
2022-05-26 10:00:00,26.75,89.5,317.8269,303.83783,44.676900000000046,30.68783000000002
2022-05-26 10:00:00,26.75,89.75,314.90652,301.60654,41.75652000000002,28.456540000000018
2022-05-26 10:00:00,26.75,90.0,315.61972,303.75903,42.469719999999995,30.60903000000002
2022-05-26 10:00:00,26.5,85.5,329.75412,312.15887,56.60412000000002,39.00887
2022-05-26 10:00:00,26.5,85.75,328.10907,311.1466,54.95907,37.9966
2022-05-26 10:00:00,26.5,86.0,328.10907,311.1466,54.95907,37.9966
2022-05-26 10:00:00,26.5,86.25,328.13092,311.87186,54.980920000000026,38.72186000000005
2022-05-26 10:00:00,26.5,86.5,328.78772,311.907,55.63772,38.757000000000005
2022-05-26 10:00:00,26.5,86.75,328.88174,311.8379,55.73174,38.68790000000001
2022-05-26 10:00:00,26.5,87.0,328.5226,312.60092,55.372600000000034,39.450919999999996
2022-05-26 10:00:00,26.5,87.25,326.82056,311.55237,53.67056000000002,38.40237000000002
2022-05-26 10:00:00,26.5,87.5,323.3371,309.47406,50.187100000000044,36.32406000000003
2022-05-26 10:00:00,26.5,87.75,320.64136,308.76825,47.49136000000004,35.618250000000046
2022-05-26 10:00:00,26.5,88.0,319.7064,308.47314,46.5564,35.32314000000002
2022-05-26 10:00:00,26.5,88.25,319.7064,308.47314,46.5564,35.32314000000002
2022-05-26 10:00:00,26.5,88.5,319.4979,307.73425,46.34790000000004,34.58425
2022-05-26 10:00:00,26.5,88.75,319.91452,307.87897,46.764520000000005,34.728970000000004
2022-05-26 10:00:00,26.5,89.0,320.91476,308.5702,47.764760000000024,35.42020000000002
2022-05-26 10:00:00,26.5,89.25,322.16483,309.14355,49.01483000000002,35.99355000000003
2022-05-26 10:00:00,26.5,89.5,322.4057,307.93863,49.25570000000005,34.78863000000001
2022-05-26 10:00:00,26.5,89.75,321.43445,305.89682,48.28445000000005,32.746820000000014
2022-05-26 10:00:00,26.5,90.0,320.93402,306.1647,47.78402,33.014700000000005
2022-05-26 10:00:00,26.25,85.5,328.4246,311.54187,55.27460000000002,38.39187000000004
2022-05-26 10:00:00,26.25,85.75,328.66196,311.05734,55.511960000000045,37.90734000000003
2022-05-26 10:00:00,26.25,86.0,328.66196,311.05734,55.511960000000045,37.90734000000003
2022-05-26 10:00:00,26.25,86.25,330.23117,311.79132,57.08117000000004,38.64132000000001
2022-05-26 10:00:00,26.25,86.5,330.15097,312.49536,57.000969999999995,39.34536000000003
2022-05-26 10:00:00,26.25,86.75,329.15546,312.3027,56.00546000000003,39.15270000000004
2022-05-26 10:00:00,26.25,87.0,328.5454,312.41583,55.395399999999995,39.26583000000005
2022-05-26 10:00:00,26.25,87.25,327.20688,312.05453,54.056880000000035,38.90453000000002
2022-05-26 10:00:00,26.25,87.5,325.06787,310.97385,51.91787000000005,37.82385000000005
2022-05-26 10:00:00,26.25,87.75,322.76508,310.11462,49.615080000000034,36.964620000000025
2022-05-26 10:00:00,26.25,88.0,320.51303,309.05078,47.36303000000004,35.90078
2022-05-26 10:00:00,26.25,88.25,320.51303,309.05078,47.36303000000004,35.90078
2022-05-26 10:00:00,26.25,88.5,318.836,307.7336,45.686000000000035,34.58360000000005
2022-05-26 10:00:00,26.25,88.75,318.98257,307.344,45.83257000000003,34.19400000000002
2022-05-26 10:00:00,26.25,89.0,321.1797,307.31064,48.02970000000005,34.16064
2022-05-26 10:00:00,26.25,89.25,323.51392,307.09995,50.36392000000001,33.94995
2022-05-26 10:00:00,26.25,89.5,324.6597,307.41476,51.50970000000001,34.264760000000024
2022-05-26 10:00:00,26.25,89.75,324.3035,307.268,51.15350000000001,34.117999999999995
2022-05-26 10:00:00,26.25,90.0,324.4443,307.77853,51.29430000000002,34.62853000000001
2022-05-26 10:00:00,26.0,85.5,329.01642,311.709,55.866420000000005,38.559000000000026
2022-05-26 10:00:00,26.0,85.75,329.5733,311.82523,56.42330000000004,38.67523
2022-05-26 10:00:00,26.0,86.0,329.5733,311.82523,56.42330000000004,38.67523
2022-05-26 10:00:00,26.0,86.25,330.81458,312.6627,57.66458,39.512699999999995
2022-05-26 10:00:00,26.0,86.5,330.51816,313.34732,57.368160000000046,40.19732000000005
2022-05-26 10:00:00,26.0,86.75,330.7605,313.59305,57.6105,40.44305000000003
2022-05-26 10:00:00,26.0,87.0,329.38257,312.52316,56.23257000000001,39.37316000000004
2022-05-26 10:00:00,26.0,87.25,328.0298,311.58044,54.879800000000046,38.43044000000003
2022-05-26 10:00:00,26.0,87.5,326.77197,310.8969,53.62197000000003,37.74690000000004
2022-05-26 10:00:00,26.0,87.75,325.29218,310.47797,52.142179999999996,37.32797000000005
2022-05-26 10:00:00,26.0,88.0,323.73602,310.16074,50.58602000000002,37.01074
2022-05-26 10:00:00,26.0,88.25,323.73602,310.16074,50.58602000000002,37.01074
2022-05-26 10:00:00,26.0,88.5,322.59598,309.252,49.44598000000002,36.10200000000003
2022-05-26 10:00:00,26.0,88.75,322.85175,308.10297,49.701750000000004,34.95297000000005
2022-05-26 10:00:00,26.0,89.0,324.3837,308.00275,51.2337,34.852750000000015
2022-05-26 10:00:00,26.0,89.25,325.49146,308.77264,52.34146000000004,35.62264000000005
2022-05-26 10:00:00,26.0,89.5,326.50412,310.06876,53.35412000000002,36.91876000000002
2022-05-26 10:00:00,26.0,89.75,325.3492,309.9968,52.19920000000002,36.84680000000003
2022-05-26 10:00:00,26.0,90.0,323.88107,308.7503,50.731070000000045,35.600300000000004
2022-05-26 10:00:00,25.75,85.5,328.66577,311.71927,55.51577000000003,38.56927000000002
2022-05-26 10:00:00,25.75,85.75,329.4595,311.90616,56.309500000000014,38.75616000000002
2022-05-26 10:00:00,25.75,86.0,329.4595,311.90616,56.309500000000014,38.75616000000002
2022-05-26 10:00:00,25.75,86.25,330.23477,312.53976,57.08477000000005,39.389760000000024
2022-05-26 10:00:00,25.75,86.5,330.15448,312.5679,57.00448,39.41790000000003
2022-05-26 10:00:00,25.75,86.75,329.98303,312.95624,56.83303000000001,39.80624
2022-05-26 10:00:00,25.75,87.0,328.91705,312.64615,55.76705000000004,39.49615
2022-05-26 10:00:00,25.75,87.25,328.0988,312.18842,54.948800000000006,39.03842000000003
2022-05-26 10:00:00,25.75,87.5,327.6363,311.77322,54.48630000000003,38.62322
2022-05-26 10:00:00,25.75,87.75,326.97723,311.1464,53.82723000000004,37.99640000000005
2022-05-26 10:00:00,25.75,88.0,326.55878,310.77594,53.408780000000036,37.625940000000014
2022-05-26 10:00:00,25.75,88.25,326.55878,310.77594,53.408780000000036,37.625940000000014
2022-05-26 10:00:00,25.75,88.5,326.5148,310.81076,53.3648,37.66076000000004
2022-05-26 10:00:00,25.75,88.75,326.4257,310.87903,53.27570000000003,37.72903000000002
2022-05-26 10:00:00,25.75,89.0,326.83646,311.21246,53.68646000000001,38.062460000000044
2022-05-26 10:00:00,25.75,89.25,327.4358,311.2794,54.285799999999995,38.12940000000003
2022-05-26 10:00:00,25.75,89.5,326.82007,310.62646,53.67007000000001,37.47646000000003
2022-05-26 10:00:00,25.75,89.75,325.23843,309.5453,52.08843000000002,36.39530000000002
2022-05-26 10:00:00,25.75,90.0,325.2029,308.01443,52.05290000000002,34.86443000000003
2022-05-26 10:00:00,25.5,85.5,328.83582,312.01614,55.685820000000035,38.86614000000003
2022-05-26 10:00:00,25.5,85.75,328.51837,311.82242,55.36837000000003,38.672420000000045
2022-05-26 10:00:00,25.5,86.0,328.51837,311.82242,55.36837000000003,38.672420000000045
2022-05-26 10:00:00,25.5,86.25,329.46744,312.15436,56.31744000000003,39.00436000000002
2022-05-26 10:00:00,25.5,86.5,329.735,312.58133,56.585000000000036,39.43133
2022-05-26 10:00:00,25.5,86.75,329.58246,313.1028,56.43246000000005,39.952800000000025
2022-05-26 10:00:00,25.5,87.0,328.88226,312.99252,55.73226,39.842520000000036
2022-05-26 10:00:00,25.5,87.25,327.8784,312.24222,54.72840000000002,39.09222
2022-05-26 10:00:00,25.5,87.5,327.17874,311.72974,54.02874000000003,38.579740000000015
2022-05-26 10:00:00,25.5,87.75,327.49368,311.70554,54.343680000000006,38.55554000000001
2022-05-26 10:00:00,25.5,88.0,328.20044,311.5996,55.05044000000004,38.44960000000003
2022-05-26 10:00:00,25.5,88.25,328.20044,311.5996,55.05044000000004,38.44960000000003
2022-05-26 10:00:00,25.5,88.5,328.84683,311.48676,55.696830000000034,38.33676000000003
2022-05-26 10:00:00,25.5,88.75,329.35394,311.6699,56.203940000000046,38.51990000000001
2022-05-26 10:00:00,25.5,89.0,328.7298,311.45087,55.579800000000034,38.30087000000003
2022-05-26 10:00:00,25.5,89.25,327.91776,310.82208,54.76776000000001,37.67208000000005
2022-05-26 10:00:00,25.5,89.5,327.0836,310.27396,53.93360000000001,37.12396000000001
2022-05-26 10:00:00,25.5,89.75,325.86386,310.28027,52.71386000000001,37.130269999999996
2022-05-26 10:00:00,25.5,90.0,326.3817,309.36746,53.231700000000046,36.21746000000002
2022-05-26 10:00:00,25.25,85.5,330.40598,312.42685,57.25598000000002,39.276850000000024
2022-05-26 10:00:00,25.25,85.75,330.24268,312.5462,57.09268000000003,39.39620000000002
2022-05-26 10:00:00,25.25,86.0,330.24268,312.5462,57.09268000000003,39.39620000000002
2022-05-26 10:00:00,25.25,86.25,329.35446,311.9508,56.20446000000004,38.80080000000004
2022-05-26 10:00:00,25.25,86.5,328.1273,311.89215,54.977300000000014,38.74215000000004
2022-05-26 10:00:00,25.25,86.75,327.87762,312.24362,54.72762,39.093620000000044
2022-05-26 10:00:00,25.25,87.0,328.0523,312.71872,54.902300000000025,39.56872000000004
2022-05-26 10:00:00,25.25,87.25,328.13474,312.53455,54.984740000000045,39.38455000000005
2022-05-26 10:00:00,25.25,87.5,327.28693,312.1136,54.13693000000001,38.96360000000004
2022-05-26 10:00:00,25.25,87.75,326.72577,312.24188,53.575770000000034,39.09188
2022-05-26 10:00:00,25.25,88.0,327.57108,312.2098,54.42108000000002,39.059799999999996
2022-05-26 10:00:00,25.25,88.25,327.57108,312.2098,54.42108000000002,39.059799999999996
2022-05-26 10:00:00,25.25,88.5,328.73224,311.8086,55.58224000000001,38.658600000000035
2022-05-26 10:00:00,25.25,88.75,329.029,311.9478,55.87900000000002,38.797799999999995
2022-05-26 10:00:00,25.25,89.0,328.76147,312.07104,55.61147,38.921040000000005
2022-05-26 10:00:00,25.25,89.25,328.201,311.6148,55.051000000000045,38.464800000000025
2022-05-26 10:00:00,25.25,89.5,327.9086,311.18384,54.7586,38.03384
2022-05-26 10:00:00,25.25,89.75,326.7609,311.08453,53.610900000000015,37.934529999999995
2022-05-26 10:00:00,25.25,90.0,326.30637,310.94678,53.15637000000004,37.79678000000001
2022-05-26 10:00:00,25.0,85.5,329.98364,311.9527,56.83364,38.802700000000016
2022-05-26 10:00:00,25.0,85.75,328.75418,311.97168,55.60418000000004,38.821680000000015
2022-05-26 10:00:00,25.0,86.0,328.75418,311.97168,55.60418000000004,38.821680000000015
2022-05-26 10:00:00,25.0,86.25,328.12393,311.58557,54.973929999999996,38.43557000000004
2022-05-26 10:00:00,25.0,86.5,327.86182,311.0449,54.711820000000046,37.89490000000001
2022-05-26 10:00:00,25.0,86.75,327.08334,311.1153,53.933340000000044,37.96530000000001
2022-05-26 10:00:00,25.0,87.0,327.1302,311.60437,53.980200000000025,38.45437000000004
2022-05-26 10:00:00,25.0,87.25,327.524,311.80066,54.374000000000024,38.650660000000016
2022-05-26 10:00:00,25.0,87.5,326.92657,311.89447,53.77657000000005,38.744470000000035
2022-05-26 10:00:00,25.0,87.75,326.54776,312.35553,53.397760000000005,39.20553000000001
2022-05-26 10:00:00,25.0,88.0,327.17612,312.65973,54.02612000000005,39.50973000000005
2022-05-26 10:00:00,25.0,88.25,327.17612,312.65973,54.02612000000005,39.50973000000005
2022-05-26 10:00:00,25.0,88.5,328.32678,312.57193,55.17678000000001,39.42193000000003
2022-05-26 10:00:00,25.0,88.75,328.86957,312.35413,55.71957000000003,39.20413000000002
2022-05-26 10:00:00,25.0,89.0,327.87637,311.72314,54.72637000000003,38.57314000000002
2022-05-26 10:00:00,25.0,89.25,328.11218,311.53036,54.962180000000046,38.380359999999996
2022-05-26 10:00:00,25.0,89.5,328.35342,311.6504,55.20342000000005,38.50040000000001
2022-05-26 10:00:00,25.0,89.75,327.2927,311.5491,54.14270000000005,38.39910000000003
2022-05-26 10:00:00,25.0,90.0,327.30402,311.5255,54.15402,38.375500000000045
2022-05-26 10:00:00,24.75,85.5,329.98364,311.9527,56.83364,38.802700000000016
2022-05-26 10:00:00,24.75,85.75,328.75418,311.97168,55.60418000000004,38.821680000000015
2022-05-26 10:00:00,24.75,86.0,328.75418,311.97168,55.60418000000004,38.821680000000015
2022-05-26 10:00:00,24.75,86.25,328.12393,311.58557,54.973929999999996,38.43557000000004
2022-05-26 10:00:00,24.75,86.5,327.86182,311.0449,54.711820000000046,37.89490000000001
2022-05-26 10:00:00,24.75,86.75,327.08334,311.1153,53.933340000000044,37.96530000000001
2022-05-26 10:00:00,24.75,87.0,327.1302,311.60437,53.980200000000025,38.45437000000004
2022-05-26 10:00:00,24.75,87.25,327.524,311.80066,54.374000000000024,38.650660000000016
2022-05-26 10:00:00,24.75,87.5,326.92657,311.89447,53.77657000000005,38.744470000000035
2022-05-26 10:00:00,24.75,87.75,326.54776,312.35553,53.397760000000005,39.20553000000001
2022-05-26 10:00:00,24.75,88.0,327.17612,312.65973,54.02612000000005,39.50973000000005
2022-05-26 10:00:00,24.75,88.25,327.17612,312.65973,54.02612000000005,39.50973000000005
2022-05-26 10:00:00,24.75,88.5,328.32678,312.57193,55.17678000000001,39.42193000000003
2022-05-26 10:00:00,24.75,88.75,328.86957,312.35413,55.71957000000003,39.20413000000002
2022-05-26 10:00:00,24.75,89.0,327.87637,311.72314,54.72637000000003,38.57314000000002
2022-05-26 10:00:00,24.75,89.25,328.11218,311.53036,54.962180000000046,38.380359999999996
2022-05-26 10:00:00,24.75,89.5,328.35342,311.6504,55.20342000000005,38.50040000000001
2022-05-26 10:00:00,24.75,89.75,327.2927,311.5491,54.14270000000005,38.39910000000003
2022-05-26 10:00:00,24.75,90.0,327.30402,311.5255,54.15402,38.375500000000045
2022-05-26 10:00:00,24.5,85.5,328.5834,311.3425,55.433400000000006,38.192499999999995
2022-05-26 10:00:00,24.5,85.75,328.34033,311.32138,55.19033000000002,38.17138
2022-05-26 10:00:00,24.5,86.0,328.34033,311.32138,55.19033000000002,38.17138
2022-05-26 10:00:00,24.5,86.25,325.97455,309.8894,52.824550000000045,36.739400000000046
2022-05-26 10:00:00,24.5,86.5,326.41812,308.97397,53.26812000000001,35.82397000000003
2022-05-26 10:00:00,24.5,86.75,327.36276,310.37186,54.21276,37.22186000000005
2022-05-26 10:00:00,24.5,87.0,327.44293,311.44138,54.29293000000001,38.291380000000004
2022-05-26 10:00:00,24.5,87.25,327.0207,311.68964,53.8707,38.53964000000002
2022-05-26 10:00:00,24.5,87.5,326.63,311.87976,53.48000000000002,38.72976
2022-05-26 10:00:00,24.5,87.75,327.2364,312.72113,54.086400000000026,39.57113000000004
2022-05-26 10:00:00,24.5,88.0,327.76575,313.24316,54.61575000000005,40.09316000000001
2022-05-26 10:00:00,24.5,88.25,327.76575,313.24316,54.61575000000005,40.09316000000001
2022-05-26 10:00:00,24.5,88.5,327.64413,312.75674,54.49413000000004,39.60674
2022-05-26 10:00:00,24.5,88.75,327.58246,312.10785,54.43246000000005,38.95785000000001
2022-05-26 10:00:00,24.5,89.0,326.92322,311.60828,53.77322000000004,38.45828
2022-05-26 10:00:00,24.5,89.25,327.25436,311.49933,54.10436000000004,38.34933000000001
2022-05-26 10:00:00,24.5,89.5,327.60175,311.59375,54.451750000000004,38.44375000000002
2022-05-26 10:00:00,24.5,89.75,326.59827,311.00443,53.448270000000036,37.854430000000036
2022-05-26 10:00:00,24.5,90.0,327.26035,310.81927,54.11035000000004,37.66927000000004
2022-05-26 10:00:00,24.25,85.5,327.41425,310.1557,54.264250000000004,37.00570000000005
2022-05-26 10:00:00,24.25,85.75,327.9403,311.0945,54.7903,37.944500000000005
2022-05-26 10:00:00,24.25,86.0,327.9403,311.0945,54.7903,37.944500000000005
2022-05-26 10:00:00,24.25,86.25,327.36633,310.75082,54.21633000000003,37.60082
2022-05-26 10:00:00,24.25,86.5,326.7569,309.67407,53.606899999999996,36.524069999999995
2022-05-26 10:00:00,24.25,86.75,326.4564,308.423,53.3064,35.273000000000025
2022-05-26 10:00:00,24.25,87.0,327.00128,307.9977,53.85128000000003,34.84770000000003
2022-05-26 10:00:00,24.25,87.25,327.3136,310.2168,54.16360000000003,37.0668
2022-05-26 10:00:00,24.25,87.5,327.65723,312.32437,54.50723000000005,39.17437000000001
2022-05-26 10:00:00,24.25,87.75,328.34232,313.29895,55.192319999999995,40.14895000000001
2022-05-26 10:00:00,24.25,88.0,328.46512,313.66916,55.315120000000036,40.51916
2022-05-26 10:00:00,24.25,88.25,328.46512,313.66916,55.315120000000036,40.51916
2022-05-26 10:00:00,24.25,88.5,327.4935,313.0943,54.343500000000006,39.9443
2022-05-26 10:00:00,24.25,88.75,326.25314,311.926,53.103139999999996,38.77600000000001
2022-05-26 10:00:00,24.25,89.0,325.79526,311.27795,52.64526000000001,38.12795
2022-05-26 10:00:00,24.25,89.25,326.40958,311.05423,53.25958000000003,37.90423000000004
2022-05-26 10:00:00,24.25,89.5,326.6471,311.31604,53.497100000000046,38.16604000000001
2022-05-26 10:00:00,24.25,89.75,326.25882,311.25977,53.10882000000004,38.109770000000026
2022-05-26 10:00:00,24.25,90.0,327.66977,311.35812,54.51977000000005,38.20812000000001
2022-05-26 10:00:00,24.0,85.5,325.9033,309.4609,52.753300000000024,36.310900000000004
2022-05-26 10:00:00,24.0,85.75,326.0075,310.17355,52.857500000000016,37.02355
2022-05-26 10:00:00,24.0,86.0,326.0075,310.17355,52.857500000000016,37.02355
2022-05-26 10:00:00,24.0,86.25,325.8824,310.505,52.73240000000004,37.35500000000002
2022-05-26 10:00:00,24.0,86.5,326.2404,310.23776,53.090400000000045,37.08776
2022-05-26 10:00:00,24.0,86.75,326.57574,308.82822,53.42574000000002,35.67822000000001
2022-05-26 10:00:00,24.0,87.0,327.6891,308.38638,54.53910000000002,35.23638
2022-05-26 10:00:00,24.0,87.25,328.03125,310.89932,54.88125000000002,37.74932000000001
2022-05-26 10:00:00,24.0,87.5,327.9575,312.80444,54.807500000000005,39.65444000000002
2022-05-26 10:00:00,24.0,87.75,327.9966,313.28705,54.846600000000024,40.137050000000045
2022-05-26 10:00:00,24.0,88.0,327.23602,313.2284,54.08602000000002,40.078400000000045
2022-05-26 10:00:00,24.0,88.25,327.23602,313.2284,54.08602000000002,40.078400000000045
2022-05-26 10:00:00,24.0,88.5,326.1642,312.77136,53.01420000000002,39.62136000000004
2022-05-26 10:00:00,24.0,88.75,325.77933,312.31152,52.62933000000004,39.161519999999996
2022-05-26 10:00:00,24.0,89.0,325.01227,311.5928,51.862270000000024,38.442800000000034
2022-05-26 10:00:00,24.0,89.25,324.96014,310.88736,51.81014000000005,37.737360000000024
2022-05-26 10:00:00,24.0,89.5,325.8029,311.58075,52.652900000000045,38.430750000000046
2022-05-26 10:00:00,24.0,89.75,325.39468,311.23068,52.24468000000002,38.08068000000003
2022-05-26 10:00:00,24.0,90.0,326.74103,311.60358,53.591030000000046,38.453580000000045
2022-05-26 10:00:00,23.75,85.5,325.91913,309.7541,52.76913000000002,36.60410000000002
2022-05-26 10:00:00,23.75,85.75,325.61813,310.61087,52.46813000000003,37.46087
2022-05-26 10:00:00,23.75,86.0,325.61813,310.61087,52.46813000000003,37.46087
2022-05-26 10:00:00,23.75,86.25,326.53665,311.4488,53.38665000000003,38.29880000000003
2022-05-26 10:00:00,23.75,86.5,326.69354,310.66492,53.54354000000001,37.51492000000002
2022-05-26 10:00:00,23.75,86.75,326.30078,311.0345,53.15078,37.8845
2022-05-26 10:00:00,23.75,87.0,327.79642,312.55655,54.646420000000035,39.40655000000004
2022-05-26 10:00:00,23.75,87.25,328.6734,313.56464,55.52340000000004,40.41464000000002
2022-05-26 10:00:00,23.75,87.5,328.86978,313.77478,55.719780000000014,40.624780000000044
2022-05-26 10:00:00,23.75,87.75,328.21088,313.82043,55.06088,40.67043000000001
2022-05-26 10:00:00,23.75,88.0,326.33435,313.4165,53.184349999999995,40.26650000000001
2022-05-26 10:00:00,23.75,88.25,326.33435,313.4165,53.184349999999995,40.26650000000001
2022-05-26 10:00:00,23.75,88.5,324.74234,312.60944,51.592340000000036,39.45944000000003
2022-05-26 10:00:00,23.75,88.75,324.57205,312.2019,51.42205000000001,39.051900000000046
2022-05-26 10:00:00,23.75,89.0,324.75107,311.7653,51.60107000000005,38.61530000000005
2022-05-26 10:00:00,23.75,89.25,325.02213,311.17734,51.87213000000003,38.02734000000004
2022-05-26 10:00:00,23.75,89.5,325.62006,312.05283,52.470060000000046,38.902829999999994
2022-05-26 10:00:00,23.75,89.75,324.957,312.10486,51.807000000000016,38.95486
2022-05-26 10:00:00,23.75,90.0,324.20544,311.91638,51.05544000000003,38.76638000000003
2022-05-26 10:00:00,23.5,85.5,324.52576,308.4249,51.375760000000014,35.2749
2022-05-26 10:00:00,23.5,85.75,326.34488,311.002,53.19488000000001,37.85200000000003
2022-05-26 10:00:00,23.5,86.0,326.34488,311.002,53.19488000000001,37.85200000000003
2022-05-26 10:00:00,23.5,86.25,327.88495,312.1974,54.734950000000026,39.04740000000004
2022-05-26 10:00:00,23.5,86.5,328.56143,312.13916,55.411429999999996,38.98916000000003
2022-05-26 10:00:00,23.5,86.75,327.81674,312.74673,54.666740000000004,39.596730000000036
2022-05-26 10:00:00,23.5,87.0,327.77307,312.67038,54.62307000000004,39.520380000000046
2022-05-26 10:00:00,23.5,87.25,327.98657,312.96387,54.836569999999995,39.81387000000001
2022-05-26 10:00:00,23.5,87.5,327.9288,313.3756,54.77880000000005,40.22560000000004
2022-05-26 10:00:00,23.5,87.75,327.23096,313.32645,54.080960000000005,40.176450000000045
2022-05-26 10:00:00,23.5,88.0,325.55637,312.93408,52.40637000000004,39.78408000000002
2022-05-26 10:00:00,23.5,88.25,325.55637,312.93408,52.40637000000004,39.78408000000002
2022-05-26 10:00:00,23.5,88.5,324.26096,312.60556,51.110960000000034,39.45556000000005
2022-05-26 10:00:00,23.5,88.75,324.42862,312.3024,51.278620000000046,39.1524
2022-05-26 10:00:00,23.5,89.0,324.6401,311.35806,51.49010000000004,38.208060000000046
2022-05-26 10:00:00,23.5,89.25,325.11578,310.11234,51.965779999999995,36.96234000000004
2022-05-26 10:00:00,23.5,89.5,325.35196,310.5108,52.20196000000004,37.36080000000004
2022-05-26 10:00:00,23.5,89.75,325.01074,311.55634,51.86074000000002,38.40634
2022-05-26 10:00:00,23.5,90.0,323.26813,309.95166,50.11813000000001,36.80166000000003
2022-05-26 10:00:00,23.25,85.5,323.96112,309.36636,50.81112000000002,36.21636000000001
2022-05-26 10:00:00,23.25,85.75,325.87665,311.84402,52.72665000000001,38.69402000000002
2022-05-26 10:00:00,23.25,86.0,325.87665,311.84402,52.72665000000001,38.69402000000002
2022-05-26 10:00:00,23.25,86.25,326.54053,311.55438,53.39053000000001,38.40438
2022-05-26 10:00:00,23.25,86.5,327.88934,312.46967,54.73934000000003,39.31967000000003
2022-05-26 10:00:00,23.25,86.75,328.29556,313.0378,55.145560000000046,39.88780000000003
2022-05-26 10:00:00,23.25,87.0,327.88458,312.5083,54.73458000000005,39.35830000000004
2022-05-26 10:00:00,23.25,87.25,328.0785,312.98822,54.92850000000004,39.838220000000035
2022-05-26 10:00:00,23.25,87.5,328.08942,313.67673,54.93942000000004,40.52673000000004
2022-05-26 10:00:00,23.25,87.75,327.69162,313.73154,54.54162000000002,40.58154000000002
2022-05-26 10:00:00,23.25,88.0,327.0441,313.48126,53.89410000000004,40.33126000000004
2022-05-26 10:00:00,23.25,88.25,327.0441,313.48126,53.89410000000004,40.33126000000004
2022-05-26 10:00:00,23.25,88.5,326.26514,313.20987,53.11514,40.059870000000046
2022-05-26 10:00:00,23.25,88.75,326.03625,312.88257,52.88625000000002,39.73257000000001
2022-05-26 10:00:00,23.25,89.0,326.4075,312.42337,53.25750000000005,39.27337
2022-05-26 10:00:00,23.25,89.25,326.41287,312.07916,53.26287000000002,38.929160000000024
2022-05-26 10:00:00,23.25,89.5,325.87842,312.1331,52.72842000000003,38.983100000000036
2022-05-26 10:00:00,23.25,89.75,324.68573,311.73358,51.53573,38.58358000000004
2022-05-26 10:00:00,23.25,90.0,323.23816,309.12054,50.088160000000016,35.97054000000003
2022-05-26 10:00:00,23.0,85.5,322.84137,307.94983,49.691370000000006,34.79983000000004
2022-05-26 10:00:00,23.0,85.75,324.19864,311.1646,51.048640000000034,38.01460000000003
2022-05-26 10:00:00,23.0,86.0,324.19864,311.1646,51.048640000000034,38.01460000000003
2022-05-26 10:00:00,23.0,86.25,326.26413,311.9829,53.114130000000046,38.832899999999995
2022-05-26 10:00:00,23.0,86.5,328.69305,312.4707,55.54305000000005,39.320700000000045
2022-05-26 10:00:00,23.0,86.75,328.39716,313.46313,55.24716000000001,40.31313
2022-05-26 10:00:00,23.0,87.0,327.72296,313.7748,54.57296000000002,40.62480000000005
2022-05-26 10:00:00,23.0,87.25,327.38998,313.38687,54.23998,40.23687000000001
2022-05-26 10:00:00,23.0,87.5,327.7357,312.90817,54.58570000000003,39.75817000000001
2022-05-26 10:00:00,23.0,87.75,327.9825,313.2005,54.83250000000004,40.0505
2022-05-26 10:00:00,23.0,88.0,327.86377,313.85114,54.71377000000001,40.70114000000001
2022-05-26 10:00:00,23.0,88.25,327.86377,313.85114,54.71377000000001,40.70114000000001
2022-05-26 10:00:00,23.0,88.5,327.6413,313.7188,54.491300000000024,40.56880000000001
2022-05-26 10:00:00,23.0,88.75,327.33945,312.77228,54.18945000000002,39.622280000000046
2022-05-26 10:00:00,23.0,89.0,327.35516,311.8626,54.205160000000035,38.71260000000001
2022-05-26 10:00:00,23.0,89.25,327.0223,311.51215,53.872299999999996,38.36215000000004
2022-05-26 10:00:00,23.0,89.5,325.4664,311.56085,52.316400000000044,38.41085000000004
2022-05-26 10:00:00,23.0,89.75,324.35,312.21747,51.200000000000045,39.067470000000014
2022-05-26 10:00:00,23.0,90.0,322.69174,310.09384,49.541740000000004,36.94384000000002
2022-05-26 10:00:00,22.75,85.5,324.37582,310.05563,51.22582,36.90563000000003
2022-05-26 10:00:00,22.75,85.75,326.80408,313.11526,53.65408000000002,39.96526
2022-05-26 10:00:00,22.75,86.0,326.80408,313.11526,53.65408000000002,39.96526
2022-05-26 10:00:00,22.75,86.25,328.2119,313.06348,55.06190000000004,39.91348000000005
2022-05-26 10:00:00,22.75,86.5,328.90118,313.5736,55.75118000000003,40.42360000000002
2022-05-26 10:00:00,22.75,86.75,329.47864,314.51465,56.32864000000001,41.36465000000004
2022-05-26 10:00:00,22.75,87.0,327.94003,313.42654,54.79003,40.27654000000001
2022-05-26 10:00:00,22.75,87.25,327.63272,312.82376,54.48272000000003,39.673760000000016
2022-05-26 10:00:00,22.75,87.5,327.46146,312.5518,54.31146000000001,39.40180000000004
2022-05-26 10:00:00,22.75,87.75,327.76416,312.5725,54.61416000000003,39.422500000000014
2022-05-26 10:00:00,22.75,88.0,327.63602,312.67703,54.486019999999996,39.527030000000025
2022-05-26 10:00:00,22.75,88.25,327.63602,312.67703,54.486019999999996,39.527030000000025
2022-05-26 10:00:00,22.75,88.5,326.95117,312.56277,53.80117000000001,39.41277000000002
2022-05-26 10:00:00,22.75,88.75,325.8904,311.7942,52.74040000000002,38.64420000000001
2022-05-26 10:00:00,22.75,89.0,324.15396,310.11926,51.003960000000006,36.96926000000002
2022-05-26 10:00:00,22.75,89.25,322.23343,308.3191,49.08343000000002,35.169100000000014
2022-05-26 10:00:00,22.75,89.5,321.66763,308.19998,48.51763,35.049980000000005
2022-05-26 10:00:00,22.75,89.75,322.01965,309.8653,48.869650000000036,36.71530000000001
2022-05-26 10:00:00,22.75,90.0,321.19092,310.36237,48.04092000000003,37.21237000000002
2022-05-26 10:00:00,22.5,85.5,324.37582,310.05563,51.22582,36.90563000000003
2022-05-26 10:00:00,22.5,85.75,326.80408,313.11526,53.65408000000002,39.96526
2022-05-26 10:00:00,22.5,86.0,326.80408,313.11526,53.65408000000002,39.96526
2022-05-26 10:00:00,22.5,86.25,328.2119,313.06348,55.06190000000004,39.91348000000005
2022-05-26 10:00:00,22.5,86.5,328.90118,313.5736,55.75118000000003,40.42360000000002
2022-05-26 10:00:00,22.5,86.75,329.47864,314.51465,56.32864000000001,41.36465000000004
2022-05-26 10:00:00,22.5,87.0,327.94003,313.42654,54.79003,40.27654000000001
2022-05-26 10:00:00,22.5,87.25,327.63272,312.82376,54.48272000000003,39.673760000000016
2022-05-26 10:00:00,22.5,87.5,327.46146,312.5518,54.31146000000001,39.40180000000004
2022-05-26 10:00:00,22.5,87.75,327.76416,312.5725,54.61416000000003,39.422500000000014
2022-05-26 10:00:00,22.5,88.0,327.63602,312.67703,54.486019999999996,39.527030000000025
2022-05-26 10:00:00,22.5,88.25,327.63602,312.67703,54.486019999999996,39.527030000000025
2022-05-26 10:00:00,22.5,88.5,326.95117,312.56277,53.80117000000001,39.41277000000002
2022-05-26 10:00:00,22.5,88.75,325.8904,311.7942,52.74040000000002,38.64420000000001
2022-05-26 10:00:00,22.5,89.0,324.15396,310.11926,51.003960000000006,36.96926000000002
2022-05-26 10:00:00,22.5,89.25,322.23343,308.3191,49.08343000000002,35.169100000000014
2022-05-26 10:00:00,22.5,89.5,321.66763,308.19998,48.51763,35.049980000000005
2022-05-26 10:00:00,22.5,89.75,322.01965,309.8653,48.869650000000036,36.71530000000001
2022-05-26 10:00:00,22.5,90.0,321.19092,310.36237,48.04092000000003,37.21237000000002
2022-05-26 10:00:00,22.25,85.5,325.066,309.99643,51.916,36.84643
2022-05-26 10:00:00,22.25,85.75,325.99716,311.05734,52.84716000000003,37.90734000000003
2022-05-26 10:00:00,22.25,86.0,325.99716,311.05734,52.84716000000003,37.90734000000003
2022-05-26 10:00:00,22.25,86.25,326.6167,311.4458,53.4667,38.29580000000004
2022-05-26 10:00:00,22.25,86.5,327.3023,313.30472,54.152300000000025,40.15472
2022-05-26 10:00:00,22.25,86.75,328.62,313.6169,55.47000000000003,40.46690000000001
2022-05-26 10:00:00,22.25,87.0,328.1061,312.38086,54.95610000000005,39.23086000000001
2022-05-26 10:00:00,22.25,87.25,327.81326,312.69748,54.66326000000004,39.54748000000001
2022-05-26 10:00:00,22.25,87.5,327.4876,312.72122,54.33760000000001,39.57122000000004
2022-05-26 10:00:00,22.25,87.75,326.24747,311.27057,53.097470000000044,38.12057000000004
2022-05-26 10:00:00,22.25,88.0,326.52817,311.0145,53.37817000000001,37.86450000000002
2022-05-26 10:00:00,22.25,88.25,326.52817,311.0145,53.37817000000001,37.86450000000002
2022-05-26 10:00:00,22.25,88.5,326.86737,310.98593,53.71737000000002,37.83593000000002
2022-05-26 10:00:00,22.25,88.75,325.0572,310.2053,51.907200000000046,37.055300000000045
2022-05-26 10:00:00,22.25,89.0,321.81287,309.20877,48.66287,36.05877000000004
2022-05-26 10:00:00,22.25,89.25,319.0491,308.0987,45.89910000000003,34.94870000000003
2022-05-26 10:00:00,22.25,89.5,317.96512,307.109,44.815120000000036,33.959
2022-05-26 10:00:00,22.25,89.75,318.44687,306.9691,45.29687000000001,33.81910000000005
2022-05-26 10:00:00,22.25,90.0,319.57144,307.58322,46.42144000000002,34.433220000000006
2022-05-26 10:00:00,22.0,85.5,325.48074,309.71127,52.33074000000005,36.561270000000036
2022-05-26 10:00:00,22.0,85.75,326.1248,310.216,52.974800000000016,37.06600000000003
2022-05-26 10:00:00,22.0,86.0,326.1248,310.216,52.974800000000016,37.06600000000003
2022-05-26 10:00:00,22.0,86.25,324.79544,309.14395,51.64544000000001,35.99395000000004
2022-05-26 10:00:00,22.0,86.5,325.5696,311.6175,52.4196,38.46750000000003
2022-05-26 10:00:00,22.0,86.75,328.58188,314.13623,55.431880000000035,40.986230000000035
2022-05-26 10:00:00,22.0,87.0,328.9226,313.3681,55.77260000000001,40.21810000000005
2022-05-26 10:00:00,22.0,87.25,328.57565,312.55148,55.42565000000002,39.40148000000005
2022-05-26 10:00:00,22.0,87.5,327.45908,311.61072,54.309079999999994,38.46072000000004
2022-05-26 10:00:00,22.0,87.75,326.66647,310.56613,53.51647000000003,37.41613000000001
2022-05-26 10:00:00,22.0,88.0,327.0384,310.96536,53.88840000000005,37.81536
2022-05-26 10:00:00,22.0,88.25,327.0384,310.96536,53.88840000000005,37.81536
2022-05-26 10:00:00,22.0,88.5,326.20087,310.59134,53.05087000000003,37.441340000000025
2022-05-26 10:00:00,22.0,88.75,323.71835,309.44348,50.56835000000001,36.293480000000045
2022-05-26 10:00:00,22.0,89.0,320.98648,309.13074,47.836479999999995,35.980740000000026
2022-05-26 10:00:00,22.0,89.25,318.53632,309.04318,45.38632000000001,35.89318000000003
2022-05-26 10:00:00,22.0,89.5,316.81775,307.93176,43.66775000000001,34.78176000000002
2022-05-26 10:00:00,22.0,89.75,316.75586,306.43356,43.60586000000001,33.28356000000002
2022-05-26 10:00:00,22.0,90.0,318.1743,306.17767,45.02430000000004,33.02767
2022-05-26 10:00:00,21.75,85.5,326.72165,310.2206,53.571650000000034,37.07060000000001
2022-05-26 10:00:00,21.75,85.75,326.6284,309.7565,53.47840000000002,36.60650000000004
2022-05-26 10:00:00,21.75,86.0,326.6284,309.7565,53.47840000000002,36.60650000000004
2022-05-26 10:00:00,21.75,86.25,322.30002,306.9312,49.15002000000004,33.78120000000001
2022-05-26 10:00:00,21.75,86.5,323.20926,309.93497,50.059259999999995,36.784970000000044
2022-05-26 10:00:00,21.75,86.75,328.60385,313.54062,55.453850000000045,40.39062000000001
2022-05-26 10:00:00,21.75,87.0,329.7218,313.154,56.571799999999996,40.00400000000002
2022-05-26 10:00:00,21.75,87.25,329.83966,312.60306,56.68966,39.45306000000005
2022-05-26 10:00:00,21.75,87.5,328.3256,311.473,55.17560000000003,38.323000000000036
2022-05-26 10:00:00,21.75,87.75,323.46494,308.55658,50.314940000000036,35.40658000000002
2022-05-26 10:00:00,21.75,88.0,324.7644,308.5939,51.614400000000046,35.44390000000004
2022-05-26 10:00:00,21.75,88.25,324.7644,308.5939,51.614400000000046,35.44390000000004
2022-05-26 10:00:00,21.75,88.5,324.2958,308.01154,51.14580000000001,34.86154000000005
2022-05-26 10:00:00,21.75,88.75,323.15622,307.7615,50.00622000000004,34.611500000000035
2022-05-26 10:00:00,21.75,89.0,324.76782,309.20062,51.617819999999995,36.05062000000004
2022-05-26 10:00:00,21.75,89.25,322.81882,308.89526,49.66882000000004,35.74526000000003
2022-05-26 10:00:00,21.75,89.5,318.84866,306.90555,45.69866000000002,33.75555000000003
2022-05-26 10:00:00,21.75,89.75,318.77386,305.8331,45.623860000000036,32.683100000000024
2022-05-26 10:00:00,21.75,90.0,319.1183,305.8704,45.9683,32.72040000000004
2022-05-26 10:00:00,21.5,85.5,326.89304,309.61548,53.74304000000001,36.465480000000014
2022-05-26 10:00:00,21.5,85.75,326.28677,309.6844,53.13677000000001,36.534400000000005
2022-05-26 10:00:00,21.5,86.0,326.28677,309.6844,53.13677000000001,36.534400000000005
2022-05-26 10:00:00,21.5,86.25,324.71606,309.63095,51.56606000000005,36.48095000000001
2022-05-26 10:00:00,21.5,86.5,324.992,311.93073,51.84200000000004,38.780730000000005
2022-05-26 10:00:00,21.5,86.75,328.57422,314.6534,55.42422000000005,41.5034
2022-05-26 10:00:00,21.5,87.0,323.44485,309.7581,50.29485,36.608100000000036
2022-05-26 10:00:00,21.5,87.25,322.1619,307.48468,49.011900000000026,34.33468000000005
2022-05-26 10:00:00,21.5,87.5,321.98096,307.04507,48.830960000000005,33.89507000000003
2022-05-26 10:00:00,21.5,87.75,321.86826,306.2028,48.71826000000004,33.05280000000005
2022-05-26 10:00:00,21.5,88.0,322.18185,306.47495,49.03185000000002,33.32495
2022-05-26 10:00:00,21.5,88.25,322.18185,306.47495,49.03185000000002,33.32495
2022-05-26 10:00:00,21.5,88.5,322.64554,306.601,49.495540000000005,33.45100000000002
2022-05-26 10:00:00,21.5,88.75,322.7766,306.52026,49.626599999999996,33.37026000000003
2022-05-26 10:00:00,21.5,89.0,322.59305,306.74258,49.44305000000003,33.59258
2022-05-26 10:00:00,21.5,89.25,322.44037,306.80234,49.290369999999996,33.65234000000004
2022-05-26 10:00:00,21.5,89.5,322.40994,306.5984,49.25994000000003,33.44840000000005
2022-05-26 10:00:00,21.5,89.75,322.373,306.2805,49.22300000000001,33.13050000000004
2022-05-26 10:00:00,21.5,90.0,322.33902,306.59314,49.18902000000003,33.44314000000003
2022-05-26 10:00:00,21.25,85.5,327.3792,310.65393,54.22920000000005,37.503930000000025
2022-05-26 10:00:00,21.25,85.75,327.2274,311.90274,54.07740000000001,38.75274000000002
2022-05-26 10:00:00,21.25,86.0,327.2274,311.90274,54.07740000000001,38.75274000000002
2022-05-26 10:00:00,21.25,86.25,326.32477,312.75836,53.174770000000024,39.608360000000005
2022-05-26 10:00:00,21.25,86.5,327.3007,313.43536,54.15070000000003,40.285360000000026
2022-05-26 10:00:00,21.25,86.75,325.55774,313.58035,52.40774000000005,40.43035000000003
2022-05-26 10:00:00,21.25,87.0,322.27438,309.03516,49.12438000000003,35.88516000000004
2022-05-26 10:00:00,21.25,87.25,321.9418,306.93262,48.79180000000002,33.78262000000001
2022-05-26 10:00:00,21.25,87.5,322.19443,306.61807,49.044430000000034,33.46807000000001
2022-05-26 10:00:00,21.25,87.75,322.40244,306.45157,49.252440000000036,33.30157000000003
2022-05-26 10:00:00,21.25,88.0,322.73868,306.56006,49.58868000000001,33.410060000000044
2022-05-26 10:00:00,21.25,88.25,322.73868,306.56006,49.58868000000001,33.410060000000044
2022-05-26 10:00:00,21.25,88.5,323.03986,306.59894,49.88986,33.44894000000005
2022-05-26 10:00:00,21.25,88.75,323.10608,306.66504,49.95608000000004,33.51504
2022-05-26 10:00:00,21.25,89.0,323.10574,306.75986,49.95574000000005,33.609860000000026
2022-05-26 10:00:00,21.25,89.25,323.186,306.7929,50.036,33.6429
2022-05-26 10:00:00,21.25,89.5,323.289,306.9323,50.13900000000001,33.78230000000002
2022-05-26 10:00:00,21.25,89.75,323.3304,307.00946,50.18040000000002,33.85946000000001
2022-05-26 10:00:00,21.25,90.0,323.01138,307.09784,49.86138,33.94784000000004
2022-05-26 10:00:00,21.0,85.5,329.08264,312.53735,55.93264000000005,39.387350000000026
2022-05-26 10:00:00,21.0,85.75,328.52374,313.19397,55.37374,40.04397
2022-05-26 10:00:00,21.0,86.0,328.52374,313.19397,55.37374,40.04397
2022-05-26 10:00:00,21.0,86.25,328.44745,313.49063,55.297450000000026,40.34063000000003
2022-05-26 10:00:00,21.0,86.5,328.1341,313.37332,54.98410000000001,40.22332
2022-05-26 10:00:00,21.0,86.75,330.13443,314.44406,56.98443000000003,41.29406
2022-05-26 10:00:00,21.0,87.0,322.89844,309.30826,49.748440000000016,36.15826000000004
2022-05-26 10:00:00,21.0,87.25,321.53403,306.76935,48.384029999999996,33.61935
2022-05-26 10:00:00,21.0,87.5,322.18143,306.1664,49.03143,33.01640000000003
2022-05-26 10:00:00,21.0,87.75,322.7227,306.15765,49.5727,33.00765000000001
2022-05-26 10:00:00,21.0,88.0,323.0365,306.20248,49.88650000000001,33.05248
2022-05-26 10:00:00,21.0,88.25,323.0365,306.20248,49.88650000000001,33.05248
2022-05-26 10:00:00,21.0,88.5,323.13867,306.32675,49.98867000000001,33.17675000000003
2022-05-26 10:00:00,21.0,88.75,322.9683,306.53345,49.81830000000002,33.38345000000004
2022-05-26 10:00:00,21.0,89.0,322.65945,306.63364,49.509450000000015,33.48364000000004
2022-05-26 10:00:00,21.0,89.25,322.48206,306.6669,49.33206000000001,33.51690000000002
2022-05-26 10:00:00,21.0,89.5,322.5401,306.6244,49.39010000000002,33.4744
2022-05-26 10:00:00,21.0,89.75,322.60086,306.4995,49.450860000000034,33.349500000000035
2022-05-26 10:00:00,21.0,90.0,322.03955,306.63626,48.88955000000004,33.486260000000016
2022-05-26 11:00:00,27.5,85.5,316.7764,302.63937,43.62640000000005,29.489370000000008
2022-05-26 11:00:00,27.5,85.75,312.4534,301.64954,39.30340000000001,28.499540000000025
2022-05-26 11:00:00,27.5,86.0,312.4534,301.64954,39.30340000000001,28.499540000000025
2022-05-26 11:00:00,27.5,86.25,306.77557,298.61856,33.62557000000004,25.468560000000025
2022-05-26 11:00:00,27.5,86.5,303.69873,296.2394,30.548730000000035,23.089400000000012
2022-05-26 11:00:00,27.5,86.75,303.70294,295.7964,30.552940000000035,22.64640000000003
2022-05-26 11:00:00,27.5,87.0,305.41702,295.95734,32.26702,22.80734000000001
2022-05-26 11:00:00,27.5,87.25,307.4276,297.3238,34.27760000000001,24.17380000000003
2022-05-26 11:00:00,27.5,87.5,307.4481,296.8572,34.298100000000034,23.7072
2022-05-26 11:00:00,27.5,87.75,305.17798,294.07278,32.027980000000014,20.922780000000046
2022-05-26 11:00:00,27.5,88.0,303.62512,292.59518,30.475120000000004,19.44518000000005
2022-05-26 11:00:00,27.5,88.25,303.62512,292.59518,30.475120000000004,19.44518000000005
2022-05-26 11:00:00,27.5,88.5,304.0108,293.98007,30.86080000000004,20.830070000000035
2022-05-26 11:00:00,27.5,88.75,303.6143,293.25867,30.464300000000037,20.108670000000018
2022-05-26 11:00:00,27.5,89.0,301.3827,287.7552,28.232700000000023,14.605200000000025
2022-05-26 11:00:00,27.5,89.25,300.53052,287.11792,27.380520000000047,13.96792000000005
2022-05-26 11:00:00,27.5,89.5,303.82,290.48895,30.670000000000016,17.33895000000001
2022-05-26 11:00:00,27.5,89.75,306.16638,293.46573,33.01638000000003,20.31573000000003
2022-05-26 11:00:00,27.5,90.0,308.93088,295.3757,35.780880000000025,22.225700000000018
2022-05-26 11:00:00,27.25,85.5,321.80524,307.76248,48.65524000000005,34.612480000000005
2022-05-26 11:00:00,27.25,85.75,321.133,307.92133,47.983000000000004,34.771330000000034
2022-05-26 11:00:00,27.25,86.0,321.133,307.92133,47.983000000000004,34.771330000000034
2022-05-26 11:00:00,27.25,86.25,316.7274,304.9908,43.57740000000001,31.8408
2022-05-26 11:00:00,27.25,86.5,315.17136,302.60812,42.021360000000016,29.458120000000008
2022-05-26 11:00:00,27.25,86.75,314.82452,301.74155,41.67452000000003,28.59155000000004
2022-05-26 11:00:00,27.25,87.0,313.54782,300.33652,40.397820000000024,27.18652000000003
2022-05-26 11:00:00,27.25,87.25,312.85385,300.56647,39.703850000000045,27.416470000000004
2022-05-26 11:00:00,27.25,87.5,311.87262,300.6746,38.722620000000006,27.52460000000002
2022-05-26 11:00:00,27.25,87.75,309.39667,298.5573,36.246669999999995,25.40730000000002
2022-05-26 11:00:00,27.25,88.0,308.44833,298.27676,35.29833000000002,25.126760000000047
2022-05-26 11:00:00,27.25,88.25,308.44833,298.27676,35.29833000000002,25.126760000000047
2022-05-26 11:00:00,27.25,88.5,310.04874,300.7448,36.89874000000003,27.59480000000002
2022-05-26 11:00:00,27.25,88.75,310.3731,300.31183,37.223100000000045,27.16183000000001
2022-05-26 11:00:00,27.25,89.0,308.85696,297.26456,35.70696000000004,24.11456000000004
2022-05-26 11:00:00,27.25,89.25,307.8972,295.78775,34.74720000000002,22.63775000000004
2022-05-26 11:00:00,27.25,89.5,307.00616,293.59933,33.856160000000045,20.44933000000003
2022-05-26 11:00:00,27.25,89.75,306.41403,293.44965,33.26403000000005,20.299650000000042
2022-05-26 11:00:00,27.25,90.0,307.88525,296.15408,34.73525000000001,23.004080000000044
2022-05-26 11:00:00,27.0,85.5,321.80524,307.76248,48.65524000000005,34.612480000000005
2022-05-26 11:00:00,27.0,85.75,321.133,307.92133,47.983000000000004,34.771330000000034
2022-05-26 11:00:00,27.0,86.0,321.133,307.92133,47.983000000000004,34.771330000000034
2022-05-26 11:00:00,27.0,86.25,316.7274,304.9908,43.57740000000001,31.8408
2022-05-26 11:00:00,27.0,86.5,315.17136,302.60812,42.021360000000016,29.458120000000008
2022-05-26 11:00:00,27.0,86.75,314.82452,301.74155,41.67452000000003,28.59155000000004
2022-05-26 11:00:00,27.0,87.0,313.54782,300.33652,40.397820000000024,27.18652000000003
2022-05-26 11:00:00,27.0,87.25,312.85385,300.56647,39.703850000000045,27.416470000000004
2022-05-26 11:00:00,27.0,87.5,311.87262,300.6746,38.722620000000006,27.52460000000002
2022-05-26 11:00:00,27.0,87.75,309.39667,298.5573,36.246669999999995,25.40730000000002
2022-05-26 11:00:00,27.0,88.0,308.44833,298.27676,35.29833000000002,25.126760000000047
2022-05-26 11:00:00,27.0,88.25,308.44833,298.27676,35.29833000000002,25.126760000000047
2022-05-26 11:00:00,27.0,88.5,310.04874,300.7448,36.89874000000003,27.59480000000002
2022-05-26 11:00:00,27.0,88.75,310.3731,300.31183,37.223100000000045,27.16183000000001
2022-05-26 11:00:00,27.0,89.0,308.85696,297.26456,35.70696000000004,24.11456000000004
2022-05-26 11:00:00,27.0,89.25,307.8972,295.78775,34.74720000000002,22.63775000000004
2022-05-26 11:00:00,27.0,89.5,307.00616,293.59933,33.856160000000045,20.44933000000003
2022-05-26 11:00:00,27.0,89.75,306.41403,293.44965,33.26403000000005,20.299650000000042
2022-05-26 11:00:00,27.0,90.0,307.88525,296.15408,34.73525000000001,23.004080000000044
2022-05-26 11:00:00,26.75,85.5,323.49863,309.53992,50.348630000000014,36.38992000000002
2022-05-26 11:00:00,26.75,85.75,325.1212,311.0434,51.97120000000001,37.89340000000004
2022-05-26 11:00:00,26.75,86.0,325.1212,311.0434,51.97120000000001,37.89340000000004
2022-05-26 11:00:00,26.75,86.25,326.38757,309.8919,53.237570000000005,36.741900000000044
2022-05-26 11:00:00,26.75,86.5,325.17096,308.8518,52.02096,35.70180000000005
2022-05-26 11:00:00,26.75,86.75,322.97925,308.0965,49.82925,34.946500000000015
2022-05-26 11:00:00,26.75,87.0,319.5994,305.97855,46.449400000000026,32.82855000000001
2022-05-26 11:00:00,26.75,87.25,317.66858,304.3648,44.51858000000004,31.214800000000025
2022-05-26 11:00:00,26.75,87.5,315.90863,303.81287,42.75863000000004,30.662869999999998
2022-05-26 11:00:00,26.75,87.75,314.01797,303.2303,40.867970000000014,30.080300000000022
2022-05-26 11:00:00,26.75,88.0,313.42477,303.23502,40.274770000000046,30.085020000000043
2022-05-26 11:00:00,26.75,88.25,313.42477,303.23502,40.274770000000046,30.085020000000043
2022-05-26 11:00:00,26.75,88.5,314.32858,304.83893,41.17858000000001,31.688930000000028
2022-05-26 11:00:00,26.75,88.75,315.52432,306.35068,42.37432000000001,33.200680000000034
2022-05-26 11:00:00,26.75,89.0,315.9185,306.32834,42.76850000000002,33.17834000000005
2022-05-26 11:00:00,26.75,89.25,315.36444,306.11304,42.214440000000025,32.963040000000035
2022-05-26 11:00:00,26.75,89.5,313.62323,302.59857,40.47323,29.448570000000018
2022-05-26 11:00:00,26.75,89.75,311.149,300.183,37.999000000000024,27.033000000000015
2022-05-26 11:00:00,26.75,90.0,311.63058,302.64697,38.48058000000003,29.496970000000033
2022-05-26 11:00:00,26.5,85.5,324.61215,310.32693,51.46215000000001,37.17693000000003
2022-05-26 11:00:00,26.5,85.75,324.6526,310.15585,51.50260000000003,37.00585000000001
2022-05-26 11:00:00,26.5,86.0,324.6526,310.15585,51.50260000000003,37.00585000000001
2022-05-26 11:00:00,26.5,86.25,326.08502,310.93512,52.93502000000001,37.785120000000006
2022-05-26 11:00:00,26.5,86.5,326.2184,310.2713,53.0684,37.12130000000002
2022-05-26 11:00:00,26.5,86.75,325.8661,310.25043,52.71610000000004,37.10043000000002
2022-05-26 11:00:00,26.5,87.0,324.93832,310.90448,51.78832,37.75448
2022-05-26 11:00:00,26.5,87.25,323.5447,310.19495,50.3947,37.04495000000003
2022-05-26 11:00:00,26.5,87.5,321.00665,308.91528,47.85665,35.76528000000002
2022-05-26 11:00:00,26.5,87.75,319.10376,308.5174,45.953760000000045,35.36740000000003
2022-05-26 11:00:00,26.5,88.0,318.2298,308.25662,45.079800000000034,35.10662000000002
2022-05-26 11:00:00,26.5,88.25,318.2298,308.25662,45.079800000000034,35.10662000000002
2022-05-26 11:00:00,26.5,88.5,317.33752,307.494,44.187520000000006,34.34400000000005
2022-05-26 11:00:00,26.5,88.75,316.72034,306.9356,43.570340000000044,33.785600000000045
2022-05-26 11:00:00,26.5,89.0,316.57327,306.85422,43.42327,33.70422000000002
2022-05-26 11:00:00,26.5,89.25,316.9358,307.51727,43.785799999999995,34.36727000000002
2022-05-26 11:00:00,26.5,89.5,316.48294,307.05643,43.33294000000001,33.90643
2022-05-26 11:00:00,26.5,89.75,315.42743,305.0187,42.27743000000004,31.868700000000047
2022-05-26 11:00:00,26.5,90.0,314.9745,304.72244,41.8245,31.57244000000003
2022-05-26 11:00:00,26.25,85.5,324.17117,310.0236,51.02117000000004,36.87360000000001
2022-05-26 11:00:00,26.25,85.75,324.80917,309.9386,51.65917000000002,36.78860000000003
2022-05-26 11:00:00,26.25,86.0,324.80917,309.9386,51.65917000000002,36.78860000000003
2022-05-26 11:00:00,26.25,86.25,325.82373,310.16028,52.673730000000035,37.01028000000002
2022-05-26 11:00:00,26.25,86.5,325.87042,310.23062,52.72042000000005,37.08062000000001
2022-05-26 11:00:00,26.25,86.75,325.38,310.83163,52.23000000000002,37.68163000000004
2022-05-26 11:00:00,26.25,87.0,325.04572,311.154,51.89572000000004,38.00400000000002
2022-05-26 11:00:00,26.25,87.25,324.00027,310.85452,50.85027000000002,37.70452
2022-05-26 11:00:00,26.25,87.5,322.43457,309.7314,49.28457000000003,36.58140000000003
2022-05-26 11:00:00,26.25,87.75,320.90015,308.81512,47.75015000000002,35.66512
2022-05-26 11:00:00,26.25,88.0,319.55392,308.54617,46.40392000000003,35.39617000000004
2022-05-26 11:00:00,26.25,88.25,319.55392,308.54617,46.40392000000003,35.39617000000004
2022-05-26 11:00:00,26.25,88.5,318.4953,308.55475,45.34530000000001,35.404750000000035
2022-05-26 11:00:00,26.25,88.75,317.8108,308.27322,44.660799999999995,35.12322
2022-05-26 11:00:00,26.25,89.0,317.36816,306.88397,44.21816000000001,33.73397
2022-05-26 11:00:00,26.25,89.25,317.0945,305.59225,43.944500000000005,32.44225
2022-05-26 11:00:00,26.25,89.5,316.97214,305.82208,43.82214000000005,32.67208000000005
2022-05-26 11:00:00,26.25,89.75,316.58997,305.1629,43.43997000000002,32.0129
2022-05-26 11:00:00,26.25,90.0,317.5712,305.46255,44.4212,32.312550000000044
2022-05-26 11:00:00,26.0,85.5,325.7096,310.43417,52.559600000000046,37.28417000000002
2022-05-26 11:00:00,26.0,85.75,325.42303,309.98358,52.273030000000006,36.83358000000004
2022-05-26 11:00:00,26.0,86.0,325.42303,309.98358,52.273030000000006,36.83358000000004
2022-05-26 11:00:00,26.0,86.25,325.4894,309.76758,52.33940000000001,36.61758000000003
2022-05-26 11:00:00,26.0,86.5,325.30402,310.51544,52.15402,37.365440000000035
2022-05-26 11:00:00,26.0,86.75,325.8108,311.63373,52.660799999999995,38.48373000000004
2022-05-26 11:00:00,26.0,87.0,325.04996,311.1904,51.89996000000002,38.040400000000034
2022-05-26 11:00:00,26.0,87.25,323.8086,310.18802,50.658600000000035,37.03802000000002
2022-05-26 11:00:00,26.0,87.5,322.49225,309.61288,49.342250000000035,36.46288000000004
2022-05-26 11:00:00,26.0,87.75,321.26324,309.32172,48.11324000000002,36.17172000000005
2022-05-26 11:00:00,26.0,88.0,320.45825,309.44897,47.308250000000044,36.29897
2022-05-26 11:00:00,26.0,88.25,320.45825,309.44897,47.308250000000044,36.29897
2022-05-26 11:00:00,26.0,88.5,320.03455,309.58533,46.88455000000005,36.43533000000002
2022-05-26 11:00:00,26.0,88.75,319.8338,308.80664,46.68380000000002,35.65664000000004
2022-05-26 11:00:00,26.0,89.0,319.79703,307.49927,46.64703000000003,34.34927000000005
2022-05-26 11:00:00,26.0,89.25,319.5487,306.2578,46.39870000000002,33.1078
2022-05-26 11:00:00,26.0,89.5,319.81207,306.24042,46.66207000000003,33.090419999999995
2022-05-26 11:00:00,26.0,89.75,319.4081,306.80814,46.25810000000001,33.65814
2022-05-26 11:00:00,26.0,90.0,318.73697,307.2125,45.58697000000001,34.0625
2022-05-26 11:00:00,25.75,85.5,326.05585,310.30588,52.905850000000044,37.155880000000025
2022-05-26 11:00:00,25.75,85.75,325.42886,310.03198,52.27886000000001,36.88198
2022-05-26 11:00:00,25.75,86.0,325.42886,310.03198,52.27886000000001,36.88198
2022-05-26 11:00:00,25.75,86.25,324.9412,310.23193,51.7912,37.08193
2022-05-26 11:00:00,25.75,86.5,324.265,310.3064,51.11500000000001,37.15640000000002
2022-05-26 11:00:00,25.75,86.75,324.20657,310.74454,51.05657000000002,37.594539999999995
2022-05-26 11:00:00,25.75,87.0,323.66858,310.91647,50.51858000000004,37.76647000000003
2022-05-26 11:00:00,25.75,87.25,322.77304,310.6246,49.62304,37.47460000000001
2022-05-26 11:00:00,25.75,87.5,321.82373,310.42868,48.673730000000035,37.27868000000001
2022-05-26 11:00:00,25.75,87.75,321.0411,310.20364,47.891099999999994,37.05364000000003
2022-05-26 11:00:00,25.75,88.0,320.89377,309.77203,47.74377000000004,36.622029999999995
2022-05-26 11:00:00,25.75,88.25,320.89377,309.77203,47.74377000000004,36.622029999999995
2022-05-26 11:00:00,25.75,88.5,321.43997,309.14197,48.28997000000004,35.99197000000004
2022-05-26 11:00:00,25.75,88.75,321.99957,308.3578,48.84957000000003,35.20780000000002
2022-05-26 11:00:00,25.75,89.0,322.24265,307.89603,49.09265000000005,34.74603000000002
2022-05-26 11:00:00,25.75,89.25,322.41937,307.99417,49.26937000000004,34.84417000000002
2022-05-26 11:00:00,25.75,89.5,321.77307,308.7306,48.62307000000004,35.580600000000004
2022-05-26 11:00:00,25.75,89.75,320.62427,308.4522,47.47427000000005,35.30220000000003
2022-05-26 11:00:00,25.75,90.0,320.4924,307.2386,47.3424,34.08860000000004
2022-05-26 11:00:00,25.5,85.5,326.17206,310.81705,53.02206000000001,37.66705000000002
2022-05-26 11:00:00,25.5,85.75,324.1662,309.90576,51.016200000000026,36.75576000000001
2022-05-26 11:00:00,25.5,86.0,324.1662,309.90576,51.016200000000026,36.75576000000001
2022-05-26 11:00:00,25.5,86.25,323.56958,310.13544,50.419579999999996,36.98544000000004
2022-05-26 11:00:00,25.5,86.5,322.90378,310.1138,49.753780000000006,36.96380000000005
2022-05-26 11:00:00,25.5,86.75,323.03473,310.10635,49.88473000000005,36.95635000000004
2022-05-26 11:00:00,25.5,87.0,322.61987,310.11334,49.469870000000014,36.96334000000002
2022-05-26 11:00:00,25.5,87.25,321.5759,309.86697,48.42590000000001,36.71697
2022-05-26 11:00:00,25.5,87.5,320.80927,309.91974,47.65927000000005,36.76974000000001
2022-05-26 11:00:00,25.5,87.75,321.2664,310.05222,48.1164,36.90222
2022-05-26 11:00:00,25.5,88.0,322.4493,310.1675,49.29930000000002,37.01750000000004
2022-05-26 11:00:00,25.5,88.25,322.4493,310.1675,49.29930000000002,37.01750000000004
2022-05-26 11:00:00,25.5,88.5,323.35764,310.33206,50.207640000000026,37.182060000000035
2022-05-26 11:00:00,25.5,88.75,323.61484,310.20477,50.46484000000004,37.05477000000002
2022-05-26 11:00:00,25.5,89.0,323.05328,309.9078,49.903279999999995,36.75780000000003
2022-05-26 11:00:00,25.5,89.25,322.37155,309.6,49.221550000000036,36.450000000000045
2022-05-26 11:00:00,25.5,89.5,321.92685,309.222,48.776850000000024,36.072
2022-05-26 11:00:00,25.5,89.75,321.32034,309.2539,48.17034000000001,36.10390000000001
2022-05-26 11:00:00,25.5,90.0,321.4653,308.3858,48.315300000000036,35.23580000000004
2022-05-26 11:00:00,25.25,85.5,327.03375,311.04755,53.88375000000002,37.897550000000024
2022-05-26 11:00:00,25.25,85.75,324.79,309.8894,51.64000000000004,36.739400000000046
2022-05-26 11:00:00,25.25,86.0,324.79,309.8894,51.64000000000004,36.739400000000046
2022-05-26 11:00:00,25.25,86.25,322.71152,309.2402,49.56152000000003,36.09020000000004
2022-05-26 11:00:00,25.25,86.5,321.48474,309.2767,48.33474000000001,36.12670000000003
2022-05-26 11:00:00,25.25,86.75,321.33734,309.80368,48.187340000000006,36.65368000000001
2022-05-26 11:00:00,25.25,87.0,321.27426,310.31116,48.12426000000005,37.161159999999995
2022-05-26 11:00:00,25.25,87.25,320.9686,310.19675,47.8186,37.04675000000003
2022-05-26 11:00:00,25.25,87.5,320.58356,310.05566,47.43356,36.90566000000001
2022-05-26 11:00:00,25.25,87.75,321.27402,310.12302,48.12402000000003,36.97302000000002
2022-05-26 11:00:00,25.25,88.0,323.1371,310.483,49.9871,37.33300000000003
2022-05-26 11:00:00,25.25,88.25,323.1371,310.483,49.9871,37.33300000000003
2022-05-26 11:00:00,25.25,88.5,324.17044,310.82883,51.02044000000001,37.678830000000005
2022-05-26 11:00:00,25.25,88.75,323.28568,310.5223,50.135680000000036,37.372299999999996
2022-05-26 11:00:00,25.25,89.0,322.0265,310.01923,48.87650000000002,36.869230000000016
2022-05-26 11:00:00,25.25,89.25,321.39062,309.81424,48.240620000000035,36.66424000000001
2022-05-26 11:00:00,25.25,89.5,321.52103,309.17776,48.37103000000002,36.02776
2022-05-26 11:00:00,25.25,89.75,321.20172,309.52234,48.051720000000046,36.37234000000001
2022-05-26 11:00:00,25.25,90.0,321.05124,309.72217,47.90124000000003,36.57217000000003
2022-05-26 11:00:00,25.0,85.5,326.3731,310.3444,53.223100000000045,37.19440000000003
2022-05-26 11:00:00,25.0,85.75,323.51105,309.99133,50.361050000000034,36.84133000000003
2022-05-26 11:00:00,25.0,86.0,323.51105,309.99133,50.361050000000034,36.84133000000003
2022-05-26 11:00:00,25.0,86.25,321.77786,309.6,48.62786,36.450000000000045
2022-05-26 11:00:00,25.0,86.5,320.9562,309.15985,47.80620000000005,36.00985000000003
2022-05-26 11:00:00,25.0,86.75,320.02182,309.0384,46.871820000000014,35.88840000000005
2022-05-26 11:00:00,25.0,87.0,319.56763,309.1837,46.41763000000003,36.03370000000001
2022-05-26 11:00:00,25.0,87.25,319.60315,309.17108,46.45315000000005,36.02108000000004
2022-05-26 11:00:00,25.0,87.5,319.9473,309.8702,46.79730000000001,36.720200000000034
2022-05-26 11:00:00,25.0,87.75,321.56232,310.7738,48.41232000000002,37.62380000000002
2022-05-26 11:00:00,25.0,88.0,323.7757,311.48517,50.625699999999995,38.335170000000005
2022-05-26 11:00:00,25.0,88.25,323.7757,311.48517,50.625699999999995,38.335170000000005
2022-05-26 11:00:00,25.0,88.5,324.64734,311.84448,51.49734000000001,38.69448
2022-05-26 11:00:00,25.0,88.75,323.30273,311.1685,50.15273000000002,38.01850000000002
2022-05-26 11:00:00,25.0,89.0,320.82022,310.17728,47.67022000000003,37.02728000000002
2022-05-26 11:00:00,25.0,89.25,320.50024,310.00613,47.35024000000004,36.85613000000001
2022-05-26 11:00:00,25.0,89.5,320.93704,309.6475,47.78704000000005,36.4975
2022-05-26 11:00:00,25.0,89.75,320.63672,309.81442,47.48672000000005,36.66442000000001
2022-05-26 11:00:00,25.0,90.0,320.85864,309.60165,47.70864,36.45165000000003
2022-05-26 11:00:00,24.75,85.5,326.3731,310.3444,53.223100000000045,37.19440000000003
2022-05-26 11:00:00,24.75,85.75,323.51105,309.99133,50.361050000000034,36.84133000000003
2022-05-26 11:00:00,24.75,86.0,323.51105,309.99133,50.361050000000034,36.84133000000003
2022-05-26 11:00:00,24.75,86.25,321.77786,309.6,48.62786,36.450000000000045
2022-05-26 11:00:00,24.75,86.5,320.9562,309.15985,47.80620000000005,36.00985000000003
2022-05-26 11:00:00,24.75,86.75,320.02182,309.0384,46.871820000000014,35.88840000000005
2022-05-26 11:00:00,24.75,87.0,319.56763,309.1837,46.41763000000003,36.03370000000001
2022-05-26 11:00:00,24.75,87.25,319.60315,309.17108,46.45315000000005,36.02108000000004
2022-05-26 11:00:00,24.75,87.5,319.9473,309.8702,46.79730000000001,36.720200000000034
2022-05-26 11:00:00,24.75,87.75,321.56232,310.7738,48.41232000000002,37.62380000000002
2022-05-26 11:00:00,24.75,88.0,323.7757,311.48517,50.625699999999995,38.335170000000005
2022-05-26 11:00:00,24.75,88.25,323.7757,311.48517,50.625699999999995,38.335170000000005
2022-05-26 11:00:00,24.75,88.5,324.64734,311.84448,51.49734000000001,38.69448
2022-05-26 11:00:00,24.75,88.75,323.30273,311.1685,50.15273000000002,38.01850000000002
2022-05-26 11:00:00,24.75,89.0,320.82022,310.17728,47.67022000000003,37.02728000000002
2022-05-26 11:00:00,24.75,89.25,320.50024,310.00613,47.35024000000004,36.85613000000001
2022-05-26 11:00:00,24.75,89.5,320.93704,309.6475,47.78704000000005,36.4975
2022-05-26 11:00:00,24.75,89.75,320.63672,309.81442,47.48672000000005,36.66442000000001
2022-05-26 11:00:00,24.75,90.0,320.85864,309.60165,47.70864,36.45165000000003
2022-05-26 11:00:00,24.5,85.5,325.89743,310.31332,52.74743000000001,37.16332
2022-05-26 11:00:00,24.5,85.75,325.2987,310.24484,52.14870000000002,37.09484000000003
2022-05-26 11:00:00,24.5,86.0,325.2987,310.24484,52.14870000000002,37.09484000000003
2022-05-26 11:00:00,24.5,86.25,321.90604,309.5308,48.75604000000004,36.38080000000002
2022-05-26 11:00:00,24.5,86.5,319.54337,308.1571,46.393370000000004,35.00710000000004
2022-05-26 11:00:00,24.5,86.75,318.1883,306.45013,45.03830000000005,33.300130000000024
2022-05-26 11:00:00,24.5,87.0,317.6674,305.18436,44.51740000000001,32.03436000000005
2022-05-26 11:00:00,24.5,87.25,317.90125,305.41653,44.75125000000003,32.266530000000046
2022-05-26 11:00:00,24.5,87.5,319.0986,308.10474,45.9486,34.954740000000015
2022-05-26 11:00:00,24.5,87.75,321.48193,310.57315,48.33193,37.42315000000002
2022-05-26 11:00:00,24.5,88.0,323.60034,311.48105,50.45034000000004,38.331050000000005
2022-05-26 11:00:00,24.5,88.25,323.60034,311.48105,50.45034000000004,38.331050000000005
2022-05-26 11:00:00,24.5,88.5,324.10382,311.79578,50.95382000000001,38.64578
2022-05-26 11:00:00,24.5,88.75,323.17398,311.421,50.023979999999995,38.271000000000015
2022-05-26 11:00:00,24.5,89.0,321.4928,310.57474,48.34280000000001,37.42474000000004
2022-05-26 11:00:00,24.5,89.25,320.8468,310.325,47.696799999999996,37.17500000000001
2022-05-26 11:00:00,24.5,89.5,320.5146,310.02405,47.364599999999996,36.87405000000001
2022-05-26 11:00:00,24.5,89.75,319.3909,309.78937,46.24090000000001,36.63937000000004
2022-05-26 11:00:00,24.5,90.0,319.24268,309.29114,46.09268000000003,36.14114000000001
2022-05-26 11:00:00,24.25,85.5,325.18665,309.15155,52.03665000000001,36.00155000000001
2022-05-26 11:00:00,24.25,85.75,326.98422,310.08783,53.834220000000016,36.93783000000002
2022-05-26 11:00:00,24.25,86.0,326.98422,310.08783,53.834220000000016,36.93783000000002
2022-05-26 11:00:00,24.25,86.25,325.23294,309.9523,52.08294000000001,36.8023
2022-05-26 11:00:00,24.25,86.5,321.2729,308.58203,48.122900000000016,35.43203
2022-05-26 11:00:00,24.25,86.75,317.50766,307.71695,44.35766000000001,34.56695000000002
2022-05-26 11:00:00,24.25,87.0,315.7135,305.85428,42.56350000000003,32.70428000000004
2022-05-26 11:00:00,24.25,87.25,316.50314,304.11368,43.353139999999996,30.96368000000001
2022-05-26 11:00:00,24.25,87.5,319.1268,305.9495,45.976800000000026,32.79950000000002
2022-05-26 11:00:00,24.25,87.75,321.9675,309.69116,48.817499999999995,36.54116000000005
2022-05-26 11:00:00,24.25,88.0,323.66983,311.90723,50.51983000000001,38.75723000000005
2022-05-26 11:00:00,24.25,88.25,323.66983,311.90723,50.51983000000001,38.75723000000005
2022-05-26 11:00:00,24.25,88.5,323.78937,312.16882,50.63937000000004,39.018820000000005
2022-05-26 11:00:00,24.25,88.75,322.89514,311.5286,49.74514000000005,38.378600000000006
2022-05-26 11:00:00,24.25,89.0,322.009,310.7612,48.85900000000004,37.6112
2022-05-26 11:00:00,24.25,89.25,321.24762,310.4422,48.097620000000006,37.29220000000004
2022-05-26 11:00:00,24.25,89.5,319.99332,310.20172,46.843320000000006,37.051720000000046
2022-05-26 11:00:00,24.25,89.75,318.5453,309.92828,45.39530000000002,36.778279999999995
2022-05-26 11:00:00,24.25,90.0,318.88025,309.83383,45.73025000000001,36.68383
2022-05-26 11:00:00,24.0,85.5,323.7532,308.9984,50.603200000000015,35.84840000000003
2022-05-26 11:00:00,24.0,85.75,325.49414,309.87338,52.34414000000004,36.72338000000002
2022-05-26 11:00:00,24.0,86.0,325.49414,309.87338,52.34414000000004,36.72338000000002
2022-05-26 11:00:00,24.0,86.25,324.62943,309.94437,51.479430000000036,36.794370000000015
2022-05-26 11:00:00,24.0,86.5,321.89,309.36227,48.74000000000001,36.212270000000046
2022-05-26 11:00:00,24.0,86.75,318.56326,307.9847,45.41326000000004,34.8347
2022-05-26 11:00:00,24.0,87.0,316.74213,305.61856,43.59213,32.468560000000025
2022-05-26 11:00:00,24.0,87.25,317.54657,304.62726,44.39657,31.47726
2022-05-26 11:00:00,24.0,87.5,319.70508,306.71658,46.55508000000003,33.566580000000044
2022-05-26 11:00:00,24.0,87.75,321.76328,309.87848,48.61328000000003,36.72848000000005
2022-05-26 11:00:00,24.0,88.0,322.87384,311.6188,49.723839999999996,38.468800000000044
2022-05-26 11:00:00,24.0,88.25,322.87384,311.6188,49.723839999999996,38.468800000000044
2022-05-26 11:00:00,24.0,88.5,322.93195,311.8078,49.781949999999995,38.65780000000001
2022-05-26 11:00:00,24.0,88.75,322.28253,311.44858,49.13253000000003,38.298580000000015
2022-05-26 11:00:00,24.0,89.0,321.0061,310.99814,47.856100000000026,37.84814
2022-05-26 11:00:00,24.0,89.25,319.75943,310.48563,46.60943000000003,37.33563000000004
2022-05-26 11:00:00,24.0,89.5,319.37338,310.2839,46.22338000000002,37.13390000000004
2022-05-26 11:00:00,24.0,89.75,318.11987,310.2945,44.969870000000014,37.14450000000005
2022-05-26 11:00:00,24.0,90.0,318.3841,310.37894,45.23410000000001,37.22894000000002
2022-05-26 11:00:00,23.75,85.5,323.53976,308.99417,50.389760000000024,35.84417000000002
2022-05-26 11:00:00,23.75,85.75,324.11502,309.77557,50.96502000000004,36.62557000000004
2022-05-26 11:00:00,23.75,86.0,324.11502,309.77557,50.96502000000004,36.62557000000004
2022-05-26 11:00:00,23.75,86.25,324.39566,311.2604,51.24566000000004,38.11040000000003
2022-05-26 11:00:00,23.75,86.5,322.32913,310.5252,49.17913000000004,37.37520000000001
2022-05-26 11:00:00,23.75,86.75,318.87787,308.26865,45.727869999999996,35.11865
2022-05-26 11:00:00,23.75,87.0,319.73395,308.0134,46.583950000000016,34.86340000000001
2022-05-26 11:00:00,23.75,87.25,321.1278,309.51227,47.9778,36.362270000000024
2022-05-26 11:00:00,23.75,87.5,322.60837,311.3085,49.45837,38.158500000000004
2022-05-26 11:00:00,23.75,87.75,323.77686,312.13495,50.62686000000002,38.984950000000026
2022-05-26 11:00:00,23.75,88.0,323.5887,312.17804,50.43870000000004,39.02804000000003
2022-05-26 11:00:00,23.75,88.25,323.5887,312.17804,50.43870000000004,39.02804000000003
2022-05-26 11:00:00,23.75,88.5,322.315,311.9378,49.16500000000002,38.787800000000004
2022-05-26 11:00:00,23.75,88.75,320.56018,311.18668,47.410180000000025,38.03668000000005
2022-05-26 11:00:00,23.75,89.0,318.95398,310.19568,45.803980000000024,37.045680000000004
2022-05-26 11:00:00,23.75,89.25,318.39532,309.49014,45.24532000000005,36.34014000000002
2022-05-26 11:00:00,23.75,89.5,318.8748,309.64035,45.724800000000016,36.490350000000035
2022-05-26 11:00:00,23.75,89.75,318.43112,310.16925,45.281120000000044,37.01925
2022-05-26 11:00:00,23.75,90.0,317.76962,308.72742,44.61962,35.57742000000002
2022-05-26 11:00:00,23.5,85.5,321.42676,307.74185,48.276760000000024,34.59185000000002
2022-05-26 11:00:00,23.5,85.75,322.95355,309.18787,49.80355000000003,36.03787
2022-05-26 11:00:00,23.5,86.0,322.95355,309.18787,49.80355000000003,36.03787
2022-05-26 11:00:00,23.5,86.25,324.1364,310.44345,50.9864,37.29345000000001
2022-05-26 11:00:00,23.5,86.5,323.48416,309.71667,50.33416,36.566670000000045
2022-05-26 11:00:00,23.5,86.75,322.6316,309.49182,49.481600000000014,36.34182000000004
2022-05-26 11:00:00,23.5,87.0,321.94162,309.83484,48.79162000000002,36.68484000000001
2022-05-26 11:00:00,23.5,87.25,321.74673,308.49872,48.596730000000036,35.348720000000014
2022-05-26 11:00:00,23.5,87.5,322.38974,308.50735,49.23974000000004,35.35735
2022-05-26 11:00:00,23.5,87.75,323.21274,309.90524,50.06274000000002,36.755240000000015
2022-05-26 11:00:00,23.5,88.0,322.9933,310.8249,49.8433,37.67490000000004
2022-05-26 11:00:00,23.5,88.25,322.9933,310.8249,49.8433,37.67490000000004
2022-05-26 11:00:00,23.5,88.5,321.4875,310.9952,48.337500000000034,37.845200000000034
2022-05-26 11:00:00,23.5,88.75,319.29733,310.5564,46.14733000000001,37.40640000000002
2022-05-26 11:00:00,23.5,89.0,317.1769,309.85965,44.02690000000001,36.70965000000001
2022-05-26 11:00:00,23.5,89.25,316.64294,309.27362,43.49294000000003,36.12362000000002
2022-05-26 11:00:00,23.5,89.5,317.4801,309.0887,44.330100000000016,35.93870000000004
2022-05-26 11:00:00,23.5,89.75,318.74536,309.66684,45.59536000000003,36.51684
2022-05-26 11:00:00,23.5,90.0,317.4301,307.04266,44.280100000000004,33.892660000000035
2022-05-26 11:00:00,23.25,85.5,321.37186,308.20465,48.22186000000005,35.05465000000004
2022-05-26 11:00:00,23.25,85.75,322.30597,309.8751,49.155970000000025,36.7251
2022-05-26 11:00:00,23.25,86.0,322.30597,309.8751,49.155970000000025,36.7251
2022-05-26 11:00:00,23.25,86.25,322.2139,310.16803,49.06390000000005,37.01803000000001
2022-05-26 11:00:00,23.25,86.5,322.65842,309.60016,49.50842,36.45016000000004
2022-05-26 11:00:00,23.25,86.75,324.04782,311.2382,50.897820000000024,38.08820000000003
2022-05-26 11:00:00,23.25,87.0,324.36368,311.10956,51.21368000000001,37.95956000000001
2022-05-26 11:00:00,23.25,87.25,324.35147,310.88385,51.20147000000003,37.73385000000002
2022-05-26 11:00:00,23.25,87.5,323.9614,310.38855,50.81140000000005,37.23855000000003
2022-05-26 11:00:00,23.25,87.75,323.30215,310.01117,50.152150000000006,36.861170000000016
2022-05-26 11:00:00,23.25,88.0,322.57065,310.56036,49.42065000000002,37.410360000000026
2022-05-26 11:00:00,23.25,88.25,322.57065,310.56036,49.42065000000002,37.410360000000026
2022-05-26 11:00:00,23.25,88.5,321.2261,311.14557,48.0761,37.99557000000004
2022-05-26 11:00:00,23.25,88.75,319.24387,310.88638,46.09387000000004,37.73638
2022-05-26 11:00:00,23.25,89.0,317.73337,310.36508,44.58337,37.21508
2022-05-26 11:00:00,23.25,89.25,317.18597,309.94717,44.03597000000002,36.79717000000005
2022-05-26 11:00:00,23.25,89.5,317.8596,309.90424,44.70960000000002,36.75424000000004
2022-05-26 11:00:00,23.25,89.75,318.73483,309.97974,45.58483000000001,36.829740000000015
2022-05-26 11:00:00,23.25,90.0,318.16263,307.73535,45.01263,34.585350000000005
2022-05-26 11:00:00,23.0,85.5,319.5732,308.39328,46.42320000000001,35.24328000000003
2022-05-26 11:00:00,23.0,85.75,320.19257,309.301,47.04257000000001,36.15100000000001
2022-05-26 11:00:00,23.0,86.0,320.19257,309.301,47.04257000000001,36.15100000000001
2022-05-26 11:00:00,23.0,86.25,320.92343,309.2367,47.77343000000002,36.08670000000001
2022-05-26 11:00:00,23.0,86.5,322.28867,309.3333,49.13867000000005,36.18330000000003
2022-05-26 11:00:00,23.0,86.75,324.59933,311.15552,51.44933000000003,38.00552000000005
2022-05-26 11:00:00,23.0,87.0,326.6129,312.70438,53.46290000000005,39.55438000000004
2022-05-26 11:00:00,23.0,87.25,326.70813,312.4493,53.558130000000006,39.29930000000002
2022-05-26 11:00:00,23.0,87.5,324.79715,310.9363,51.64715000000001,37.78630000000004
2022-05-26 11:00:00,23.0,87.75,322.44025,309.36887,49.290250000000015,36.21887000000004
2022-05-26 11:00:00,23.0,88.0,321.0927,308.90347,47.9427,35.75347000000005
2022-05-26 11:00:00,23.0,88.25,321.0927,308.90347,47.9427,35.75347000000005
2022-05-26 11:00:00,23.0,88.5,320.43967,309.29642,47.28967,36.146420000000035
2022-05-26 11:00:00,23.0,88.75,319.34143,309.31207,46.191430000000025,36.16207000000003
2022-05-26 11:00:00,23.0,89.0,317.87692,308.79776,44.72692000000001,35.647760000000005
2022-05-26 11:00:00,23.0,89.25,316.98636,307.90823,43.83636000000001,34.758230000000026
2022-05-26 11:00:00,23.0,89.5,317.54636,307.69504,44.396360000000016,34.54504000000003
2022-05-26 11:00:00,23.0,89.75,318.83896,308.86838,45.68896000000001,35.718380000000025
2022-05-26 11:00:00,23.0,90.0,318.95792,308.3112,45.807920000000024,35.16120000000001
2022-05-26 11:00:00,22.75,85.5,320.65723,308.22165,47.50723000000005,35.071650000000034
2022-05-26 11:00:00,22.75,85.75,322.63367,308.85425,49.48367000000002,35.70425
2022-05-26 11:00:00,22.75,86.0,322.63367,308.85425,49.48367000000002,35.70425
2022-05-26 11:00:00,22.75,86.25,323.63675,309.1328,50.48675000000003,35.9828
2022-05-26 11:00:00,22.75,86.5,325.0842,312.09033,51.93420000000003,38.94033000000002
2022-05-26 11:00:00,22.75,86.75,327.46976,313.1704,54.31976000000003,40.020399999999995
2022-05-26 11:00:00,22.75,87.0,327.13297,311.291,53.98297000000002,38.14100000000002
2022-05-26 11:00:00,22.75,87.25,325.26562,310.99155,52.115620000000035,37.84155000000004
2022-05-26 11:00:00,22.75,87.5,322.5666,310.66022,49.41660000000002,37.510220000000004
2022-05-26 11:00:00,22.75,87.75,320.68182,309.44147,47.53182000000004,36.291470000000004
2022-05-26 11:00:00,22.75,88.0,319.72552,308.7024,46.57552000000004,35.552400000000034
2022-05-26 11:00:00,22.75,88.25,319.72552,308.7024,46.57552000000004,35.552400000000034
2022-05-26 11:00:00,22.75,88.5,319.2332,308.4662,46.08320000000003,35.31620000000004
2022-05-26 11:00:00,22.75,88.75,318.80832,307.8841,45.65832,34.73410000000001
2022-05-26 11:00:00,22.75,89.0,317.7173,307.17975,44.567300000000046,34.029750000000035
2022-05-26 11:00:00,22.75,89.25,316.83914,306.73358,43.68914000000001,33.58358000000004
2022-05-26 11:00:00,22.75,89.5,317.79724,307.06366,44.64724000000001,33.91366000000005
2022-05-26 11:00:00,22.75,89.75,319.2108,308.0071,46.06080000000003,34.8571
2022-05-26 11:00:00,22.75,90.0,318.99765,307.2145,45.847650000000044,34.06450000000001
2022-05-26 11:00:00,22.5,85.5,320.65723,308.22165,47.50723000000005,35.071650000000034
2022-05-26 11:00:00,22.5,85.75,322.63367,308.85425,49.48367000000002,35.70425
2022-05-26 11:00:00,22.5,86.0,322.63367,308.85425,49.48367000000002,35.70425
2022-05-26 11:00:00,22.5,86.25,323.63675,309.1328,50.48675000000003,35.9828
2022-05-26 11:00:00,22.5,86.5,325.0842,312.09033,51.93420000000003,38.94033000000002
2022-05-26 11:00:00,22.5,86.75,327.46976,313.1704,54.31976000000003,40.020399999999995
2022-05-26 11:00:00,22.5,87.0,327.13297,311.291,53.98297000000002,38.14100000000002
2022-05-26 11:00:00,22.5,87.25,325.26562,310.99155,52.115620000000035,37.84155000000004
2022-05-26 11:00:00,22.5,87.5,322.5666,310.66022,49.41660000000002,37.510220000000004
2022-05-26 11:00:00,22.5,87.75,320.68182,309.44147,47.53182000000004,36.291470000000004
2022-05-26 11:00:00,22.5,88.0,319.72552,308.7024,46.57552000000004,35.552400000000034
2022-05-26 11:00:00,22.5,88.25,319.72552,308.7024,46.57552000000004,35.552400000000034
2022-05-26 11:00:00,22.5,88.5,319.2332,308.4662,46.08320000000003,35.31620000000004
2022-05-26 11:00:00,22.5,88.75,318.80832,307.8841,45.65832,34.73410000000001
2022-05-26 11:00:00,22.5,89.0,317.7173,307.17975,44.567300000000046,34.029750000000035
2022-05-26 11:00:00,22.5,89.25,316.83914,306.73358,43.68914000000001,33.58358000000004
2022-05-26 11:00:00,22.5,89.5,317.79724,307.06366,44.64724000000001,33.91366000000005
2022-05-26 11:00:00,22.5,89.75,319.2108,308.0071,46.06080000000003,34.8571
2022-05-26 11:00:00,22.5,90.0,318.99765,307.2145,45.847650000000044,34.06450000000001
2022-05-26 11:00:00,22.25,85.5,322.55646,308.06,49.40646000000004,34.910000000000025
2022-05-26 11:00:00,22.25,85.75,323.53513,309.54065,50.385130000000004,36.39065000000005
2022-05-26 11:00:00,22.25,86.0,323.53513,309.54065,50.385130000000004,36.39065000000005
2022-05-26 11:00:00,22.25,86.25,324.23065,309.89597,51.08065000000005,36.74597
2022-05-26 11:00:00,22.25,86.5,325.18338,312.87418,52.03338000000002,39.72418000000005
2022-05-26 11:00:00,22.25,86.75,326.2802,312.8941,53.1302,39.7441
2022-05-26 11:00:00,22.25,87.0,325.1225,311.87964,51.972500000000025,38.72964000000002
2022-05-26 11:00:00,22.25,87.25,324.0555,310.81076,50.90550000000002,37.66076000000004
2022-05-26 11:00:00,22.25,87.5,321.98547,310.4427,48.83547000000004,37.292700000000025
2022-05-26 11:00:00,22.25,87.75,319.65726,309.77112,46.50726000000003,36.62112000000002
2022-05-26 11:00:00,22.25,88.0,319.81055,309.7926,46.66055,36.642600000000016
2022-05-26 11:00:00,22.25,88.25,319.81055,309.7926,46.66055,36.642600000000016
2022-05-26 11:00:00,22.25,88.5,320.5648,309.84763,47.414800000000014,36.697630000000004
2022-05-26 11:00:00,22.25,88.75,320.19727,308.9411,47.047270000000026,35.79110000000003
2022-05-26 11:00:00,22.25,89.0,319.66983,308.26974,46.51983000000001,35.119740000000036
2022-05-26 11:00:00,22.25,89.25,319.3062,308.39255,46.15620000000001,35.24255000000005
2022-05-26 11:00:00,22.25,89.5,318.8699,308.2994,45.719899999999996,35.149400000000014
2022-05-26 11:00:00,22.25,89.75,318.85983,308.01154,45.70983000000001,34.86154000000005
2022-05-26 11:00:00,22.25,90.0,318.97748,307.86276,45.82748000000004,34.71276
2022-05-26 11:00:00,22.0,85.5,323.20645,309.21393,50.05645000000004,36.06393000000003
2022-05-26 11:00:00,22.0,85.75,324.7371,309.4743,51.58710000000002,36.32430000000005
2022-05-26 11:00:00,22.0,86.0,324.7371,309.4743,51.58710000000002,36.32430000000005
2022-05-26 11:00:00,22.0,86.25,324.23868,308.83395,51.08868000000001,35.68395000000004
2022-05-26 11:00:00,22.0,86.5,324.584,311.2476,51.434000000000026,38.0976
2022-05-26 11:00:00,22.0,86.75,326.19742,313.45044,53.047420000000045,40.30044000000004
2022-05-26 11:00:00,22.0,87.0,325.13303,313.1375,51.98303000000004,39.98750000000001
2022-05-26 11:00:00,22.0,87.25,322.9675,312.06317,49.817499999999995,38.91317000000004
2022-05-26 11:00:00,22.0,87.5,321.41278,310.7027,48.26278000000002,37.552700000000016
2022-05-26 11:00:00,22.0,87.75,320.64825,309.3077,47.49825000000004,36.157700000000034
2022-05-26 11:00:00,22.0,88.0,321.07486,309.06,47.924860000000024,35.910000000000025
2022-05-26 11:00:00,22.0,88.25,321.07486,309.06,47.924860000000024,35.910000000000025
2022-05-26 11:00:00,22.0,88.5,321.16174,308.9011,48.01174000000003,35.75110000000001
2022-05-26 11:00:00,22.0,88.75,321.2057,308.85815,48.0557,35.708150000000046
2022-05-26 11:00:00,22.0,89.0,321.68335,309.35144,48.53335000000004,36.20144000000005
2022-05-26 11:00:00,22.0,89.25,321.408,309.56406,48.25800000000004,36.414060000000006
2022-05-26 11:00:00,22.0,89.5,319.9602,308.91998,46.81020000000001,35.76998000000003
2022-05-26 11:00:00,22.0,89.75,318.67334,307.89108,45.52334000000002,34.74108000000001
2022-05-26 11:00:00,22.0,90.0,318.79034,307.41727,45.64034000000004,34.267269999999996
2022-05-26 11:00:00,21.75,85.5,324.43192,310.37747,51.281920000000014,37.22747000000004
2022-05-26 11:00:00,21.75,85.75,325.42007,309.34506,52.27007000000003,36.19506000000001
2022-05-26 11:00:00,21.75,86.0,325.42007,309.34506,52.27007000000003,36.19506000000001
2022-05-26 11:00:00,21.75,86.25,322.42593,306.92645,49.27593000000002,33.77645000000001
2022-05-26 11:00:00,21.75,86.5,322.4882,310.4508,49.33820000000003,37.30080000000004
2022-05-26 11:00:00,21.75,86.75,325.83588,312.81833,52.68588,39.668330000000026
2022-05-26 11:00:00,21.75,87.0,325.4708,312.19586,52.32080000000002,39.045860000000005
2022-05-26 11:00:00,21.75,87.25,324.69925,311.31308,51.54925000000003,38.163080000000036
2022-05-26 11:00:00,21.75,87.5,323.03705,310.24078,49.887050000000045,37.090779999999995
2022-05-26 11:00:00,21.75,87.75,319.5705,307.65988,46.420500000000004,34.50988000000001
2022-05-26 11:00:00,21.75,88.0,320.48752,307.29184,47.33752000000004,34.14184
2022-05-26 11:00:00,21.75,88.25,320.48752,307.29184,47.33752000000004,34.14184
2022-05-26 11:00:00,21.75,88.5,320.70905,306.9116,47.55905000000001,33.761600000000044
2022-05-26 11:00:00,21.75,88.75,321.04178,307.03024,47.89178000000004,33.880240000000015
2022-05-26 11:00:00,21.75,89.0,323.47946,308.45294,50.32946000000004,35.302940000000035
2022-05-26 11:00:00,21.75,89.25,322.61798,308.2694,49.46798000000001,35.11940000000004
2022-05-26 11:00:00,21.75,89.5,318.8992,306.56354,45.74920000000003,33.41354000000001
2022-05-26 11:00:00,21.75,89.75,317.6413,305.8077,44.491300000000024,32.657700000000034
2022-05-26 11:00:00,21.75,90.0,317.469,305.62878,44.31900000000002,32.47878000000003
2022-05-26 11:00:00,21.5,85.5,324.77405,309.4833,51.62405000000001,36.33330000000001
2022-05-26 11:00:00,21.5,85.75,324.6306,309.87,51.48060000000004,36.72000000000003
2022-05-26 11:00:00,21.5,86.0,324.6306,309.87,51.48060000000004,36.72000000000003
2022-05-26 11:00:00,21.5,86.25,323.80518,309.35327,50.65518000000003,36.20327000000003
2022-05-26 11:00:00,21.5,86.5,323.52188,311.81027,50.37188000000003,38.660270000000025
2022-05-26 11:00:00,21.5,86.75,325.62128,313.46082,52.471280000000036,40.310820000000035
2022-05-26 11:00:00,21.5,87.0,321.3595,309.21988,48.20950000000005,36.06988000000001
2022-05-26 11:00:00,21.5,87.25,320.03568,307.2613,46.885680000000036,34.11130000000003
2022-05-26 11:00:00,21.5,87.5,319.61172,306.68683,46.461720000000014,33.53683000000001
2022-05-26 11:00:00,21.5,87.75,319.41364,305.76752,46.26364000000001,32.61752000000001
2022-05-26 11:00:00,21.5,88.0,319.78757,305.856,46.63757000000004,32.70600000000002
2022-05-26 11:00:00,21.5,88.25,319.78757,305.856,46.63757000000004,32.70600000000002
2022-05-26 11:00:00,21.5,88.5,320.42352,305.97784,47.27352000000002,32.82784000000004
2022-05-26 11:00:00,21.5,88.75,320.82074,306.03513,47.67074000000002,32.885130000000004
2022-05-26 11:00:00,21.5,89.0,320.81757,306.31094,47.66757000000001,33.16094000000004
2022-05-26 11:00:00,21.5,89.25,320.2169,306.32593,47.06690000000003,33.17593000000005
2022-05-26 11:00:00,21.5,89.5,318.8919,306.07962,45.741900000000044,32.92962
2022-05-26 11:00:00,21.5,89.75,317.54727,305.7164,44.39727000000005,32.566400000000044
2022-05-26 11:00:00,21.5,90.0,317.4428,305.69647,44.2928,32.54647
2022-05-26 11:00:00,21.25,85.5,325.60294,309.9613,52.45294000000001,36.81130000000002
2022-05-26 11:00:00,21.25,85.75,325.56262,311.60443,52.412620000000004,38.45443
2022-05-26 11:00:00,21.25,86.0,325.56262,311.60443,52.412620000000004,38.45443
2022-05-26 11:00:00,21.25,86.25,324.00345,312.15793,50.85345000000001,39.007930000000044
2022-05-26 11:00:00,21.25,86.5,323.66916,312.78696,50.51916,39.636960000000045
2022-05-26 11:00:00,21.25,86.75,322.30026,312.56674,49.15026,39.416740000000004
2022-05-26 11:00:00,21.25,87.0,320.10797,308.616,46.957970000000046,35.46600000000001
2022-05-26 11:00:00,21.25,87.25,319.9199,306.74792,46.76990000000001,33.597920000000045
2022-05-26 11:00:00,21.25,87.5,320.08472,306.3618,46.93472000000003,33.21180000000004
2022-05-26 11:00:00,21.25,87.75,320.28436,306.0865,47.134360000000015,32.936500000000024
2022-05-26 11:00:00,21.25,88.0,320.69296,306.06134,47.54296000000005,32.911339999999996
2022-05-26 11:00:00,21.25,88.25,320.69296,306.06134,47.54296000000005,32.911339999999996
2022-05-26 11:00:00,21.25,88.5,321.09192,306.08005,47.94192000000004,32.93005000000005
2022-05-26 11:00:00,21.25,88.75,321.19907,306.2227,48.04907000000003,33.0727
2022-05-26 11:00:00,21.25,89.0,321.03186,306.34213,47.88186000000002,33.19213000000002
2022-05-26 11:00:00,21.25,89.25,320.2973,306.35095,47.14730000000003,33.200950000000034
2022-05-26 11:00:00,21.25,89.5,318.76776,306.28693,45.61776000000003,33.13693000000001
2022-05-26 11:00:00,21.25,89.75,317.2316,305.84598,44.08160000000004,32.69598000000002
2022-05-26 11:00:00,21.25,90.0,316.73892,305.60202,43.58892000000003,32.452020000000005
2022-05-26 11:00:00,21.0,85.5,327.53033,312.11417,54.380330000000015,38.964170000000024
2022-05-26 11:00:00,21.0,85.75,325.84427,311.92828,52.69427000000002,38.778279999999995
2022-05-26 11:00:00,21.0,86.0,325.84427,311.92828,52.69427000000002,38.778279999999995
2022-05-26 11:00:00,21.0,86.25,323.8848,311.83087,50.73480000000001,38.68087000000003
2022-05-26 11:00:00,21.0,86.5,322.62125,312.0638,49.47125,38.91380000000004
2022-05-26 11:00:00,21.0,86.75,324.66998,313.0368,51.51998000000003,39.88680000000005
2022-05-26 11:00:00,21.0,87.0,320.18137,308.80203,47.03137000000004,35.652030000000025
2022-05-26 11:00:00,21.0,87.25,319.56302,306.43842,46.41302000000002,33.28842000000003
2022-05-26 11:00:00,21.0,87.5,320.2192,305.8221,47.06920000000002,32.6721
2022-05-26 11:00:00,21.0,87.75,320.7405,305.73657,47.59050000000002,32.586569999999995
2022-05-26 11:00:00,21.0,88.0,321.0802,305.8172,47.93020000000001,32.66720000000004
2022-05-26 11:00:00,21.0,88.25,321.0802,305.8172,47.93020000000001,32.66720000000004
2022-05-26 11:00:00,21.0,88.5,321.28903,305.97064,48.13903000000005,32.820640000000026
2022-05-26 11:00:00,21.0,88.75,321.39398,306.17874,48.24398000000002,33.02874000000003
2022-05-26 11:00:00,21.0,89.0,321.3001,306.351,48.15010000000001,33.20100000000002
2022-05-26 11:00:00,21.0,89.25,320.53888,306.3501,47.38888000000003,33.20010000000002
2022-05-26 11:00:00,21.0,89.5,318.9072,306.03867,45.75720000000001,32.88867000000005
2022-05-26 11:00:00,21.0,89.75,317.0901,305.5685,43.94010000000003,32.418499999999995
2022-05-26 11:00:00,21.0,90.0,315.8577,305.42386,42.707700000000045,32.27386000000001
2022-05-26 12:00:00,27.5,85.5,311.71744,301.4873,38.56744000000003,28.337300000000027
2022-05-26 12:00:00,27.5,85.75,308.52615,300.9672,35.376149999999996,27.817200000000014
2022-05-26 12:00:00,27.5,86.0,308.52615,300.9672,35.376149999999996,27.817200000000014
2022-05-26 12:00:00,27.5,86.25,304.28253,297.87048,31.13253000000003,24.72048000000001
2022-05-26 12:00:00,27.5,86.5,300.6023,295.41443,27.452300000000037,22.264430000000004
2022-05-26 12:00:00,27.5,86.75,298.71875,293.89124,25.568750000000023,20.741240000000005
2022-05-26 12:00:00,27.5,87.0,298.25366,293.457,25.103660000000048,20.307000000000016
2022-05-26 12:00:00,27.5,87.25,299.32504,294.8605,26.175040000000024,21.710500000000025
2022-05-26 12:00:00,27.5,87.5,299.97293,294.5199,26.822930000000042,21.36990000000003
2022-05-26 12:00:00,27.5,87.75,298.85754,291.43866,25.707539999999995,18.28866000000005
2022-05-26 12:00:00,27.5,88.0,297.94638,290.20374,24.79638,17.053740000000005
2022-05-26 12:00:00,27.5,88.25,297.94638,290.20374,24.79638,17.053740000000005
2022-05-26 12:00:00,27.5,88.5,298.85114,292.57236,25.70114000000001,19.422360000000026
2022-05-26 12:00:00,27.5,88.75,299.0223,292.70648,25.872299999999996,19.556480000000022
2022-05-26 12:00:00,27.5,89.0,296.59128,287.79648,23.441280000000006,14.646479999999997
2022-05-26 12:00:00,27.5,89.25,295.9238,285.90308,22.77380000000005,12.753080000000011
2022-05-26 12:00:00,27.5,89.5,298.27023,288.47632,25.12023000000005,15.32632000000001
2022-05-26 12:00:00,27.5,89.75,299.025,290.70865,25.875,17.55865
2022-05-26 12:00:00,27.5,90.0,299.73117,292.37915,26.581170000000043,19.229150000000004
2022-05-26 12:00:00,27.25,85.5,318.44385,305.7346,45.29385000000002,32.58460000000002
2022-05-26 12:00:00,27.25,85.75,316.79242,306.41702,43.642420000000016,33.26702
2022-05-26 12:00:00,27.25,86.0,316.79242,306.41702,43.642420000000016,33.26702
2022-05-26 12:00:00,27.25,86.25,312.32056,304.11963,39.17056000000002,30.969629999999995
2022-05-26 12:00:00,27.25,86.5,309.27505,301.8303,36.125050000000044,28.680300000000045
2022-05-26 12:00:00,27.25,86.75,307.70917,300.18646,34.559169999999995,27.036460000000034
2022-05-26 12:00:00,27.25,87.0,305.8497,298.5338,32.69970000000001,25.383800000000008
2022-05-26 12:00:00,27.25,87.25,304.8631,298.331,31.713099999999997,25.18100000000004
2022-05-26 12:00:00,27.25,87.5,304.61517,297.9372,31.46517,24.78720000000004
2022-05-26 12:00:00,27.25,87.75,303.72842,295.97397,30.57842000000005,22.82397000000003
2022-05-26 12:00:00,27.25,88.0,303.65994,295.81497,30.50994000000003,22.66497000000004
2022-05-26 12:00:00,27.25,88.25,303.65994,295.81497,30.50994000000003,22.66497000000004
2022-05-26 12:00:00,27.25,88.5,305.49487,298.39496,32.344870000000014,25.24496000000005
2022-05-26 12:00:00,27.25,88.75,306.2251,298.9596,33.07510000000002,25.809600000000046
2022-05-26 12:00:00,27.25,89.0,304.35837,296.54977,31.208370000000002,23.399770000000046
2022-05-26 12:00:00,27.25,89.25,302.99817,294.715,29.84817000000004,21.564999999999998
2022-05-26 12:00:00,27.25,89.5,301.27423,292.4208,28.12423000000001,19.27080000000001
2022-05-26 12:00:00,27.25,89.75,299.59763,291.7061,26.447630000000004,18.556100000000015
2022-05-26 12:00:00,27.25,90.0,300.92715,294.48264,27.777150000000006,21.332640000000026
2022-05-26 12:00:00,27.0,85.5,318.44385,305.7346,45.29385000000002,32.58460000000002
2022-05-26 12:00:00,27.0,85.75,316.79242,306.41702,43.642420000000016,33.26702
2022-05-26 12:00:00,27.0,86.0,316.79242,306.41702,43.642420000000016,33.26702
2022-05-26 12:00:00,27.0,86.25,312.32056,304.11963,39.17056000000002,30.969629999999995
2022-05-26 12:00:00,27.0,86.5,309.27505,301.8303,36.125050000000044,28.680300000000045
2022-05-26 12:00:00,27.0,86.75,307.70917,300.18646,34.559169999999995,27.036460000000034
2022-05-26 12:00:00,27.0,87.0,305.8497,298.5338,32.69970000000001,25.383800000000008
2022-05-26 12:00:00,27.0,87.25,304.8631,298.331,31.713099999999997,25.18100000000004
2022-05-26 12:00:00,27.0,87.5,304.61517,297.9372,31.46517,24.78720000000004
2022-05-26 12:00:00,27.0,87.75,303.72842,295.97397,30.57842000000005,22.82397000000003
2022-05-26 12:00:00,27.0,88.0,303.65994,295.81497,30.50994000000003,22.66497000000004
2022-05-26 12:00:00,27.0,88.25,303.65994,295.81497,30.50994000000003,22.66497000000004
2022-05-26 12:00:00,27.0,88.5,305.49487,298.39496,32.344870000000014,25.24496000000005
2022-05-26 12:00:00,27.0,88.75,306.2251,298.9596,33.07510000000002,25.809600000000046
2022-05-26 12:00:00,27.0,89.0,304.35837,296.54977,31.208370000000002,23.399770000000046
2022-05-26 12:00:00,27.0,89.25,302.99817,294.715,29.84817000000004,21.564999999999998
2022-05-26 12:00:00,27.0,89.5,301.27423,292.4208,28.12423000000001,19.27080000000001
2022-05-26 12:00:00,27.0,89.75,299.59763,291.7061,26.447630000000004,18.556100000000015
2022-05-26 12:00:00,27.0,90.0,300.92715,294.48264,27.777150000000006,21.332640000000026
2022-05-26 12:00:00,26.75,85.5,319.15924,307.40717,46.009240000000034,34.25717000000003
2022-05-26 12:00:00,26.75,85.75,319.28418,308.8261,46.134180000000015,35.67610000000002
2022-05-26 12:00:00,26.75,86.0,319.28418,308.8261,46.134180000000015,35.67610000000002
2022-05-26 12:00:00,26.75,86.25,317.7595,308.32776,44.609500000000025,35.177760000000035
2022-05-26 12:00:00,26.75,86.5,316.77707,307.47177,43.62707,34.321770000000015
2022-05-26 12:00:00,26.75,86.75,315.21167,306.10883,42.06167000000005,32.958830000000034
2022-05-26 12:00:00,26.75,87.0,312.48663,304.4228,39.336630000000014,31.272800000000018
2022-05-26 12:00:00,26.75,87.25,310.24817,302.95807,37.09817000000004,29.808070000000043
2022-05-26 12:00:00,26.75,87.5,308.67297,302.0572,35.52297000000004,28.907200000000046
2022-05-26 12:00:00,26.75,87.75,307.66714,301.34702,34.51714000000004,28.19702000000001
2022-05-26 12:00:00,26.75,88.0,308.2155,301.74863,35.06550000000004,28.598630000000014
2022-05-26 12:00:00,26.75,88.25,308.2155,301.74863,35.06550000000004,28.598630000000014
2022-05-26 12:00:00,26.75,88.5,310.48672,303.7625,37.336720000000014,30.61250000000001
2022-05-26 12:00:00,26.75,88.75,312.25385,305.53262,39.10385000000002,32.38262000000003
2022-05-26 12:00:00,26.75,89.0,311.7149,305.83618,38.56490000000002,32.686180000000036
2022-05-26 12:00:00,26.75,89.25,310.24408,304.84918,37.09408000000002,31.699180000000013
2022-05-26 12:00:00,26.75,89.5,307.56564,301.19186,34.415639999999996,28.041860000000042
2022-05-26 12:00:00,26.75,89.75,305.00067,298.81833,31.850670000000036,25.668330000000026
2022-05-26 12:00:00,26.75,90.0,305.56143,301.40942,32.411429999999996,28.259420000000034
2022-05-26 12:00:00,26.5,85.5,318.26584,308.63095,45.11584000000005,35.48095000000001
2022-05-26 12:00:00,26.5,85.75,317.4012,308.1279,44.25120000000004,34.977900000000034
2022-05-26 12:00:00,26.5,86.0,317.4012,308.1279,44.25120000000004,34.977900000000034
2022-05-26 12:00:00,26.5,86.25,317.8755,309.5586,44.72550000000001,36.408600000000035
2022-05-26 12:00:00,26.5,86.5,317.77347,308.72855,44.62347,35.57855000000001
2022-05-26 12:00:00,26.5,86.75,317.30026,307.25372,44.15026,34.10372000000001
2022-05-26 12:00:00,26.5,87.0,316.73212,306.09598,43.58212000000003,32.94598000000002
2022-05-26 12:00:00,26.5,87.25,315.5508,305.91092,42.400800000000004,32.76092
2022-05-26 12:00:00,26.5,87.5,312.8425,306.90814,39.692499999999995,33.758140000000026
2022-05-26 12:00:00,26.5,87.75,311.28976,307.1935,38.139760000000024,34.043499999999995
2022-05-26 12:00:00,26.5,88.0,312.04196,306.8275,38.89196000000004,33.67750000000001
2022-05-26 12:00:00,26.5,88.25,312.04196,306.8275,38.89196000000004,33.67750000000001
2022-05-26 12:00:00,26.5,88.5,313.4871,307.183,40.33710000000002,34.033000000000015
2022-05-26 12:00:00,26.5,88.75,313.98068,307.45557,40.83068000000003,34.305570000000046
2022-05-26 12:00:00,26.5,89.0,312.5711,306.8698,39.421100000000024,33.71980000000002
2022-05-26 12:00:00,26.5,89.25,311.43665,306.35364,38.28665000000001,33.20364000000001
2022-05-26 12:00:00,26.5,89.5,310.39044,305.53134,37.240440000000035,32.38134000000002
2022-05-26 12:00:00,26.5,89.75,309.51166,303.7482,36.36166000000003,30.59820000000002
2022-05-26 12:00:00,26.5,90.0,309.16022,303.9351,36.010220000000004,30.7851
2022-05-26 12:00:00,26.25,85.5,315.8841,308.23282,42.73410000000001,35.08282000000003
2022-05-26 12:00:00,26.25,85.75,316.3399,307.72723,43.18990000000002,34.57723000000004
2022-05-26 12:00:00,26.25,86.0,316.3399,307.72723,43.18990000000002,34.57723000000004
2022-05-26 12:00:00,26.25,86.25,317.17224,308.29935,44.02224000000001,35.14935000000003
2022-05-26 12:00:00,26.25,86.5,317.531,309.1664,44.38100000000003,36.01640000000003
2022-05-26 12:00:00,26.25,86.75,317.93497,308.00943,44.784970000000044,34.85943000000003
2022-05-26 12:00:00,26.25,87.0,318.24332,308.13257,45.093320000000006,34.98257000000001
2022-05-26 12:00:00,26.25,87.25,316.69803,308.69818,43.54803000000004,35.54818
2022-05-26 12:00:00,26.25,87.5,314.00693,308.1483,40.856930000000034,34.99830000000003
2022-05-26 12:00:00,26.25,87.75,312.1978,307.51086,39.047799999999995,34.36086
2022-05-26 12:00:00,26.25,88.0,312.55212,307.56003,39.402120000000025,34.410030000000006
2022-05-26 12:00:00,26.25,88.25,312.55212,307.56003,39.402120000000025,34.410030000000006
2022-05-26 12:00:00,26.25,88.5,314.26703,307.93884,41.11703,34.78884000000005
2022-05-26 12:00:00,26.25,88.75,314.7455,307.98666,41.595500000000015,34.836659999999995
2022-05-26 12:00:00,26.25,89.0,312.87894,306.93317,39.72894000000002,33.78317000000004
2022-05-26 12:00:00,26.25,89.25,311.048,305.98608,37.898000000000025,32.83608000000004
2022-05-26 12:00:00,26.25,89.5,310.3513,305.80377,37.2013,32.65377000000001
2022-05-26 12:00:00,26.25,89.75,310.56412,304.5866,37.414120000000025,31.4366
2022-05-26 12:00:00,26.25,90.0,311.56415,304.04895,38.41415000000001,30.898950000000013
2022-05-26 12:00:00,26.0,85.5,318.04813,308.42163,44.89813000000004,35.271630000000016
2022-05-26 12:00:00,26.0,85.75,317.19022,308.5593,44.04022000000003,35.40930000000003
2022-05-26 12:00:00,26.0,86.0,317.19022,308.5593,44.04022000000003,35.40930000000003
2022-05-26 12:00:00,26.0,86.25,316.592,308.05588,43.44200000000001,34.905880000000025
2022-05-26 12:00:00,26.0,86.5,316.6497,307.8782,43.49970000000002,34.728200000000015
2022-05-26 12:00:00,26.0,86.75,317.40005,308.52515,44.250050000000044,35.37515000000002
2022-05-26 12:00:00,26.0,87.0,317.49594,309.4279,44.34594000000004,36.277900000000045
2022-05-26 12:00:00,26.0,87.25,316.47324,309.08005,43.32324,35.93005000000005
2022-05-26 12:00:00,26.0,87.5,314.94388,308.4216,41.79388,35.271600000000035
2022-05-26 12:00:00,26.0,87.75,313.823,308.18753,40.673,35.037530000000004
2022-05-26 12:00:00,26.0,88.0,313.66898,308.20068,40.51898,35.05068
2022-05-26 12:00:00,26.0,88.25,313.66898,308.20068,40.51898,35.05068
2022-05-26 12:00:00,26.0,88.5,314.10168,308.19083,40.95168000000001,35.04083000000003
2022-05-26 12:00:00,26.0,88.75,313.75928,307.65094,40.60928000000001,34.500940000000014
2022-05-26 12:00:00,26.0,89.0,311.9302,306.361,38.780200000000036,33.21100000000001
2022-05-26 12:00:00,26.0,89.25,310.25742,305.35953,37.10742000000005,32.20953000000003
2022-05-26 12:00:00,26.0,89.5,310.20505,305.32498,37.05505000000005,32.174980000000005
2022-05-26 12:00:00,26.0,89.75,310.99283,305.13388,37.84283000000005,31.98388
2022-05-26 12:00:00,26.0,90.0,312.1297,305.5167,38.97970000000004,32.36670000000004
2022-05-26 12:00:00,25.75,85.5,319.3081,309.21378,46.15810000000005,36.06378000000001
2022-05-26 12:00:00,25.75,85.75,317.55093,308.5219,44.40093000000002,35.37190000000004
2022-05-26 12:00:00,25.75,86.0,317.55093,308.5219,44.40093000000002,35.37190000000004
2022-05-26 12:00:00,25.75,86.25,317.0049,308.10754,43.85490000000004,34.957539999999995
2022-05-26 12:00:00,25.75,86.5,316.13156,308.2112,42.98156,35.06120000000004
2022-05-26 12:00:00,25.75,86.75,315.98566,308.71005,42.83566000000002,35.56005000000005
2022-05-26 12:00:00,25.75,87.0,315.817,309.06235,42.66700000000003,35.91235
2022-05-26 12:00:00,25.75,87.25,315.6554,309.2896,42.50540000000001,36.13960000000003
2022-05-26 12:00:00,25.75,87.5,315.44626,309.34482,42.29626000000002,36.19482000000005
2022-05-26 12:00:00,25.75,87.75,315.03516,308.9976,41.88516000000004,35.8476
2022-05-26 12:00:00,25.75,88.0,314.35565,308.48373,41.20565000000005,35.33373
2022-05-26 12:00:00,25.75,88.25,314.35565,308.48373,41.20565000000005,35.33373
2022-05-26 12:00:00,25.75,88.5,313.51886,308.07608,40.36886000000004,34.92608000000001
2022-05-26 12:00:00,25.75,88.75,312.30487,307.11682,39.15487000000002,33.96682000000004
2022-05-26 12:00:00,25.75,89.0,310.50146,305.30072,37.35146000000003,32.150720000000035
2022-05-26 12:00:00,25.75,89.25,309.55426,304.30136,36.40426000000002,31.15136000000001
2022-05-26 12:00:00,25.75,89.5,310.08182,304.3901,36.931820000000016,31.24010000000004
2022-05-26 12:00:00,25.75,89.75,311.5181,306.60123,38.36810000000003,33.45123000000001
2022-05-26 12:00:00,25.75,90.0,312.88535,306.01376,39.73535000000004,32.86376000000001
2022-05-26 12:00:00,25.5,85.5,319.21277,309.23172,46.06277,36.08172000000002
2022-05-26 12:00:00,25.5,85.75,318.36975,308.63776,45.21975000000003,35.48776000000004
2022-05-26 12:00:00,25.5,86.0,318.36975,308.63776,45.21975000000003,35.48776000000004
2022-05-26 12:00:00,25.5,86.25,317.86557,308.6433,44.715570000000014,35.49330000000003
2022-05-26 12:00:00,25.5,86.5,316.3864,308.4515,43.2364,35.30150000000003
2022-05-26 12:00:00,25.5,86.75,315.76987,308.64398,42.61987000000005,35.49398000000002
2022-05-26 12:00:00,25.5,87.0,315.10776,308.89035,41.95776000000001,35.740350000000035
2022-05-26 12:00:00,25.5,87.25,314.72977,308.88422,41.579769999999996,35.73422000000005
2022-05-26 12:00:00,25.5,87.5,314.79745,308.8718,41.64745000000005,35.72180000000003
2022-05-26 12:00:00,25.5,87.75,315.10403,308.82962,41.954030000000046,35.67962
2022-05-26 12:00:00,25.5,88.0,315.1813,308.64514,42.031300000000044,35.49514000000005
2022-05-26 12:00:00,25.5,88.25,315.1813,308.64514,42.031300000000044,35.49514000000005
2022-05-26 12:00:00,25.5,88.5,314.75525,308.5154,41.60525000000001,35.36540000000002
2022-05-26 12:00:00,25.5,88.75,313.9264,308.08093,40.776400000000024,34.930930000000046
2022-05-26 12:00:00,25.5,89.0,312.61896,306.7517,39.46896000000004,33.60170000000005
2022-05-26 12:00:00,25.5,89.25,311.05292,305.9707,37.902919999999995,32.820700000000045
2022-05-26 12:00:00,25.5,89.5,310.5998,306.82315,37.44980000000004,33.67315000000002
2022-05-26 12:00:00,25.5,89.75,311.38422,307.9727,38.23422000000005,34.8227
2022-05-26 12:00:00,25.5,90.0,312.95486,307.43253,39.80486000000002,34.28253000000001
2022-05-26 12:00:00,25.25,85.5,318.69003,309.32074,45.54003,36.17074000000002
2022-05-26 12:00:00,25.25,85.75,318.92996,309.17233,45.77996000000002,36.02233000000001
2022-05-26 12:00:00,25.25,86.0,318.92996,309.17233,45.77996000000002,36.02233000000001
2022-05-26 12:00:00,25.25,86.25,319.00497,308.89276,45.85497000000004,35.74276000000003
2022-05-26 12:00:00,25.25,86.5,317.54175,308.5165,44.39175,35.36650000000003
2022-05-26 12:00:00,25.25,86.75,316.06815,308.7782,42.918150000000026,35.62820000000005
2022-05-26 12:00:00,25.25,87.0,315.17224,309.05524,42.02224000000001,35.90524000000005
2022-05-26 12:00:00,25.25,87.25,314.5974,308.72665,41.447400000000016,35.57665000000003
2022-05-26 12:00:00,25.25,87.5,314.2748,308.57736,41.12480000000005,35.42736000000002
2022-05-26 12:00:00,25.25,87.75,314.44998,308.76715,41.299980000000005,35.61715000000004
2022-05-26 12:00:00,25.25,88.0,315.28882,308.98718,42.13882000000001,35.837180000000046
2022-05-26 12:00:00,25.25,88.25,315.28882,308.98718,42.13882000000001,35.837180000000046
2022-05-26 12:00:00,25.25,88.5,316.06042,309.22275,42.910420000000045,36.07275000000004
2022-05-26 12:00:00,25.25,88.75,315.8536,309.38245,42.703599999999994,36.23245000000003
2022-05-26 12:00:00,25.25,89.0,314.786,309.1429,41.636000000000024,35.99290000000002
2022-05-26 12:00:00,25.25,89.25,312.9718,308.45993,39.821799999999996,35.30993000000001
2022-05-26 12:00:00,25.25,89.5,311.23022,308.21146,38.08022,35.06146000000001
2022-05-26 12:00:00,25.25,89.75,310.83716,308.16483,37.687160000000006,35.01483000000002
2022-05-26 12:00:00,25.25,90.0,312.2735,308.09912,39.123500000000035,34.94912000000005
2022-05-26 12:00:00,25.0,85.5,316.60083,307.25156,43.450829999999996,34.101560000000006
2022-05-26 12:00:00,25.0,85.75,318.80164,308.38644,45.65164000000004,35.236440000000016
2022-05-26 12:00:00,25.0,86.0,318.80164,308.38644,45.65164000000004,35.236440000000016
2022-05-26 12:00:00,25.0,86.25,319.58356,309.02795,46.43356,35.87795
2022-05-26 12:00:00,25.0,86.5,318.62082,309.15427,45.47082,36.00427000000002
2022-05-26 12:00:00,25.0,86.75,316.46622,308.05438,43.316220000000044,34.90438
2022-05-26 12:00:00,25.0,87.0,314.84033,306.8409,41.69033000000002,33.6909
2022-05-26 12:00:00,25.0,87.25,313.72675,305.81476,40.576750000000004,32.66476
2022-05-26 12:00:00,25.0,87.5,313.21722,306.0089,40.06722000000002,32.858900000000006
2022-05-26 12:00:00,25.0,87.75,314.03488,307.6634,40.88488000000001,34.51340000000005
2022-05-26 12:00:00,25.0,88.0,315.79688,309.16788,42.64688000000001,36.01788000000005
2022-05-26 12:00:00,25.0,88.25,315.79688,309.16788,42.64688000000001,36.01788000000005
2022-05-26 12:00:00,25.0,88.5,317.44556,309.70102,44.29556000000002,36.55102000000005
2022-05-26 12:00:00,25.0,88.75,317.94724,309.86752,44.797240000000045,36.717520000000036
2022-05-26 12:00:00,25.0,89.0,316.62628,309.52832,43.47628000000003,36.37832000000003
2022-05-26 12:00:00,25.0,89.25,314.8908,308.9035,41.740800000000036,35.75350000000003
2022-05-26 12:00:00,25.0,89.5,312.65683,308.35785,39.506830000000036,35.20785000000001
2022-05-26 12:00:00,25.0,89.75,311.1386,308.12595,37.98860000000002,34.97595000000001
2022-05-26 12:00:00,25.0,90.0,312.17203,308.789,39.02203000000003,35.63900000000001
2022-05-26 12:00:00,24.75,85.5,316.60083,307.25156,43.450829999999996,34.101560000000006
2022-05-26 12:00:00,24.75,85.75,318.80164,308.38644,45.65164000000004,35.236440000000016
2022-05-26 12:00:00,24.75,86.0,318.80164,308.38644,45.65164000000004,35.236440000000016
2022-05-26 12:00:00,24.75,86.25,319.58356,309.02795,46.43356,35.87795
2022-05-26 12:00:00,24.75,86.5,318.62082,309.15427,45.47082,36.00427000000002
2022-05-26 12:00:00,24.75,86.75,316.46622,308.05438,43.316220000000044,34.90438
2022-05-26 12:00:00,24.75,87.0,314.84033,306.8409,41.69033000000002,33.6909
2022-05-26 12:00:00,24.75,87.25,313.72675,305.81476,40.576750000000004,32.66476
2022-05-26 12:00:00,24.75,87.5,313.21722,306.0089,40.06722000000002,32.858900000000006
2022-05-26 12:00:00,24.75,87.75,314.03488,307.6634,40.88488000000001,34.51340000000005
2022-05-26 12:00:00,24.75,88.0,315.79688,309.16788,42.64688000000001,36.01788000000005
2022-05-26 12:00:00,24.75,88.25,315.79688,309.16788,42.64688000000001,36.01788000000005
2022-05-26 12:00:00,24.75,88.5,317.44556,309.70102,44.29556000000002,36.55102000000005
2022-05-26 12:00:00,24.75,88.75,317.94724,309.86752,44.797240000000045,36.717520000000036
2022-05-26 12:00:00,24.75,89.0,316.62628,309.52832,43.47628000000003,36.37832000000003
2022-05-26 12:00:00,24.75,89.25,314.8908,308.9035,41.740800000000036,35.75350000000003
2022-05-26 12:00:00,24.75,89.5,312.65683,308.35785,39.506830000000036,35.20785000000001
2022-05-26 12:00:00,24.75,89.75,311.1386,308.12595,37.98860000000002,34.97595000000001
2022-05-26 12:00:00,24.75,90.0,312.17203,308.789,39.02203000000003,35.63900000000001
2022-05-26 12:00:00,24.5,85.5,315.6408,306.08524,42.490800000000036,32.93524000000002
2022-05-26 12:00:00,24.5,85.75,318.54184,307.65723,45.39184,34.50723000000005
2022-05-26 12:00:00,24.5,86.0,318.54184,307.65723,45.39184,34.50723000000005
2022-05-26 12:00:00,24.5,86.25,318.5177,308.75854,45.36770000000001,35.608540000000005
2022-05-26 12:00:00,24.5,86.5,318.07614,308.23428,44.92614000000003,35.084280000000035
2022-05-26 12:00:00,24.5,86.75,316.44315,307.03967,43.293150000000026,33.889670000000024
2022-05-26 12:00:00,24.5,87.0,313.51175,305.34265,40.36175000000003,32.192650000000015
2022-05-26 12:00:00,24.5,87.25,311.1316,303.4834,37.981600000000014,30.33340000000004
2022-05-26 12:00:00,24.5,87.5,311.22964,303.44153,38.07964000000004,30.291530000000023
2022-05-26 12:00:00,24.5,87.75,313.38254,305.62247,40.23254000000003,32.472470000000044
2022-05-26 12:00:00,24.5,88.0,315.90018,308.14493,42.75018,34.99493000000001
2022-05-26 12:00:00,24.5,88.25,315.90018,308.14493,42.75018,34.99493000000001
2022-05-26 12:00:00,24.5,88.5,317.6073,309.64832,44.45730000000003,36.498320000000035
2022-05-26 12:00:00,24.5,88.75,317.9172,310.1738,44.7672,37.02380000000005
2022-05-26 12:00:00,24.5,89.0,316.96127,309.9036,43.811270000000036,36.753600000000006
2022-05-26 12:00:00,24.5,89.25,315.8588,309.51254,42.7088,36.362540000000024
2022-05-26 12:00:00,24.5,89.5,314.46622,309.19174,41.316220000000044,36.041740000000004
2022-05-26 12:00:00,24.5,89.75,313.1193,308.77307,39.96930000000003,35.62307000000004
2022-05-26 12:00:00,24.5,90.0,313.1737,309.12665,40.02370000000002,35.97665000000001
2022-05-26 12:00:00,24.25,85.5,313.9552,304.90222,40.80520000000001,31.752220000000023
2022-05-26 12:00:00,24.25,85.75,317.40732,307.0122,44.25732000000005,33.86220000000003
2022-05-26 12:00:00,24.25,86.0,317.40732,307.0122,44.25732000000005,33.86220000000003
2022-05-26 12:00:00,24.25,86.25,318.76566,307.9283,45.61566000000005,34.7783
2022-05-26 12:00:00,24.25,86.5,318.613,307.9577,45.46300000000002,34.80770000000001
2022-05-26 12:00:00,24.25,86.75,317.29987,307.50314,44.14987000000002,34.353139999999996
2022-05-26 12:00:00,24.25,87.0,314.13898,306.12802,40.988980000000026,32.978020000000015
2022-05-26 12:00:00,24.25,87.25,310.8305,304.36075,37.680499999999995,31.21075000000002
2022-05-26 12:00:00,24.25,87.5,310.79376,303.7414,37.64376000000004,30.59140000000002
2022-05-26 12:00:00,24.25,87.75,313.37637,305.2814,40.22637000000003,32.13140000000004
2022-05-26 12:00:00,24.25,88.0,316.14948,308.1494,42.999480000000005,34.99940000000004
2022-05-26 12:00:00,24.25,88.25,316.14948,308.1494,42.999480000000005,34.99940000000004
2022-05-26 12:00:00,24.25,88.5,317.53284,310.1002,44.382840000000044,36.950199999999995
2022-05-26 12:00:00,24.25,88.75,317.20874,310.27557,44.05874,37.12557000000004
2022-05-26 12:00:00,24.25,89.0,316.67032,310.01865,43.52032000000003,36.86865
2022-05-26 12:00:00,24.25,89.25,316.42853,309.5627,43.278530000000046,36.41270000000003
2022-05-26 12:00:00,24.25,89.5,315.87677,309.3849,42.726770000000045,36.23490000000004
2022-05-26 12:00:00,24.25,89.75,314.98727,309.4226,41.837270000000046,36.27260000000001
2022-05-26 12:00:00,24.25,90.0,314.64523,309.305,41.49523000000005,36.15500000000003
2022-05-26 12:00:00,24.0,85.5,314.04788,304.35873,40.89788000000004,31.208730000000003
2022-05-26 12:00:00,24.0,85.75,316.31516,307.2621,43.165160000000014,34.1121
2022-05-26 12:00:00,24.0,86.0,316.31516,307.2621,43.165160000000014,34.1121
2022-05-26 12:00:00,24.0,86.25,317.46033,308.5151,44.31033000000002,35.36510000000004
2022-05-26 12:00:00,24.0,86.5,317.49,308.22205,44.34000000000003,35.07205000000005
2022-05-26 12:00:00,24.0,86.75,316.2275,307.3357,43.07750000000004,34.1857
2022-05-26 12:00:00,24.0,87.0,313.46112,306.14178,40.31112000000002,32.991780000000006
2022-05-26 12:00:00,24.0,87.25,310.431,305.13504,37.281000000000006,31.985040000000026
2022-05-26 12:00:00,24.0,87.5,309.8632,304.07346,36.71320000000003,30.923460000000034
2022-05-26 12:00:00,24.0,87.75,312.19012,304.78574,39.04012,31.63574
2022-05-26 12:00:00,24.0,88.0,314.76486,307.81195,41.61486000000002,34.66195000000005
2022-05-26 12:00:00,24.0,88.25,314.76486,307.81195,41.61486000000002,34.66195000000005
2022-05-26 12:00:00,24.0,88.5,315.8907,310.12866,42.740700000000004,36.97866000000005
2022-05-26 12:00:00,24.0,88.75,316.14368,310.0426,42.99368000000004,36.892600000000016
2022-05-26 12:00:00,24.0,89.0,315.88522,309.6023,42.73522000000003,36.45230000000004
2022-05-26 12:00:00,24.0,89.25,315.58548,309.49658,42.43548000000004,36.34658000000002
2022-05-26 12:00:00,24.0,89.5,315.3182,309.74103,42.16820000000001,36.591030000000046
2022-05-26 12:00:00,24.0,89.75,314.72382,309.63046,41.57382000000001,36.48046000000005
2022-05-26 12:00:00,24.0,90.0,314.1176,308.7302,40.967600000000004,35.58020000000005
2022-05-26 12:00:00,23.75,85.5,316.29575,307.28033,43.14575000000002,34.130330000000015
2022-05-26 12:00:00,23.75,85.75,316.51404,308.29617,43.364040000000045,35.14617000000004
2022-05-26 12:00:00,23.75,86.0,316.51404,308.29617,43.364040000000045,35.14617000000004
2022-05-26 12:00:00,23.75,86.25,317.12692,309.30246,43.97692000000001,36.15246000000002
2022-05-26 12:00:00,23.75,86.5,316.22882,308.62064,43.07882000000001,35.47064
2022-05-26 12:00:00,23.75,86.75,313.51007,307.7333,40.36007000000001,34.58330000000001
2022-05-26 12:00:00,23.75,87.0,312.6096,307.0409,39.45960000000002,33.890900000000045
2022-05-26 12:00:00,23.75,87.25,311.78027,306.1775,38.630269999999996,33.02750000000003
2022-05-26 12:00:00,23.75,87.5,312.2666,304.9904,39.116600000000005,31.840400000000045
2022-05-26 12:00:00,23.75,87.75,313.2512,305.63748,40.101200000000006,32.487480000000005
2022-05-26 12:00:00,23.75,88.0,313.48724,307.7964,40.33724000000001,34.64640000000003
2022-05-26 12:00:00,23.75,88.25,313.48724,307.7964,40.33724000000001,34.64640000000003
2022-05-26 12:00:00,23.75,88.5,313.75418,309.19046,40.60418000000004,36.040459999999996
2022-05-26 12:00:00,23.75,88.75,314.295,309.50067,41.14500000000004,36.35067000000004
2022-05-26 12:00:00,23.75,89.0,314.3973,309.2142,41.247299999999996,36.06420000000003
2022-05-26 12:00:00,23.75,89.25,313.96857,309.0204,40.81857000000002,35.87040000000002
2022-05-26 12:00:00,23.75,89.5,313.50922,308.98532,40.35922000000005,35.835320000000024
2022-05-26 12:00:00,23.75,89.75,312.52768,307.9711,39.37768,34.8211
2022-05-26 12:00:00,23.75,90.0,311.65747,306.1928,38.50747000000001,33.0428
2022-05-26 12:00:00,23.5,85.5,316.74542,307.95526,43.59542000000005,34.80526000000003
2022-05-26 12:00:00,23.5,85.75,316.70844,308.9186,43.55844000000002,35.76860000000005
2022-05-26 12:00:00,23.5,86.0,316.70844,308.9186,43.55844000000002,35.76860000000005
2022-05-26 12:00:00,23.5,86.25,316.22443,309.04218,43.07443000000001,35.892179999999996
2022-05-26 12:00:00,23.5,86.5,314.10706,307.9842,40.95706000000001,34.83420000000001
2022-05-26 12:00:00,23.5,86.75,312.27194,307.5713,39.121939999999995,34.42130000000003
2022-05-26 12:00:00,23.5,87.0,311.40335,306.92725,38.25335000000001,33.77725000000004
2022-05-26 12:00:00,23.5,87.25,311.18237,306.32675,38.032370000000014,33.17675000000003
2022-05-26 12:00:00,23.5,87.5,311.6942,306.24133,38.544200000000046,33.09133000000003
2022-05-26 12:00:00,23.5,87.75,311.83496,307.07675,38.684960000000046,33.92675000000003
2022-05-26 12:00:00,23.5,88.0,311.30496,307.70056,38.15496000000002,34.55056000000002
2022-05-26 12:00:00,23.5,88.25,311.30496,307.70056,38.15496000000002,34.55056000000002
2022-05-26 12:00:00,23.5,88.5,311.37448,307.76074,38.22448000000003,34.61074000000002
2022-05-26 12:00:00,23.5,88.75,312.241,308.2077,39.09100000000001,35.05770000000001
2022-05-26 12:00:00,23.5,89.0,312.66135,308.3782,39.51135000000005,35.228200000000015
2022-05-26 12:00:00,23.5,89.25,312.4085,308.3798,39.258500000000026,35.22980000000001
2022-05-26 12:00:00,23.5,89.5,311.43298,308.3421,38.28298000000001,35.19210000000004
2022-05-26 12:00:00,23.5,89.75,310.58545,306.62717,37.43545,33.47717
2022-05-26 12:00:00,23.5,90.0,309.56763,305.14618,36.41763000000003,31.996180000000038
2022-05-26 12:00:00,23.25,85.5,317.20007,308.69193,44.050070000000005,35.541930000000036
2022-05-26 12:00:00,23.25,85.75,316.58817,308.95508,43.438170000000014,35.80508000000003
2022-05-26 12:00:00,23.25,86.0,316.58817,308.95508,43.438170000000014,35.80508000000003
2022-05-26 12:00:00,23.25,86.25,314.28418,308.08026,41.134180000000015,34.93026000000003
2022-05-26 12:00:00,23.25,86.5,311.45825,307.81226,38.308250000000044,34.66226
2022-05-26 12:00:00,23.25,86.75,311.63583,307.02292,38.48583000000002,33.87292000000002
2022-05-26 12:00:00,23.25,87.0,312.59564,306.92923,39.445640000000026,33.77923000000004
2022-05-26 12:00:00,23.25,87.25,313.75076,307.36063,40.60076000000004,34.21063000000004
2022-05-26 12:00:00,23.25,87.5,314.16675,308.34116,41.01675,35.191160000000025
2022-05-26 12:00:00,23.25,87.75,313.55957,308.61115,40.40957000000003,35.46115000000003
2022-05-26 12:00:00,23.25,88.0,312.37418,307.89142,39.22418000000005,34.741420000000005
2022-05-26 12:00:00,23.25,88.25,312.37418,307.89142,39.22418000000005,34.741420000000005
2022-05-26 12:00:00,23.25,88.5,311.33188,307.39703,38.181880000000035,34.247029999999995
2022-05-26 12:00:00,23.25,88.75,311.0877,307.4862,37.93770000000001,34.33620000000002
2022-05-26 12:00:00,23.25,89.0,311.37683,307.53967,38.22683000000001,34.389670000000024
2022-05-26 12:00:00,23.25,89.25,311.4041,307.3003,38.25410000000005,34.150300000000016
2022-05-26 12:00:00,23.25,89.5,310.89755,307.3751,37.74755000000005,34.2251
2022-05-26 12:00:00,23.25,89.75,309.93686,306.48367,36.78686000000005,33.33367000000004
2022-05-26 12:00:00,23.25,90.0,308.83047,305.35007,35.680470000000014,32.20007000000004
2022-05-26 12:00:00,23.0,85.5,316.75143,308.4917,43.60143000000005,35.3417
2022-05-26 12:00:00,23.0,85.75,315.4605,308.42526,42.31050000000005,35.27526
2022-05-26 12:00:00,23.0,86.0,315.4605,308.42526,42.31050000000005,35.27526
2022-05-26 12:00:00,23.0,86.25,312.6504,307.20935,39.50040000000001,34.059349999999995
2022-05-26 12:00:00,23.0,86.5,310.62024,306.89313,37.47024000000005,33.74313000000001
2022-05-26 12:00:00,23.0,86.75,311.48517,307.49048,38.335170000000005,34.340480000000014
2022-05-26 12:00:00,23.0,87.0,313.9389,308.29944,40.78890000000001,35.14944000000003
2022-05-26 12:00:00,23.0,87.25,315.7131,308.80258,42.56310000000002,35.65258
2022-05-26 12:00:00,23.0,87.5,315.9438,309.15726,42.79380000000003,36.00726000000003
2022-05-26 12:00:00,23.0,87.75,314.98663,308.98596,41.836630000000014,35.83596
2022-05-26 12:00:00,23.0,88.0,313.26706,308.08054,40.11706000000004,34.93054000000001
2022-05-26 12:00:00,23.0,88.25,313.26706,308.08054,40.11706000000004,34.93054000000001
2022-05-26 12:00:00,23.0,88.5,311.32205,306.88846,38.17205000000001,33.73846000000003
2022-05-26 12:00:00,23.0,88.75,309.983,306.02283,36.83300000000003,32.87283000000002
2022-05-26 12:00:00,23.0,89.0,309.69077,305.8563,36.54077000000001,32.7063
2022-05-26 12:00:00,23.0,89.25,310.14075,306.0712,36.99075000000005,32.9212
2022-05-26 12:00:00,23.0,89.5,310.27087,306.5288,37.120870000000025,33.37880000000001
2022-05-26 12:00:00,23.0,89.75,309.71204,306.33832,36.562040000000025,33.18832000000003
2022-05-26 12:00:00,23.0,90.0,308.77585,304.92944,35.625850000000014,31.779440000000022
2022-05-26 12:00:00,22.75,85.5,316.56976,308.48834,43.41976,35.33834000000002
2022-05-26 12:00:00,22.75,85.75,315.01404,308.5507,41.864040000000045,35.40070000000003
2022-05-26 12:00:00,22.75,86.0,315.01404,308.5507,41.864040000000045,35.40070000000003
2022-05-26 12:00:00,22.75,86.25,313.35733,306.39902,40.20733000000001,33.24902000000003
2022-05-26 12:00:00,22.75,86.5,313.17352,306.97604,40.02352000000002,33.826040000000035
2022-05-26 12:00:00,22.75,86.75,315.09332,311.85794,41.94332000000003,38.70794000000001
2022-05-26 12:00:00,22.75,87.0,315.46313,309.41458,42.31313,36.264580000000024
2022-05-26 12:00:00,22.75,87.25,315.60907,308.67172,42.45907,35.521720000000016
2022-05-26 12:00:00,22.75,87.5,315.46234,308.78156,42.312340000000006,35.631560000000036
2022-05-26 12:00:00,22.75,87.75,314.55814,308.64267,41.40814,35.49267000000003
2022-05-26 12:00:00,22.75,88.0,312.65997,308.17896,39.50997000000001,35.02896000000004
2022-05-26 12:00:00,22.75,88.25,312.65997,308.17896,39.50997000000001,35.02896000000004
2022-05-26 12:00:00,22.75,88.5,310.76477,307.48596,37.61477000000002,34.33596
2022-05-26 12:00:00,22.75,88.75,310.18137,306.77045,37.03137000000004,33.620450000000005
2022-05-26 12:00:00,22.75,89.0,310.60767,306.3958,37.45767000000001,33.24580000000003
2022-05-26 12:00:00,22.75,89.25,311.04657,306.49988,37.89657,33.34988000000004
2022-05-26 12:00:00,22.75,89.5,311.30225,306.91107,38.15225000000004,33.76107000000002
2022-05-26 12:00:00,22.75,89.75,310.8747,306.7043,37.72470000000004,33.55430000000001
2022-05-26 12:00:00,22.75,90.0,309.2046,305.02765,36.05460000000005,31.877650000000017
2022-05-26 12:00:00,22.5,85.5,316.56976,308.48834,43.41976,35.33834000000002
2022-05-26 12:00:00,22.5,85.75,315.01404,308.5507,41.864040000000045,35.40070000000003
2022-05-26 12:00:00,22.5,86.0,315.01404,308.5507,41.864040000000045,35.40070000000003
2022-05-26 12:00:00,22.5,86.25,313.35733,306.39902,40.20733000000001,33.24902000000003
2022-05-26 12:00:00,22.5,86.5,313.17352,306.97604,40.02352000000002,33.826040000000035
2022-05-26 12:00:00,22.5,86.75,315.09332,311.85794,41.94332000000003,38.70794000000001
2022-05-26 12:00:00,22.5,87.0,315.46313,309.41458,42.31313,36.264580000000024
2022-05-26 12:00:00,22.5,87.25,315.60907,308.67172,42.45907,35.521720000000016
2022-05-26 12:00:00,22.5,87.5,315.46234,308.78156,42.312340000000006,35.631560000000036
2022-05-26 12:00:00,22.5,87.75,314.55814,308.64267,41.40814,35.49267000000003
2022-05-26 12:00:00,22.5,88.0,312.65997,308.17896,39.50997000000001,35.02896000000004
2022-05-26 12:00:00,22.5,88.25,312.65997,308.17896,39.50997000000001,35.02896000000004
2022-05-26 12:00:00,22.5,88.5,310.76477,307.48596,37.61477000000002,34.33596
2022-05-26 12:00:00,22.5,88.75,310.18137,306.77045,37.03137000000004,33.620450000000005
2022-05-26 12:00:00,22.5,89.0,310.60767,306.3958,37.45767000000001,33.24580000000003
2022-05-26 12:00:00,22.5,89.25,311.04657,306.49988,37.89657,33.34988000000004
2022-05-26 12:00:00,22.5,89.5,311.30225,306.91107,38.15225000000004,33.76107000000002
2022-05-26 12:00:00,22.5,89.75,310.8747,306.7043,37.72470000000004,33.55430000000001
2022-05-26 12:00:00,22.5,90.0,309.2046,305.02765,36.05460000000005,31.877650000000017
2022-05-26 12:00:00,22.25,85.5,317.14685,308.18927,43.996849999999995,35.039270000000045
2022-05-26 12:00:00,22.25,85.75,317.30453,307.8339,44.15453000000002,34.68390000000005
2022-05-26 12:00:00,22.25,86.0,317.30453,307.8339,44.15453000000002,34.68390000000005
2022-05-26 12:00:00,22.25,86.25,316.3492,306.4674,43.19920000000002,33.31740000000002
2022-05-26 12:00:00,22.25,86.5,315.61166,308.67688,42.461659999999995,35.526880000000006
2022-05-26 12:00:00,22.25,86.75,315.35605,309.83832,42.206050000000005,36.68832000000003
2022-05-26 12:00:00,22.25,87.0,314.35483,307.8384,41.204830000000015,34.6884
2022-05-26 12:00:00,22.25,87.25,314.41467,308.00467,41.264670000000024,34.85467
2022-05-26 12:00:00,22.25,87.5,314.5096,308.6364,41.3596,35.4864
2022-05-26 12:00:00,22.25,87.75,313.99216,308.99014,40.842160000000035,35.84014000000002
2022-05-26 12:00:00,22.25,88.0,313.64682,309.28442,40.496820000000014,36.134420000000034
2022-05-26 12:00:00,22.25,88.25,313.64682,309.28442,40.496820000000014,36.134420000000034
2022-05-26 12:00:00,22.25,88.5,313.19907,309.07858,40.04907000000003,35.92858000000001
2022-05-26 12:00:00,22.25,88.75,312.83246,308.3797,39.68246000000005,35.22970000000004
2022-05-26 12:00:00,22.25,89.0,313.17084,307.87747,40.02084000000002,34.72747000000004
2022-05-26 12:00:00,22.25,89.25,313.51993,307.73862,40.36993000000001,34.58862000000005
2022-05-26 12:00:00,22.25,89.5,313.1908,307.74686,40.04080000000005,34.59686000000005
2022-05-26 12:00:00,22.25,89.75,312.6164,307.58798,39.46640000000002,34.43798000000004
2022-05-26 12:00:00,22.25,90.0,311.7818,306.95978,38.6318,33.809780000000046
2022-05-26 12:00:00,22.0,85.5,316.54327,307.14346,43.39327000000003,33.99346000000003
2022-05-26 12:00:00,22.0,85.75,318.5312,307.68143,45.381200000000035,34.53143
2022-05-26 12:00:00,22.0,86.0,318.5312,307.68143,45.381200000000035,34.53143
2022-05-26 12:00:00,22.0,86.25,317.814,306.68417,44.664000000000044,33.53417000000002
2022-05-26 12:00:00,22.0,86.5,316.9722,309.37787,43.82220000000001,36.227869999999996
2022-05-26 12:00:00,22.0,86.75,316.83304,310.64905,43.683040000000005,37.49905000000001
2022-05-26 12:00:00,22.0,87.0,314.406,309.17245,41.25600000000003,36.02245000000005
2022-05-26 12:00:00,22.0,87.25,313.5033,309.35092,40.35330000000005,36.200919999999996
2022-05-26 12:00:00,22.0,87.5,313.87097,309.45728,40.72097000000002,36.30728000000005
2022-05-26 12:00:00,22.0,87.75,314.06918,308.23996,40.91918000000004,35.08996000000002
2022-05-26 12:00:00,22.0,88.0,314.38065,307.65598,41.230650000000026,34.50598000000002
2022-05-26 12:00:00,22.0,88.25,314.38065,307.65598,41.230650000000026,34.50598000000002
2022-05-26 12:00:00,22.0,88.5,314.38113,307.35168,41.23113000000001,34.20168000000001
2022-05-26 12:00:00,22.0,88.75,314.57535,307.16534,41.42535000000004,34.01534000000004
2022-05-26 12:00:00,22.0,89.0,315.20438,307.72617,42.05438000000004,34.57617000000005
2022-05-26 12:00:00,22.0,89.25,315.40466,308.15906,42.25466,35.009060000000034
2022-05-26 12:00:00,22.0,89.5,314.837,307.71442,41.68700000000001,34.56442000000004
2022-05-26 12:00:00,22.0,89.75,314.0866,307.22525,40.9366,34.07525000000004
2022-05-26 12:00:00,22.0,90.0,313.65985,306.94205,40.50985000000003,33.79205000000002
2022-05-26 12:00:00,21.75,85.5,316.84067,308.6924,43.69067000000001,35.54240000000004
2022-05-26 12:00:00,21.75,85.75,318.10184,308.3709,44.951840000000004,35.22090000000003
2022-05-26 12:00:00,21.75,86.0,318.10184,308.3709,44.951840000000004,35.22090000000003
2022-05-26 12:00:00,21.75,86.25,316.4932,305.27194,43.343200000000024,32.121939999999995
2022-05-26 12:00:00,21.75,86.5,315.54,309.02527,42.39000000000004,35.87527
2022-05-26 12:00:00,21.75,86.75,316.56705,310.6062,43.41705000000002,37.456200000000024
2022-05-26 12:00:00,21.75,87.0,314.48648,310.64026,41.336479999999995,37.490260000000035
2022-05-26 12:00:00,21.75,87.25,314.01453,309.79037,40.86453,36.64037000000002
2022-05-26 12:00:00,21.75,87.5,313.8355,308.60855,40.68550000000005,35.45855
2022-05-26 12:00:00,21.75,87.75,312.74316,306.4117,39.59316000000001,33.26170000000002
2022-05-26 12:00:00,21.75,88.0,313.5701,305.8003,40.42010000000005,32.650300000000016
2022-05-26 12:00:00,21.75,88.25,313.5701,305.8003,40.42010000000005,32.650300000000016
2022-05-26 12:00:00,21.75,88.5,314.09473,305.46283,40.94473000000005,32.31283000000002
2022-05-26 12:00:00,21.75,88.75,314.53568,305.5142,41.385680000000036,32.36420000000004
2022-05-26 12:00:00,21.75,89.0,316.03455,306.39813,42.88455000000005,33.24813
2022-05-26 12:00:00,21.75,89.25,316.13538,306.38394,42.98538000000002,33.23394000000002
2022-05-26 12:00:00,21.75,89.5,314.73395,305.48776,41.583950000000016,32.33776
2022-05-26 12:00:00,21.75,89.75,314.21072,305.1437,41.06072,31.993700000000047
2022-05-26 12:00:00,21.75,90.0,313.3186,304.95792,40.168600000000026,31.807920000000024
2022-05-26 12:00:00,21.5,85.5,315.76285,308.1028,42.61285000000004,34.952800000000025
2022-05-26 12:00:00,21.5,85.75,316.76364,308.79614,43.61364000000003,35.64614
2022-05-26 12:00:00,21.5,86.0,316.76364,308.79614,43.61364000000003,35.64614
2022-05-26 12:00:00,21.5,86.25,317.02808,308.12997,43.87808000000001,34.97997000000004
2022-05-26 12:00:00,21.5,86.5,317.00693,310.2591,43.856930000000034,37.10910000000001
2022-05-26 12:00:00,21.5,86.75,316.45996,310.8226,43.309960000000046,37.672600000000045
2022-05-26 12:00:00,21.5,87.0,312.31845,307.56363,39.16845000000001,34.41363000000001
2022-05-26 12:00:00,21.5,87.25,311.3788,305.96155,38.228800000000035,32.81155000000001
2022-05-26 12:00:00,21.5,87.5,311.6807,305.37128,38.530700000000024,32.221280000000036
2022-05-26 12:00:00,21.5,87.75,312.16412,304.7159,39.01412000000005,31.5659
2022-05-26 12:00:00,21.5,88.0,312.87585,304.6333,39.72585000000004,31.483300000000042
2022-05-26 12:00:00,21.5,88.25,312.87585,304.6333,39.72585000000004,31.483300000000042
2022-05-26 12:00:00,21.5,88.5,313.68216,304.59042,40.53216000000003,31.440420000000017
2022-05-26 12:00:00,21.5,88.75,314.24963,304.68143,41.09963000000005,31.53143
2022-05-26 12:00:00,21.5,89.0,314.50916,304.96017,41.35916000000003,31.810170000000028
2022-05-26 12:00:00,21.5,89.25,314.60355,305.06613,41.45355000000001,31.91613000000001
2022-05-26 12:00:00,21.5,89.5,314.48236,305.0886,41.33236000000005,31.938600000000008
2022-05-26 12:00:00,21.5,89.75,313.92456,304.9832,40.77456000000001,31.833200000000033
2022-05-26 12:00:00,21.5,90.0,312.80524,304.78256,39.65524000000005,31.632560000000012
2022-05-26 12:00:00,21.25,85.5,315.82565,308.54666,42.67565000000002,35.39666
2022-05-26 12:00:00,21.25,85.75,316.67023,310.25403,43.520230000000026,37.10403000000002
2022-05-26 12:00:00,21.25,86.0,316.67023,310.25403,43.520230000000026,37.10403000000002
2022-05-26 12:00:00,21.25,86.25,316.86456,310.11526,43.714560000000006,36.96526
2022-05-26 12:00:00,21.25,86.5,316.81378,310.97195,43.66378000000003,37.821950000000015
2022-05-26 12:00:00,21.25,86.75,315.14154,311.31247,41.99154000000004,38.16247000000004
2022-05-26 12:00:00,21.25,87.0,312.73114,307.4455,39.581140000000005,34.295500000000004
2022-05-26 12:00:00,21.25,87.25,312.25552,305.53998,39.10552000000001,32.38998000000004
2022-05-26 12:00:00,21.25,87.5,312.3595,304.99936,39.20950000000005,31.849360000000047
2022-05-26 12:00:00,21.25,87.75,312.69962,304.70828,39.549620000000004,31.558280000000025
2022-05-26 12:00:00,21.25,88.0,313.35107,304.6534,40.201070000000016,31.5034
2022-05-26 12:00:00,21.25,88.25,313.35107,304.6534,40.201070000000016,31.5034
2022-05-26 12:00:00,21.25,88.5,314.03574,304.68207,40.88574,31.532070000000033
2022-05-26 12:00:00,21.25,88.75,314.36017,304.7507,41.210170000000005,31.600700000000018
2022-05-26 12:00:00,21.25,89.0,314.41867,304.82584,41.26867000000004,31.67584000000005
2022-05-26 12:00:00,21.25,89.25,314.32538,305.01056,41.17538000000002,31.86056000000002
2022-05-26 12:00:00,21.25,89.5,313.95,305.2559,40.80000000000001,32.10590000000002
2022-05-26 12:00:00,21.25,89.75,313.2657,305.08463,40.115700000000004,31.934630000000027
2022-05-26 12:00:00,21.25,90.0,312.08627,304.5729,38.936270000000036,31.422900000000027
2022-05-26 12:00:00,21.0,85.5,317.15988,310.08246,44.00988000000001,36.93246000000005
2022-05-26 12:00:00,21.0,85.75,316.37454,310.1838,43.22454000000005,37.03380000000004
2022-05-26 12:00:00,21.0,86.0,316.37454,310.1838,43.22454000000005,37.03380000000004
2022-05-26 12:00:00,21.0,86.25,316.19754,309.65863,43.047540000000026,36.50863000000004
2022-05-26 12:00:00,21.0,86.5,316.4487,310.0757,43.2987,36.925700000000006
2022-05-26 12:00:00,21.0,86.75,317.99774,311.466,44.847740000000044,38.31600000000003
2022-05-26 12:00:00,21.0,87.0,314.78036,307.63757,41.630359999999996,34.487570000000005
2022-05-26 12:00:00,21.0,87.25,313.67902,305.3465,40.52902,32.196500000000015
2022-05-26 12:00:00,21.0,87.5,313.3573,304.63217,40.20730000000003,31.482169999999996
2022-05-26 12:00:00,21.0,87.75,313.35004,304.45053,40.20004,31.300530000000037
2022-05-26 12:00:00,21.0,88.0,313.76523,304.4758,40.61523,31.325800000000015
2022-05-26 12:00:00,21.0,88.25,313.76523,304.4758,40.61523,31.325800000000015
2022-05-26 12:00:00,21.0,88.5,314.34003,304.6115,41.190030000000036,31.4615
2022-05-26 12:00:00,21.0,88.75,314.64468,304.73294,41.49468000000002,31.582940000000008
2022-05-26 12:00:00,21.0,89.0,314.62454,304.86807,41.47454000000005,31.71807000000001
2022-05-26 12:00:00,21.0,89.25,314.28192,305.02466,41.13192000000004,31.874660000000006
2022-05-26 12:00:00,21.0,89.5,313.55862,304.98605,40.40862000000004,31.83605
2022-05-26 12:00:00,21.0,89.75,312.6178,304.77747,39.46780000000001,31.627470000000017
2022-05-26 12:00:00,21.0,90.0,311.4232,304.6298,38.27320000000003,31.47980000000001
2022-05-26 13:00:00,27.5,85.5,301.49435,297.1587,28.34435000000002,24.008700000000033
2022-05-26 13:00:00,27.5,85.75,299.68005,297.54462,26.530050000000017,24.39462000000003
2022-05-26 13:00:00,27.5,86.0,299.68005,297.54462,26.530050000000017,24.39462000000003
2022-05-26 13:00:00,27.5,86.25,296.34564,295.06903,23.195640000000026,21.91903000000002
2022-05-26 13:00:00,27.5,86.5,292.8891,292.48953,19.739100000000008,19.339530000000025
2022-05-26 13:00:00,27.5,86.75,289.86615,290.86264,16.716150000000027,17.71264000000002
2022-05-26 13:00:00,27.5,87.0,287.81027,290.13135,14.660270000000025,16.98135000000002
2022-05-26 13:00:00,27.5,87.25,287.61282,290.85162,14.462820000000022,17.701620000000048
2022-05-26 13:00:00,27.5,87.5,287.2979,290.76437,14.14790000000005,17.614370000000008
2022-05-26 13:00:00,27.5,87.75,285.5966,286.58478,12.446600000000046,13.434780000000046
2022-05-26 13:00:00,27.5,88.0,284.50113,283.5598,11.351130000000012,10.409800000000018
2022-05-26 13:00:00,27.5,88.25,284.50113,283.5598,11.351130000000012,10.409800000000018
2022-05-26 13:00:00,27.5,88.5,285.32312,286.32605,12.17312000000004,13.176050000000032
2022-05-26 13:00:00,27.5,88.75,285.20865,287.72653,12.05865,14.576530000000048
2022-05-26 13:00:00,27.5,89.0,282.29248,283.28113,9.142480000000035,10.131130000000041
2022-05-26 13:00:00,27.5,89.25,281.29608,281.95422,8.14608000000004,8.804220000000043
2022-05-26 13:00:00,27.5,89.5,283.63776,283.79056,10.487760000000037,10.64056000000005
2022-05-26 13:00:00,27.5,89.75,284.1166,285.77924,10.966600000000028,12.629240000000038
2022-05-26 13:00:00,27.5,90.0,284.31558,286.70447,11.165580000000034,13.554470000000038
2022-05-26 13:00:00,27.25,85.5,306.72272,302.71756,33.572720000000004,29.567560000000014
2022-05-26 13:00:00,27.25,85.75,304.98233,301.50598,31.832330000000013,28.355980000000045
2022-05-26 13:00:00,27.25,86.0,304.98233,301.50598,31.832330000000013,28.355980000000045
2022-05-26 13:00:00,27.25,86.25,301.1287,300.65454,27.978700000000003,27.50454000000002
2022-05-26 13:00:00,27.25,86.5,297.82434,298.11444,24.67434000000003,24.964440000000025
2022-05-26 13:00:00,27.25,86.75,295.86563,296.66232,22.715630000000033,23.512320000000045
2022-05-26 13:00:00,27.25,87.0,293.7765,294.98672,20.62650000000002,21.836720000000014
2022-05-26 13:00:00,27.25,87.25,292.65958,294.54495,19.509580000000028,21.394949999999994
2022-05-26 13:00:00,27.25,87.5,292.50272,294.05237,19.352720000000033,20.90237000000002
2022-05-26 13:00:00,27.25,87.75,291.7561,291.46378,18.606100000000026,18.31378000000001
2022-05-26 13:00:00,27.25,88.0,291.38312,290.4393,18.233120000000042,17.289300000000026
2022-05-26 13:00:00,27.25,88.25,291.38312,290.4393,18.233120000000042,17.289300000000026
2022-05-26 13:00:00,27.25,88.5,292.58615,293.337,19.436149999999998,20.187000000000012
2022-05-26 13:00:00,27.25,88.75,292.8524,294.54306,19.70240000000001,21.393060000000048
2022-05-26 13:00:00,27.25,89.0,290.53928,291.12354,17.389280000000042,17.973540000000014
2022-05-26 13:00:00,27.25,89.25,288.84116,289.03574,15.691160000000025,15.885739999999998
2022-05-26 13:00:00,27.25,89.5,287.6408,287.78625,14.490800000000036,14.636250000000018
2022-05-26 13:00:00,27.25,89.75,287.05768,287.1326,13.907680000000028,13.982600000000048
2022-05-26 13:00:00,27.25,90.0,289.21683,289.89935,16.06683000000004,16.74935000000005
2022-05-26 13:00:00,27.0,85.5,306.72272,302.71756,33.572720000000004,29.567560000000014
2022-05-26 13:00:00,27.0,85.75,304.98233,301.50598,31.832330000000013,28.355980000000045
2022-05-26 13:00:00,27.0,86.0,304.98233,301.50598,31.832330000000013,28.355980000000045
2022-05-26 13:00:00,27.0,86.25,301.1287,300.65454,27.978700000000003,27.50454000000002
2022-05-26 13:00:00,27.0,86.5,297.82434,298.11444,24.67434000000003,24.964440000000025
2022-05-26 13:00:00,27.0,86.75,295.86563,296.66232,22.715630000000033,23.512320000000045
2022-05-26 13:00:00,27.0,87.0,293.7765,294.98672,20.62650000000002,21.836720000000014
2022-05-26 13:00:00,27.0,87.25,292.65958,294.54495,19.509580000000028,21.394949999999994
2022-05-26 13:00:00,27.0,87.5,292.50272,294.05237,19.352720000000033,20.90237000000002
2022-05-26 13:00:00,27.0,87.75,291.7561,291.46378,18.606100000000026,18.31378000000001
2022-05-26 13:00:00,27.0,88.0,291.38312,290.4393,18.233120000000042,17.289300000000026
2022-05-26 13:00:00,27.0,88.25,291.38312,290.4393,18.233120000000042,17.289300000000026
2022-05-26 13:00:00,27.0,88.5,292.58615,293.337,19.436149999999998,20.187000000000012
2022-05-26 13:00:00,27.0,88.75,292.8524,294.54306,19.70240000000001,21.393060000000048
2022-05-26 13:00:00,27.0,89.0,290.53928,291.12354,17.389280000000042,17.973540000000014
2022-05-26 13:00:00,27.0,89.25,288.84116,289.03574,15.691160000000025,15.885739999999998
2022-05-26 13:00:00,27.0,89.5,287.6408,287.78625,14.490800000000036,14.636250000000018
2022-05-26 13:00:00,27.0,89.75,287.05768,287.1326,13.907680000000028,13.982600000000048
2022-05-26 13:00:00,27.0,90.0,289.21683,289.89935,16.06683000000004,16.74935000000005
2022-05-26 13:00:00,26.75,85.5,307.27902,303.86548,34.129020000000025,30.715480000000014
2022-05-26 13:00:00,26.75,85.75,306.26187,303.3995,33.11187000000001,30.249500000000012
2022-05-26 13:00:00,26.75,86.0,306.26187,303.3995,33.11187000000001,30.249500000000012
2022-05-26 13:00:00,26.75,86.25,304.84265,303.9839,31.692650000000015,30.83390000000003
2022-05-26 13:00:00,26.75,86.5,303.20523,302.85315,30.055229999999995,29.70315000000005
2022-05-26 13:00:00,26.75,86.75,301.89478,301.812,28.74478000000005,28.662000000000035
2022-05-26 13:00:00,26.75,87.0,299.9299,300.33478,26.779899999999998,27.184780000000046
2022-05-26 13:00:00,26.75,87.25,298.5812,298.84766,25.431200000000047,25.69766000000004
2022-05-26 13:00:00,26.75,87.5,297.7563,297.84543,24.606300000000033,24.695430000000044
2022-05-26 13:00:00,26.75,87.75,297.01843,296.72787,23.868430000000046,23.57787000000002
2022-05-26 13:00:00,26.75,88.0,297.08075,296.72534,23.930750000000046,23.57534000000004
2022-05-26 13:00:00,26.75,88.25,297.08075,296.72534,23.930750000000046,23.57534000000004
2022-05-26 13:00:00,26.75,88.5,298.31165,299.2505,25.16165000000001,26.10050000000001
2022-05-26 13:00:00,26.75,88.75,299.15384,301.45706,26.003840000000025,28.307060000000035
2022-05-26 13:00:00,26.75,89.0,298.16504,300.30984,25.01504,27.15984000000003
2022-05-26 13:00:00,26.75,89.25,296.63254,298.9814,23.48254000000003,25.83140000000003
2022-05-26 13:00:00,26.75,89.5,295.056,297.62964,21.906000000000006,24.479640000000018
2022-05-26 13:00:00,26.75,89.75,293.85922,294.79276,20.709220000000016,21.64276000000001
2022-05-26 13:00:00,26.75,90.0,295.28156,297.59763,22.131560000000036,24.447630000000004
2022-05-26 13:00:00,26.5,85.5,306.32574,304.03473,33.17574000000002,30.884730000000047
2022-05-26 13:00:00,26.5,85.75,305.23135,303.10995,32.08135000000004,29.95995000000005
2022-05-26 13:00:00,26.5,86.0,305.23135,303.10995,32.08135000000004,29.95995000000005
2022-05-26 13:00:00,26.5,86.25,305.42264,305.42773,32.272640000000024,32.27773000000002
2022-05-26 13:00:00,26.5,86.5,304.78934,304.15695,31.639340000000004,31.006950000000018
2022-05-26 13:00:00,26.5,86.75,303.8454,303.41904,30.695400000000006,30.269040000000018
2022-05-26 13:00:00,26.5,87.0,303.21002,303.32965,30.06002000000001,30.179650000000038
2022-05-26 13:00:00,26.5,87.25,303.14502,302.65207,29.99502000000001,29.502070000000003
2022-05-26 13:00:00,26.5,87.5,302.08453,302.15848,28.934529999999995,29.00848000000002
2022-05-26 13:00:00,26.5,87.75,301.20914,303.01123,28.059140000000014,29.861230000000035
2022-05-26 13:00:00,26.5,88.0,301.26578,303.74796,28.11578000000003,30.59796
2022-05-26 13:00:00,26.5,88.25,301.26578,303.74796,28.11578000000003,30.59796
2022-05-26 13:00:00,26.5,88.5,301.42206,303.4355,28.27206000000001,30.285500000000013
2022-05-26 13:00:00,26.5,88.75,301.2382,303.20044,28.08820000000003,30.050440000000037
2022-05-26 13:00:00,26.5,89.0,300.28683,302.74512,27.13683000000003,29.59512000000001
2022-05-26 13:00:00,26.5,89.25,299.4846,301.87952,26.334600000000023,28.729520000000036
2022-05-26 13:00:00,26.5,89.5,299.20224,301.352,26.05224000000004,28.201999999999998
2022-05-26 13:00:00,26.5,89.75,298.8099,301.10635,25.65990000000005,27.956350000000043
2022-05-26 13:00:00,26.5,90.0,298.59296,300.9651,25.442960000000028,27.81510000000003
2022-05-26 13:00:00,26.25,85.5,304.5472,304.37305,31.397199999999998,31.22305
2022-05-26 13:00:00,26.25,85.75,304.82166,303.97952,31.67166000000003,30.829520000000002
2022-05-26 13:00:00,26.25,86.0,304.82166,303.97952,31.67166000000003,30.829520000000002
2022-05-26 13:00:00,26.25,86.25,305.59634,304.26514,32.44634000000002,31.115139999999997
2022-05-26 13:00:00,26.25,86.5,306.03873,305.4174,32.88873000000001,32.26740000000001
2022-05-26 13:00:00,26.25,86.75,305.85803,304.39212,32.70803000000001,31.24212
2022-05-26 13:00:00,26.25,87.0,305.6495,303.33823,32.49950000000001,30.188230000000033
2022-05-26 13:00:00,26.25,87.25,304.87778,303.70862,31.727779999999996,30.55862000000002
2022-05-26 13:00:00,26.25,87.5,303.71664,303.98956,30.566640000000007,30.839560000000006
2022-05-26 13:00:00,26.25,87.75,302.58118,304.0491,29.43118000000004,30.899100000000033
2022-05-26 13:00:00,26.25,88.0,302.04022,303.91156,28.89022,30.76156000000003
2022-05-26 13:00:00,26.25,88.25,302.04022,303.91156,28.89022,30.76156000000003
2022-05-26 13:00:00,26.25,88.5,302.2993,303.96954,29.14930000000004,30.819540000000018
2022-05-26 13:00:00,26.25,88.75,302.4405,304.21146,29.29050000000001,31.06146000000001
2022-05-26 13:00:00,26.25,89.0,301.68948,303.04828,28.539480000000026,29.89828
2022-05-26 13:00:00,26.25,89.25,300.90768,302.5596,27.75768000000005,29.40960000000001
2022-05-26 13:00:00,26.25,89.5,300.46252,302.186,27.312520000000006,29.036
2022-05-26 13:00:00,26.25,89.75,299.9553,301.47794,26.805300000000045,28.327940000000012
2022-05-26 13:00:00,26.25,90.0,300.19885,301.71924,27.048850000000016,28.569240000000036
2022-05-26 13:00:00,26.0,85.5,305.94482,304.4437,32.794820000000016,31.2937
2022-05-26 13:00:00,26.0,85.75,305.55188,304.15674,32.401880000000006,31.006740000000036
2022-05-26 13:00:00,26.0,86.0,305.55188,304.15674,32.401880000000006,31.006740000000036
2022-05-26 13:00:00,26.0,86.25,305.4894,304.49344,32.33940000000001,31.343440000000044
2022-05-26 13:00:00,26.0,86.5,305.53156,304.65643,32.381560000000036,31.506430000000023
2022-05-26 13:00:00,26.0,86.75,305.80655,304.87714,32.65655000000004,31.72714000000002
2022-05-26 13:00:00,26.0,87.0,305.9833,305.4063,32.83330000000001,32.25630000000001
2022-05-26 13:00:00,26.0,87.25,305.41003,305.63422,32.26003000000003,32.48422000000005
2022-05-26 13:00:00,26.0,87.5,304.33542,305.3233,31.185420000000022,32.17330000000004
2022-05-26 13:00:00,26.0,87.75,303.3729,305.01065,30.22290000000004,31.86065000000002
2022-05-26 13:00:00,26.0,88.0,302.82736,305.04422,29.67736000000002,31.89422000000002
2022-05-26 13:00:00,26.0,88.25,302.82736,305.04422,29.67736000000002,31.89422000000002
2022-05-26 13:00:00,26.0,88.5,302.51044,304.66254,29.36044000000004,31.51254
2022-05-26 13:00:00,26.0,88.75,302.02557,303.53882,28.87557000000004,30.38882000000001
2022-05-26 13:00:00,26.0,89.0,301.37344,302.88727,28.22344000000004,29.737270000000024
2022-05-26 13:00:00,26.0,89.25,300.93753,302.76196,27.787530000000004,29.61196000000001
2022-05-26 13:00:00,26.0,89.5,300.5864,302.6549,27.43640000000005,29.50490000000002
2022-05-26 13:00:00,26.0,89.75,300.14478,302.64407,26.99478000000005,29.494070000000022
2022-05-26 13:00:00,26.0,90.0,300.131,302.90915,26.980999999999995,29.759150000000034
2022-05-26 13:00:00,25.75,85.5,306.95398,304.3127,33.803980000000024,31.16270000000003
2022-05-26 13:00:00,25.75,85.75,305.95032,304.20932,32.80032,31.059320000000014
2022-05-26 13:00:00,25.75,86.0,305.95032,304.20932,32.80032,31.059320000000014
2022-05-26 13:00:00,25.75,86.25,305.46606,303.86734,32.31606000000005,30.717340000000036
2022-05-26 13:00:00,25.75,86.5,304.90128,304.00238,31.75128000000001,30.85238000000004
2022-05-26 13:00:00,25.75,86.75,304.97446,304.29993,31.824460000000045,31.14993000000004
2022-05-26 13:00:00,25.75,87.0,305.09833,304.74838,31.94833,31.59838000000002
2022-05-26 13:00:00,25.75,87.25,304.98636,305.91745,31.836360000000013,32.76745
2022-05-26 13:00:00,25.75,87.5,304.42816,306.23572,31.278160000000014,33.08572000000004
2022-05-26 13:00:00,25.75,87.75,303.65604,305.41278,30.50604000000004,32.26278000000002
2022-05-26 13:00:00,25.75,88.0,302.8723,304.68814,29.72230000000002,31.53814
2022-05-26 13:00:00,25.75,88.25,302.8723,304.68814,29.72230000000002,31.53814
2022-05-26 13:00:00,25.75,88.5,302.0908,304.04715,28.940800000000024,30.89715000000001
2022-05-26 13:00:00,25.75,88.75,301.3364,303.0725,28.18640000000005,29.922500000000014
2022-05-26 13:00:00,25.75,89.0,300.63205,302.729,27.482050000000015,29.579000000000008
2022-05-26 13:00:00,25.75,89.25,300.24692,302.76233,27.09692000000001,29.612330000000043
2022-05-26 13:00:00,25.75,89.5,300.09564,302.53033,26.945640000000026,29.380330000000015
2022-05-26 13:00:00,25.75,89.75,300.1823,302.49963,27.03230000000002,29.349630000000047
2022-05-26 13:00:00,25.75,90.0,299.93826,302.3161,26.788260000000037,29.16610000000003
2022-05-26 13:00:00,25.5,85.5,307.6033,304.63745,34.45330000000001,31.487450000000024
2022-05-26 13:00:00,25.5,85.75,306.32864,304.35223,33.17864000000003,31.202230000000043
2022-05-26 13:00:00,25.5,86.0,306.32864,304.35223,33.17864000000003,31.202230000000043
2022-05-26 13:00:00,25.5,86.25,305.62167,304.23178,32.47167000000002,31.081780000000037
2022-05-26 13:00:00,25.5,86.5,304.88977,304.31024,31.73977000000002,31.160240000000044
2022-05-26 13:00:00,25.5,86.75,304.7292,304.92303,31.579200000000014,31.773030000000006
2022-05-26 13:00:00,25.5,87.0,304.62357,305.10498,31.473569999999995,31.954980000000035
2022-05-26 13:00:00,25.5,87.25,304.25528,305.47025,31.10528000000005,32.320250000000044
2022-05-26 13:00:00,25.5,87.5,303.94986,305.6645,30.799860000000024,32.5145
2022-05-26 13:00:00,25.5,87.75,303.6446,305.23645,30.494600000000048,32.08645000000001
2022-05-26 13:00:00,25.5,88.0,303.21555,305.01807,30.06555000000003,31.868070000000046
2022-05-26 13:00:00,25.5,88.25,303.21555,305.01807,30.06555000000003,31.868070000000046
2022-05-26 13:00:00,25.5,88.5,302.69516,304.75592,29.54516000000001,31.605920000000026
2022-05-26 13:00:00,25.5,88.75,302.0774,303.68073,28.927400000000034,30.530730000000005
2022-05-26 13:00:00,25.5,89.0,301.44424,303.01712,28.294240000000002,29.86712
2022-05-26 13:00:00,25.5,89.25,300.82077,302.63327,27.670770000000005,29.483270000000005
2022-05-26 13:00:00,25.5,89.5,300.59995,303.11826,27.44995,29.968260000000043
2022-05-26 13:00:00,25.5,89.75,300.87796,305.21082,27.727959999999996,32.060820000000035
2022-05-26 13:00:00,25.5,90.0,300.40707,303.9963,27.25707,30.846300000000042
2022-05-26 13:00:00,25.25,85.5,308.315,305.7021,35.16500000000002,32.552099999999996
2022-05-26 13:00:00,25.25,85.75,306.9808,305.00232,33.83080000000001,31.85232000000002
2022-05-26 13:00:00,25.25,86.0,306.9808,305.00232,33.83080000000001,31.85232000000002
2022-05-26 13:00:00,25.25,86.25,305.80795,304.29266,32.65795000000003,31.142660000000035
2022-05-26 13:00:00,25.25,86.5,304.9379,303.9662,31.787900000000036,30.816200000000038
2022-05-26 13:00:00,25.25,86.75,304.35547,304.94907,31.205470000000048,31.79907000000003
2022-05-26 13:00:00,25.25,87.0,304.18103,305.8899,31.031030000000044,32.739900000000034
2022-05-26 13:00:00,25.25,87.25,303.93893,305.36105,30.78893000000005,32.21105
2022-05-26 13:00:00,25.25,87.5,303.67502,304.978,30.52502000000004,31.82800000000003
2022-05-26 13:00:00,25.25,87.75,303.4652,305.22324,30.315200000000004,32.07324
2022-05-26 13:00:00,25.25,88.0,303.2466,305.3772,30.096600000000024,32.22720000000004
2022-05-26 13:00:00,25.25,88.25,303.2466,305.3772,30.096600000000024,32.22720000000004
2022-05-26 13:00:00,25.25,88.5,302.95932,304.9823,29.809320000000014,31.832300000000032
2022-05-26 13:00:00,25.25,88.75,302.4541,304.30188,29.304100000000005,31.151880000000006
2022-05-26 13:00:00,25.25,89.0,301.77292,304.0764,28.622920000000022,30.9264
2022-05-26 13:00:00,25.25,89.25,301.345,303.88132,28.19500000000005,30.73132000000004
2022-05-26 13:00:00,25.25,89.5,300.93475,304.38263,27.78475000000003,31.23263000000003
2022-05-26 13:00:00,25.25,89.75,300.90335,304.59103,27.75335000000001,31.441030000000012
2022-05-26 13:00:00,25.25,90.0,300.73264,303.62195,27.582640000000026,30.47195000000005
2022-05-26 13:00:00,25.0,85.5,307.61972,305.1589,34.469719999999995,32.00890000000004
2022-05-26 13:00:00,25.0,85.75,306.6223,304.88193,33.47230000000002,31.731930000000034
2022-05-26 13:00:00,25.0,86.0,306.6223,304.88193,33.47230000000002,31.731930000000034
2022-05-26 13:00:00,25.0,86.25,305.72388,304.1607,32.57388000000003,31.010700000000043
2022-05-26 13:00:00,25.0,86.5,304.6533,304.98328,31.503300000000024,31.833280000000002
2022-05-26 13:00:00,25.0,86.75,303.41238,303.73975,30.262380000000007,30.589750000000038
2022-05-26 13:00:00,25.0,87.0,303.17368,303.28186,30.023680000000013,30.131860000000017
2022-05-26 13:00:00,25.0,87.25,303.3184,303.33936,30.16840000000002,30.189360000000022
2022-05-26 13:00:00,25.0,87.5,302.91714,303.14215,29.76714000000004,29.992150000000038
2022-05-26 13:00:00,25.0,87.75,303.00693,303.87555,29.856930000000034,30.72555
2022-05-26 13:00:00,25.0,88.0,303.46136,304.79608,30.311360000000036,31.64608000000004
2022-05-26 13:00:00,25.0,88.25,303.46136,304.79608,30.311360000000036,31.64608000000004
2022-05-26 13:00:00,25.0,88.5,303.50967,304.81793,30.35967000000005,31.667930000000013
2022-05-26 13:00:00,25.0,88.75,303.07043,305.05057,29.92043000000001,31.900570000000016
2022-05-26 13:00:00,25.0,89.0,301.8461,305.39893,28.6961,32.24893000000003
2022-05-26 13:00:00,25.0,89.25,301.48447,304.87762,28.33447000000001,31.72762
2022-05-26 13:00:00,25.0,89.5,301.3735,304.51437,28.2235,31.364370000000008
2022-05-26 13:00:00,25.0,89.75,301.33698,304.70883,28.186980000000005,31.55883
2022-05-26 13:00:00,25.0,90.0,301.04694,304.34317,27.89694000000003,31.19317000000001
2022-05-26 13:00:00,24.75,85.5,307.61972,305.1589,34.469719999999995,32.00890000000004
2022-05-26 13:00:00,24.75,85.75,306.6223,304.88193,33.47230000000002,31.731930000000034
2022-05-26 13:00:00,24.75,86.0,306.6223,304.88193,33.47230000000002,31.731930000000034
2022-05-26 13:00:00,24.75,86.25,305.72388,304.1607,32.57388000000003,31.010700000000043
2022-05-26 13:00:00,24.75,86.5,304.6533,304.98328,31.503300000000024,31.833280000000002
2022-05-26 13:00:00,24.75,86.75,303.41238,303.73975,30.262380000000007,30.589750000000038
2022-05-26 13:00:00,24.75,87.0,303.17368,303.28186,30.023680000000013,30.131860000000017
2022-05-26 13:00:00,24.75,87.25,303.3184,303.33936,30.16840000000002,30.189360000000022
2022-05-26 13:00:00,24.75,87.5,302.91714,303.14215,29.76714000000004,29.992150000000038
2022-05-26 13:00:00,24.75,87.75,303.00693,303.87555,29.856930000000034,30.72555
2022-05-26 13:00:00,24.75,88.0,303.46136,304.79608,30.311360000000036,31.64608000000004
2022-05-26 13:00:00,24.75,88.25,303.46136,304.79608,30.311360000000036,31.64608000000004
2022-05-26 13:00:00,24.75,88.5,303.50967,304.81793,30.35967000000005,31.667930000000013
2022-05-26 13:00:00,24.75,88.75,303.07043,305.05057,29.92043000000001,31.900570000000016
2022-05-26 13:00:00,24.75,89.0,301.8461,305.39893,28.6961,32.24893000000003
2022-05-26 13:00:00,24.75,89.25,301.48447,304.87762,28.33447000000001,31.72762
2022-05-26 13:00:00,24.75,89.5,301.3735,304.51437,28.2235,31.364370000000008
2022-05-26 13:00:00,24.75,89.75,301.33698,304.70883,28.186980000000005,31.55883
2022-05-26 13:00:00,24.75,90.0,301.04694,304.34317,27.89694000000003,31.19317000000001
2022-05-26 13:00:00,24.5,85.5,306.196,304.00018,33.04600000000005,30.850180000000023
2022-05-26 13:00:00,24.5,85.75,306.67392,304.29446,33.52392000000003,31.144460000000038
2022-05-26 13:00:00,24.5,86.0,306.67392,304.29446,33.52392000000003,31.144460000000038
2022-05-26 13:00:00,24.5,86.25,305.07468,304.4309,31.924680000000023,31.28090000000003
2022-05-26 13:00:00,24.5,86.5,303.9416,303.2733,30.791600000000017,30.12330000000003
2022-05-26 13:00:00,24.5,86.75,303.02234,302.59857,29.87234000000001,29.448570000000018
2022-05-26 13:00:00,24.5,87.0,302.0601,302.2404,28.9101,29.090400000000045
2022-05-26 13:00:00,24.5,87.25,301.35828,302.03955,28.208280000000002,28.889550000000042
2022-05-26 13:00:00,24.5,87.5,301.5897,302.14346,28.439700000000016,28.993460000000027
2022-05-26 13:00:00,24.5,87.75,302.41394,302.969,29.263940000000048,29.819000000000017
2022-05-26 13:00:00,24.5,88.0,303.1465,303.72437,29.996500000000026,30.574370000000044
2022-05-26 13:00:00,24.5,88.25,303.1465,303.72437,29.996500000000026,30.574370000000044
2022-05-26 13:00:00,24.5,88.5,303.49722,304.20657,30.34722000000005,31.056570000000022
2022-05-26 13:00:00,24.5,88.75,303.14072,305.21002,29.99072000000001,32.06002000000001
2022-05-26 13:00:00,24.5,89.0,302.11493,305.55243,28.964930000000038,32.40243000000004
2022-05-26 13:00:00,24.5,89.25,301.50235,304.32443,28.35235,31.17443000000003
2022-05-26 13:00:00,24.5,89.5,301.31833,303.7772,28.168330000000026,30.627200000000016
2022-05-26 13:00:00,24.5,89.75,301.24146,303.92538,28.09146000000004,30.77538000000004
2022-05-26 13:00:00,24.5,90.0,300.9381,303.94675,27.788100000000043,30.79675000000003
2022-05-26 13:00:00,24.25,85.5,305.4696,303.27563,32.31960000000004,30.12563
2022-05-26 13:00:00,24.25,85.75,305.35162,303.6861,32.20162000000005,30.536100000000033
2022-05-26 13:00:00,24.25,86.0,305.35162,303.6861,32.20162000000005,30.536100000000033
2022-05-26 13:00:00,24.25,86.25,304.9331,303.5838,31.783100000000047,30.43380000000002
2022-05-26 13:00:00,24.25,86.5,304.05896,303.0294,30.908960000000036,29.879400000000032
2022-05-26 13:00:00,24.25,86.75,303.14297,302.56152,29.992970000000014,29.411519999999996
2022-05-26 13:00:00,24.25,87.0,302.26212,302.72986,29.112120000000004,29.579859999999996
2022-05-26 13:00:00,24.25,87.25,301.64487,302.79105,28.49487000000005,29.641050000000007
2022-05-26 13:00:00,24.25,87.5,302.0303,303.05933,28.880300000000034,29.90933000000001
2022-05-26 13:00:00,24.25,87.75,302.7013,303.30893,29.551300000000026,30.158929999999998
2022-05-26 13:00:00,24.25,88.0,303.18466,303.5923,30.03466000000003,30.442300000000046
2022-05-26 13:00:00,24.25,88.25,303.18466,303.5923,30.03466000000003,30.442300000000046
2022-05-26 13:00:00,24.25,88.5,303.41467,304.54288,30.264670000000024,31.392880000000048
2022-05-26 13:00:00,24.25,88.75,302.95193,305.19275,29.801930000000027,32.04275000000001
2022-05-26 13:00:00,24.25,89.0,302.24835,304.32974,29.09835000000004,31.179740000000038
2022-05-26 13:00:00,24.25,89.25,301.892,304.033,28.74200000000002,30.883000000000038
2022-05-26 13:00:00,24.25,89.5,301.49026,304.05618,28.34026,30.906180000000006
2022-05-26 13:00:00,24.25,89.75,301.24564,304.2016,28.095640000000003,31.051600000000008
2022-05-26 13:00:00,24.25,90.0,301.13144,303.42255,27.98144000000002,30.272550000000024
2022-05-26 13:00:00,24.0,85.5,303.776,301.59607,30.626000000000033,28.44607000000002
2022-05-26 13:00:00,24.0,85.75,304.9276,302.93436,31.777600000000007,29.78436000000005
2022-05-26 13:00:00,24.0,86.0,304.9276,302.93436,31.777600000000007,29.78436000000005
2022-05-26 13:00:00,24.0,86.25,304.97522,303.3345,31.82522,30.184500000000014
2022-05-26 13:00:00,24.0,86.5,304.30222,304.19458,31.15222,31.044579999999996
2022-05-26 13:00:00,24.0,86.75,303.45486,303.3652,30.30486000000002,30.21520000000004
2022-05-26 13:00:00,24.0,87.0,302.543,302.9344,29.39300000000003,29.784400000000005
2022-05-26 13:00:00,24.0,87.25,301.82608,303.35883,28.676080000000013,30.208830000000034
2022-05-26 13:00:00,24.0,87.5,301.35562,303.65176,28.20562000000001,30.501760000000047
2022-05-26 13:00:00,24.0,87.75,302.28162,303.4639,29.131619999999998,30.313900000000046
2022-05-26 13:00:00,24.0,88.0,303.3937,303.44647,30.243700000000047,30.29647
2022-05-26 13:00:00,24.0,88.25,303.3937,303.44647,30.243700000000047,30.29647
2022-05-26 13:00:00,24.0,88.5,303.2774,304.3532,30.127400000000023,31.203200000000038
2022-05-26 13:00:00,24.0,88.75,302.95697,305.33688,29.806970000000035,32.18688000000003
2022-05-26 13:00:00,24.0,89.0,302.53857,304.83792,29.388570000000016,31.68792000000002
2022-05-26 13:00:00,24.0,89.25,301.89426,304.20517,28.744259999999997,31.055170000000032
2022-05-26 13:00:00,24.0,89.5,301.5232,303.981,28.373199999999997,30.831000000000017
2022-05-26 13:00:00,24.0,89.75,301.27457,304.1525,28.124570000000006,31.002499999999998
2022-05-26 13:00:00,24.0,90.0,300.7785,302.70013,27.62850000000003,29.550130000000024
2022-05-26 13:00:00,23.75,85.5,305.6323,302.57108,32.48230000000001,29.421080000000018
2022-05-26 13:00:00,23.75,85.75,305.5811,303.69327,32.431100000000015,30.543270000000007
2022-05-26 13:00:00,23.75,86.0,305.5811,303.69327,32.431100000000015,30.543270000000007
2022-05-26 13:00:00,23.75,86.25,305.61996,304.23703,32.469960000000015,31.087030000000027
2022-05-26 13:00:00,23.75,86.5,305.07227,304.3576,31.922270000000026,31.207600000000014
2022-05-26 13:00:00,23.75,86.75,303.76163,304.01965,30.611630000000048,30.869650000000036
2022-05-26 13:00:00,23.75,87.0,303.25763,303.52994,30.10763000000003,30.379940000000033
2022-05-26 13:00:00,23.75,87.25,302.40475,303.35706,29.25475,30.207060000000013
2022-05-26 13:00:00,23.75,87.5,301.60403,303.32715,28.454030000000046,30.17715000000004
2022-05-26 13:00:00,23.75,87.75,301.72253,302.70898,28.57253000000003,29.55898000000002
2022-05-26 13:00:00,23.75,88.0,302.74686,302.72693,29.59686000000005,29.576930000000004
2022-05-26 13:00:00,23.75,88.25,302.74686,302.72693,29.59686000000005,29.576930000000004
2022-05-26 13:00:00,23.75,88.5,303.4267,304.11084,30.276700000000005,30.96084000000002
2022-05-26 13:00:00,23.75,88.75,302.9374,304.94498,29.787400000000048,31.79498000000001
2022-05-26 13:00:00,23.75,89.0,302.36163,304.57233,29.211630000000014,31.422330000000045
2022-05-26 13:00:00,23.75,89.25,302.0134,304.4804,28.863400000000013,31.330399999999997
2022-05-26 13:00:00,23.75,89.5,301.79517,304.3722,28.645170000000007,31.222200000000043
2022-05-26 13:00:00,23.75,89.75,301.01953,303.61798,27.869529999999997,30.46798000000001
2022-05-26 13:00:00,23.75,90.0,300.88458,302.9206,27.73458000000005,29.7706
2022-05-26 13:00:00,23.5,85.5,305.06943,302.39102,31.919430000000034,29.24102000000005
2022-05-26 13:00:00,23.5,85.75,305.8945,305.22546,32.744500000000016,32.07546000000002
2022-05-26 13:00:00,23.5,86.0,305.8945,305.22546,32.744500000000016,32.07546000000002
2022-05-26 13:00:00,23.5,86.25,305.85666,305.3575,32.70666,32.20750000000004
2022-05-26 13:00:00,23.5,86.5,305.10443,304.2524,31.954430000000002,31.102400000000046
2022-05-26 13:00:00,23.5,86.75,304.1731,303.3572,31.0231,30.2072
2022-05-26 13:00:00,23.5,87.0,302.92062,303.5552,29.770620000000008,30.405200000000036
2022-05-26 13:00:00,23.5,87.25,301.76895,304.02063,28.61895000000004,30.870630000000006
2022-05-26 13:00:00,23.5,87.5,301.94464,303.51758,28.794640000000015,30.367580000000032
2022-05-26 13:00:00,23.5,87.75,302.8621,303.7341,29.71210000000002,30.584100000000035
2022-05-26 13:00:00,23.5,88.0,303.1774,304.55774,30.0274,31.407740000000047
2022-05-26 13:00:00,23.5,88.25,303.1774,304.55774,30.0274,31.407740000000047
2022-05-26 13:00:00,23.5,88.5,302.94012,304.3686,29.79012,31.218600000000038
2022-05-26 13:00:00,23.5,88.75,302.63647,303.72186,29.486469999999997,30.571860000000015
2022-05-26 13:00:00,23.5,89.0,302.09668,303.52698,28.946680000000015,30.376980000000003
2022-05-26 13:00:00,23.5,89.25,301.80417,303.95477,28.654170000000022,30.80477000000002
2022-05-26 13:00:00,23.5,89.5,301.52924,303.96808,28.37924000000004,30.81808000000001
2022-05-26 13:00:00,23.5,89.75,300.99673,302.76767,27.846730000000036,29.617670000000032
2022-05-26 13:00:00,23.5,90.0,300.57114,302.3415,27.421140000000037,29.19150000000002
2022-05-26 13:00:00,23.25,85.5,305.01187,303.53168,31.86187000000001,30.381680000000017
2022-05-26 13:00:00,23.25,85.75,304.89026,303.65094,31.740260000000035,30.500940000000014
2022-05-26 13:00:00,23.25,86.0,304.89026,303.65094,31.740260000000035,30.500940000000014
2022-05-26 13:00:00,23.25,86.25,305.29785,304.32065,32.147850000000005,31.170650000000023
2022-05-26 13:00:00,23.25,86.5,304.87238,304.31317,31.722380000000044,31.163170000000036
2022-05-26 13:00:00,23.25,86.75,304.19675,302.97983,31.04675000000003,29.829830000000015
2022-05-26 13:00:00,23.25,87.0,303.038,303.16577,29.888000000000034,30.015770000000032
2022-05-26 13:00:00,23.25,87.25,302.55475,303.25287,29.404750000000035,30.102869999999996
2022-05-26 13:00:00,23.25,87.5,302.90762,303.95776,29.75762000000003,30.80776000000003
2022-05-26 13:00:00,23.25,87.75,303.3772,305.28333,30.22720000000004,32.13333
2022-05-26 13:00:00,23.25,88.0,302.9919,305.4394,29.84190000000001,32.2894
2022-05-26 13:00:00,23.25,88.25,302.9919,305.4394,29.84190000000001,32.2894
2022-05-26 13:00:00,23.25,88.5,302.07248,304.2186,28.922480000000007,31.068600000000004
2022-05-26 13:00:00,23.25,88.75,301.62033,303.28622,28.470330000000047,30.136220000000037
2022-05-26 13:00:00,23.25,89.0,301.43793,303.2917,28.287930000000017,30.141700000000014
2022-05-26 13:00:00,23.25,89.25,301.68497,303.55908,28.534970000000044,30.409080000000017
2022-05-26 13:00:00,23.25,89.5,301.62457,303.63208,28.47457000000003,30.482079999999996
2022-05-26 13:00:00,23.25,89.75,301.38467,303.11716,28.23467000000005,29.967160000000035
2022-05-26 13:00:00,23.25,90.0,300.65424,302.32422,27.50424000000004,29.174220000000048
2022-05-26 13:00:00,23.0,85.5,304.7145,303.6116,31.56450000000001,30.461600000000033
2022-05-26 13:00:00,23.0,85.75,304.8461,303.84494,31.6961,30.69494000000003
2022-05-26 13:00:00,23.0,86.0,304.8461,303.84494,31.6961,30.69494000000003
2022-05-26 13:00:00,23.0,86.25,304.9874,304.87564,31.837400000000002,31.72564
2022-05-26 13:00:00,23.0,86.5,305.67944,305.67603,32.52944000000002,32.52603000000005
2022-05-26 13:00:00,23.0,86.75,305.11856,304.64432,31.968560000000025,31.494320000000016
2022-05-26 13:00:00,23.0,87.0,303.18393,302.52246,30.033929999999998,29.372460000000046
2022-05-26 13:00:00,23.0,87.25,302.8204,302.4497,29.67040000000003,29.29970000000003
2022-05-26 13:00:00,23.0,87.5,303.26736,304.36404,30.11736000000002,31.21404000000001
2022-05-26 13:00:00,23.0,87.75,303.30573,305.62115,30.155730000000005,32.47115000000002
2022-05-26 13:00:00,23.0,88.0,302.8079,305.5424,29.65790000000004,32.39240000000001
2022-05-26 13:00:00,23.0,88.25,302.8079,305.5424,29.65790000000004,32.39240000000001
2022-05-26 13:00:00,23.0,88.5,302.04837,305.35117,28.89837,32.20117000000005
2022-05-26 13:00:00,23.0,88.75,301.43008,305.27423,28.280079999999998,32.12423000000001
2022-05-26 13:00:00,23.0,89.0,301.1168,304.9243,27.966800000000035,31.77430000000004
2022-05-26 13:00:00,23.0,89.25,301.31586,304.87793,28.16586000000001,31.727930000000015
2022-05-26 13:00:00,23.0,89.5,301.5324,305.0769,28.38240000000002,31.926900000000046
2022-05-26 13:00:00,23.0,89.75,301.27582,304.5436,28.125820000000033,31.39360000000005
2022-05-26 13:00:00,23.0,90.0,300.77246,303.2139,27.622460000000046,30.063900000000046
2022-05-26 13:00:00,22.75,85.5,304.59567,304.13794,31.445670000000007,30.987940000000037
2022-05-26 13:00:00,22.75,85.75,304.58868,304.40308,31.438680000000033,31.25308000000001
2022-05-26 13:00:00,22.75,86.0,304.58868,304.40308,31.438680000000033,31.25308000000001
2022-05-26 13:00:00,22.75,86.25,305.17773,305.1925,32.02773000000002,32.04250000000002
2022-05-26 13:00:00,22.75,86.5,305.35013,305.30682,32.20013,32.15682000000004
2022-05-26 13:00:00,22.75,86.75,305.98062,305.88367,32.83062000000001,32.73367000000002
2022-05-26 13:00:00,22.75,87.0,304.46964,304.91013,31.31964000000005,31.760130000000004
2022-05-26 13:00:00,22.75,87.25,303.90692,305.81915,30.756920000000036,32.66915
2022-05-26 13:00:00,22.75,87.5,303.67865,306.0007,30.528650000000027,32.85070000000002
2022-05-26 13:00:00,22.75,87.75,303.29068,305.62506,30.14068000000003,32.47506000000004
2022-05-26 13:00:00,22.75,88.0,302.61014,305.38333,29.460140000000024,32.233330000000024
2022-05-26 13:00:00,22.75,88.25,302.61014,305.38333,29.460140000000024,32.233330000000024
2022-05-26 13:00:00,22.75,88.5,301.7765,305.22955,28.62650000000002,32.07955000000004
2022-05-26 13:00:00,22.75,88.75,301.3869,305.05438,28.23690000000005,31.904380000000003
2022-05-26 13:00:00,22.75,89.0,301.53326,305.04916,28.383260000000007,31.899159999999995
2022-05-26 13:00:00,22.75,89.25,301.76184,305.30032,28.61184000000003,32.15032000000002
2022-05-26 13:00:00,22.75,89.5,301.8801,305.3584,28.73010000000005,32.20840000000004
2022-05-26 13:00:00,22.75,89.75,301.58096,304.6365,28.430960000000027,31.486500000000035
2022-05-26 13:00:00,22.75,90.0,300.49612,303.35745,27.34612000000004,30.207449999999994
2022-05-26 13:00:00,22.5,85.5,304.59567,304.13794,31.445670000000007,30.987940000000037
2022-05-26 13:00:00,22.5,85.75,304.58868,304.40308,31.438680000000033,31.25308000000001
2022-05-26 13:00:00,22.5,86.0,304.58868,304.40308,31.438680000000033,31.25308000000001
2022-05-26 13:00:00,22.5,86.25,305.17773,305.1925,32.02773000000002,32.04250000000002
2022-05-26 13:00:00,22.5,86.5,305.35013,305.30682,32.20013,32.15682000000004
2022-05-26 13:00:00,22.5,86.75,305.98062,305.88367,32.83062000000001,32.73367000000002
2022-05-26 13:00:00,22.5,87.0,304.46964,304.91013,31.31964000000005,31.760130000000004
2022-05-26 13:00:00,22.5,87.25,303.90692,305.81915,30.756920000000036,32.66915
2022-05-26 13:00:00,22.5,87.5,303.67865,306.0007,30.528650000000027,32.85070000000002
2022-05-26 13:00:00,22.5,87.75,303.29068,305.62506,30.14068000000003,32.47506000000004
2022-05-26 13:00:00,22.5,88.0,302.61014,305.38333,29.460140000000024,32.233330000000024
2022-05-26 13:00:00,22.5,88.25,302.61014,305.38333,29.460140000000024,32.233330000000024
2022-05-26 13:00:00,22.5,88.5,301.7765,305.22955,28.62650000000002,32.07955000000004
2022-05-26 13:00:00,22.5,88.75,301.3869,305.05438,28.23690000000005,31.904380000000003
2022-05-26 13:00:00,22.5,89.0,301.53326,305.04916,28.383260000000007,31.899159999999995
2022-05-26 13:00:00,22.5,89.25,301.76184,305.30032,28.61184000000003,32.15032000000002
2022-05-26 13:00:00,22.5,89.5,301.8801,305.3584,28.73010000000005,32.20840000000004
2022-05-26 13:00:00,22.5,89.75,301.58096,304.6365,28.430960000000027,31.486500000000035
2022-05-26 13:00:00,22.5,90.0,300.49612,303.35745,27.34612000000004,30.207449999999994
2022-05-26 13:00:00,22.25,85.5,305.16376,305.11334,32.01376000000005,31.963340000000017
2022-05-26 13:00:00,22.25,85.75,305.10556,305.14038,31.955560000000048,31.990380000000016
2022-05-26 13:00:00,22.25,86.0,305.10556,305.14038,31.955560000000048,31.990380000000016
2022-05-26 13:00:00,22.25,86.25,305.16394,303.89868,32.01394000000005,30.748680000000036
2022-05-26 13:00:00,22.25,86.5,304.25525,303.87402,31.105250000000012,30.724019999999996
2022-05-26 13:00:00,22.25,86.75,305.3624,306.73413,32.2124,33.584130000000016
2022-05-26 13:00:00,22.25,87.0,304.6705,305.56754,31.520500000000027,32.41754000000003
2022-05-26 13:00:00,22.25,87.25,304.52084,305.25076,31.370840000000044,32.10076000000004
2022-05-26 13:00:00,22.25,87.5,304.26895,305.60654,31.11895000000004,32.45654000000002
2022-05-26 13:00:00,22.25,87.75,303.7169,306.1253,30.566900000000032,32.975300000000004
2022-05-26 13:00:00,22.25,88.0,303.06937,305.77032,29.919370000000015,32.62032000000005
2022-05-26 13:00:00,22.25,88.25,303.06937,305.77032,29.919370000000015,32.62032000000005
2022-05-26 13:00:00,22.25,88.5,302.40213,305.06863,29.252130000000022,31.918630000000007
2022-05-26 13:00:00,22.25,88.75,301.9482,304.72693,28.79820000000001,31.576930000000004
2022-05-26 13:00:00,22.25,89.0,301.91077,304.5781,28.760770000000036,31.42810000000003
2022-05-26 13:00:00,22.25,89.25,301.8376,304.57666,28.68760000000003,31.426660000000027
2022-05-26 13:00:00,22.25,89.5,301.45755,304.73297,28.30755000000005,31.582970000000046
2022-05-26 13:00:00,22.25,89.75,301.07602,304.5442,27.92602000000005,31.394200000000012
2022-05-26 13:00:00,22.25,90.0,300.5361,303.96512,27.3861,30.815120000000036
2022-05-26 13:00:00,22.0,85.5,304.189,303.3842,31.039000000000044,30.234200000000044
2022-05-26 13:00:00,22.0,85.75,305.0161,303.32965,31.866100000000017,30.179650000000038
2022-05-26 13:00:00,22.0,86.0,305.0161,303.32965,31.866100000000017,30.179650000000038
2022-05-26 13:00:00,22.0,86.25,304.13544,302.56485,30.98544000000004,29.41485
2022-05-26 13:00:00,22.0,86.5,304.2619,304.76,31.11190000000005,31.610000000000014
2022-05-26 13:00:00,22.0,86.75,305.68732,306.54987,32.53732000000002,33.39987000000002
2022-05-26 13:00:00,22.0,87.0,305.41776,306.04697,32.26776000000001,32.89697000000001
2022-05-26 13:00:00,22.0,87.25,304.93256,306.22165,31.782560000000046,33.071650000000034
2022-05-26 13:00:00,22.0,87.5,304.90308,306.55603,31.75308000000001,33.406030000000044
2022-05-26 13:00:00,22.0,87.75,304.28265,305.7143,31.132650000000012,32.5643
2022-05-26 13:00:00,22.0,88.0,303.53314,305.12048,30.383140000000026,31.97048000000001
2022-05-26 13:00:00,22.0,88.25,303.53314,305.12048,30.383140000000026,31.97048000000001
2022-05-26 13:00:00,22.0,88.5,302.70486,304.4899,29.55486000000002,31.3399
2022-05-26 13:00:00,22.0,88.75,302.1095,304.14563,28.959500000000048,30.995630000000006
2022-05-26 13:00:00,22.0,89.0,301.8572,304.34106,28.7072,31.19106000000005
2022-05-26 13:00:00,22.0,89.25,301.60318,304.39056,28.45318000000003,31.240560000000016
2022-05-26 13:00:00,22.0,89.5,301.23547,304.23267,28.085470000000043,31.082670000000007
2022-05-26 13:00:00,22.0,89.75,300.84366,304.27103,27.693660000000023,31.12103000000002
2022-05-26 13:00:00,22.0,90.0,300.61728,304.54578,27.467280000000017,31.395780000000002
2022-05-26 13:00:00,21.75,85.5,304.31067,304.8858,31.16067000000004,31.73580000000004
2022-05-26 13:00:00,21.75,85.75,304.39154,303.6867,31.241540000000043,30.536699999999996
2022-05-26 13:00:00,21.75,86.0,304.39154,303.6867,31.241540000000043,30.536699999999996
2022-05-26 13:00:00,21.75,86.25,303.34033,300.92264,30.190330000000017,27.772640000000024
2022-05-26 13:00:00,21.75,86.5,303.22705,305.76587,30.077050000000042,32.61587000000003
2022-05-26 13:00:00,21.75,86.75,305.46466,306.1841,32.31466,33.034100000000024
2022-05-26 13:00:00,21.75,87.0,305.6357,308.1959,32.48570000000001,35.04590000000002
2022-05-26 13:00:00,21.75,87.25,305.4783,307.74435,32.32830000000001,34.59435000000002
2022-05-26 13:00:00,21.75,87.5,304.7518,306.57068,31.601800000000026,33.420680000000004
2022-05-26 13:00:00,21.75,87.75,303.67526,304.78864,30.525260000000003,31.63864000000001
2022-05-26 13:00:00,21.75,88.0,303.0579,303.95853,29.90790000000004,30.80853000000002
2022-05-26 13:00:00,21.75,88.25,303.0579,303.95853,29.90790000000004,30.80853000000002
2022-05-26 13:00:00,21.75,88.5,302.69385,303.34293,29.54385000000002,30.192930000000047
2022-05-26 13:00:00,21.75,88.75,302.16446,303.09406,29.014460000000042,29.944060000000036
2022-05-26 13:00:00,21.75,89.0,301.91766,303.4236,28.767660000000035,30.273600000000044
2022-05-26 13:00:00,21.75,89.25,301.88083,303.28336,28.730830000000026,30.13336000000004
2022-05-26 13:00:00,21.75,89.5,301.61304,302.78247,28.463040000000035,29.632470000000012
2022-05-26 13:00:00,21.75,89.75,301.48657,302.7267,28.336569999999995,29.576700000000017
2022-05-26 13:00:00,21.75,90.0,301.34216,302.78015,28.19216,29.630150000000015
2022-05-26 13:00:00,21.5,85.5,303.74316,303.7548,30.59316000000001,30.60480000000001
2022-05-26 13:00:00,21.5,85.75,303.97284,304.7773,30.822840000000042,31.627300000000048
2022-05-26 13:00:00,21.5,86.0,303.97284,304.7773,30.822840000000042,31.627300000000048
2022-05-26 13:00:00,21.5,86.25,304.60886,303.20404,31.458860000000016,30.054040000000043
2022-05-26 13:00:00,21.5,86.5,305.02704,306.23062,31.877040000000022,33.08062000000001
2022-05-26 13:00:00,21.5,86.75,305.6826,307.7453,32.5326,34.59530000000001
2022-05-26 13:00:00,21.5,87.0,304.50092,306.5741,31.35092000000003,33.42410000000001
2022-05-26 13:00:00,21.5,87.25,304.0265,305.06906,30.87650000000002,31.91906
2022-05-26 13:00:00,21.5,87.5,303.67065,304.1162,30.520650000000046,30.966200000000015
2022-05-26 13:00:00,21.5,87.75,303.173,303.33496,30.023000000000025,30.184960000000046
2022-05-26 13:00:00,21.5,88.0,302.78516,302.9005,29.63516000000004,29.750500000000045
2022-05-26 13:00:00,21.5,88.25,302.78516,302.9005,29.63516000000004,29.750500000000045
2022-05-26 13:00:00,21.5,88.5,302.50732,302.639,29.357320000000016,29.489000000000033
2022-05-26 13:00:00,21.5,88.75,302.16916,302.4761,29.01916,29.326099999999997
2022-05-26 13:00:00,21.5,89.0,301.78995,302.44113,28.63995,29.29113000000001
2022-05-26 13:00:00,21.5,89.25,301.54517,302.4757,28.395170000000007,29.32570000000004
2022-05-26 13:00:00,21.5,89.5,301.43417,302.55484,28.284170000000017,29.404840000000036
2022-05-26 13:00:00,21.5,89.75,301.30026,302.57068,28.150260000000003,29.420680000000004
2022-05-26 13:00:00,21.5,90.0,301.18314,302.50674,28.033140000000003,29.356740000000002
2022-05-26 13:00:00,21.25,85.5,304.46478,303.80948,31.31478000000004,30.65948000000003
2022-05-26 13:00:00,21.25,85.75,305.3069,305.3593,32.15690000000001,32.20930000000004
2022-05-26 13:00:00,21.25,86.0,305.3069,305.3593,32.15690000000001,32.20930000000004
2022-05-26 13:00:00,21.25,86.25,305.66656,305.16043,32.51656000000003,32.01043000000004
2022-05-26 13:00:00,21.25,86.5,305.4641,305.24893,32.314099999999996,32.098929999999996
2022-05-26 13:00:00,21.25,86.75,304.9426,308.9531,31.79260000000005,35.80310000000003
2022-05-26 13:00:00,21.25,87.0,303.5986,305.59097,30.4486,32.44097000000005
2022-05-26 13:00:00,21.25,87.25,303.34067,303.9412,30.19067000000001,30.791200000000003
2022-05-26 13:00:00,21.25,87.5,303.27863,303.51205,30.128630000000044,30.36205000000001
2022-05-26 13:00:00,21.25,87.75,303.06665,303.13327,29.916650000000004,29.983270000000005
2022-05-26 13:00:00,21.25,88.0,302.80792,302.85535,29.657920000000047,29.70535000000001
2022-05-26 13:00:00,21.25,88.25,302.80792,302.85535,29.657920000000047,29.70535000000001
2022-05-26 13:00:00,21.25,88.5,302.47113,302.63248,29.32113000000004,29.48248000000001
2022-05-26 13:00:00,21.25,88.75,301.9717,302.42,28.82170000000002,29.27000000000004
2022-05-26 13:00:00,21.25,89.0,301.54642,302.33008,28.396420000000035,29.180080000000032
2022-05-26 13:00:00,21.25,89.25,301.30795,302.37875,28.157950000000028,29.228750000000048
2022-05-26 13:00:00,21.25,89.5,301.15463,302.5069,28.00463000000002,29.356899999999996
2022-05-26 13:00:00,21.25,89.75,301.12027,302.60928,27.970270000000028,29.459280000000035
2022-05-26 13:00:00,21.25,90.0,301.08127,302.4593,27.93127000000004,29.309300000000007
2022-05-26 13:00:00,21.0,85.5,305.69788,305.04053,32.54788000000002,31.890530000000012
2022-05-26 13:00:00,21.0,85.75,305.7936,305.21957,32.64360000000005,32.06957
2022-05-26 13:00:00,21.0,86.0,305.7936,305.21957,32.64360000000005,32.06957
2022-05-26 13:00:00,21.0,86.25,305.9212,305.30063,32.77120000000002,32.150630000000035
2022-05-26 13:00:00,21.0,86.5,306.03458,306.24728,32.88458000000003,33.09728000000001
2022-05-26 13:00:00,21.0,86.75,306.01126,308.5707,32.861260000000016,35.42070000000001
2022-05-26 13:00:00,21.0,87.0,303.45023,305.14093,30.30023,31.99093000000005
2022-05-26 13:00:00,21.0,87.25,302.7892,303.2932,29.639200000000017,30.143200000000036
2022-05-26 13:00:00,21.0,87.5,302.9152,302.84695,29.76520000000005,29.696950000000015
2022-05-26 13:00:00,21.0,87.75,302.9445,302.70734,29.794500000000028,29.55734000000001
2022-05-26 13:00:00,21.0,88.0,302.73633,302.6245,29.586330000000032,29.474500000000035
2022-05-26 13:00:00,21.0,88.25,302.73633,302.6245,29.586330000000032,29.474500000000035
2022-05-26 13:00:00,21.0,88.5,302.41,302.52805,29.260000000000048,29.37805000000003
2022-05-26 13:00:00,21.0,88.75,301.99527,302.42972,28.845270000000028,29.279719999999998
2022-05-26 13:00:00,21.0,89.0,301.6026,302.3872,28.452600000000018,29.23720000000003
2022-05-26 13:00:00,21.0,89.25,301.31235,302.39557,28.162350000000004,29.245570000000043
2022-05-26 13:00:00,21.0,89.5,301.14603,302.4295,27.99603000000002,29.27950000000004
2022-05-26 13:00:00,21.0,89.75,301.16107,302.49387,28.011070000000018,29.343870000000038
2022-05-26 13:00:00,21.0,90.0,301.1294,302.50137,27.9794,29.35137000000003
2022-05-26 14:00:00,27.5,85.5,289.81937,293.0531,16.669370000000015,19.903099999999995
2022-05-26 14:00:00,27.5,85.75,288.3652,293.12823,15.215200000000038,19.978229999999996
2022-05-26 14:00:00,27.5,86.0,288.3652,293.12823,15.215200000000038,19.978229999999996
2022-05-26 14:00:00,27.5,86.25,286.32324,290.567,13.173240000000021,17.41700000000003
2022-05-26 14:00:00,27.5,86.5,283.61002,288.94272,10.460020000000043,15.792720000000031
2022-05-26 14:00:00,27.5,86.75,280.48334,286.90683,7.333340000000021,13.756830000000036
2022-05-26 14:00:00,27.5,87.0,278.14423,286.2247,4.994230000000016,13.074700000000007
2022-05-26 14:00:00,27.5,87.25,278.23563,287.68805,5.085630000000037,14.538049999999998
2022-05-26 14:00:00,27.5,87.5,278.46304,287.5613,5.313040000000001,14.41130000000004
2022-05-26 14:00:00,27.5,87.75,277.07092,283.7729,3.9209200000000237,10.622900000000016
2022-05-26 14:00:00,27.5,88.0,275.81696,280.82825,2.6669600000000173,7.678250000000048
2022-05-26 14:00:00,27.5,88.25,275.81696,280.82825,2.6669600000000173,7.678250000000048
2022-05-26 14:00:00,27.5,88.5,276.26535,282.77316,3.115350000000035,9.623160000000041
2022-05-26 14:00:00,27.5,88.75,276.316,283.89893,3.165999999999997,10.74893000000003
2022-05-26 14:00:00,27.5,89.0,274.34076,279.04248,1.1907600000000116,5.892480000000035
2022-05-26 14:00:00,27.5,89.25,274.25778,278.51785,1.107780000000048,5.367850000000033
2022-05-26 14:00:00,27.5,89.5,277.18005,281.62708,4.030050000000017,8.47708
2022-05-26 14:00:00,27.5,89.75,278.17752,283.4243,5.027520000000038,10.27430000000004
2022-05-26 14:00:00,27.5,90.0,279.12967,284.69464,5.979669999999999,11.544640000000015
2022-05-26 14:00:00,27.25,85.5,294.7794,298.2468,21.629400000000032,25.09680000000003
2022-05-26 14:00:00,27.25,85.75,294.30118,299.03595,21.15118000000001,25.885950000000037
2022-05-26 14:00:00,27.25,86.0,294.30118,299.03595,21.15118000000001,25.885950000000037
2022-05-26 14:00:00,27.25,86.25,292.09195,298.08777,18.94195000000002,24.93777
2022-05-26 14:00:00,27.25,86.5,289.84732,295.88254,16.697320000000047,22.73254000000003
2022-05-26 14:00:00,27.25,86.75,288.24527,294.18048,15.095270000000028,21.03048000000001
2022-05-26 14:00:00,27.25,87.0,285.81903,292.22025,12.66903000000002,19.070250000000044
2022-05-26 14:00:00,27.25,87.25,284.33307,291.8012,11.183070000000043,18.651200000000017
2022-05-26 14:00:00,27.25,87.5,284.02603,291.336,10.876030000000014,18.186000000000035
2022-05-26 14:00:00,27.25,87.75,283.4683,288.72296,10.318300000000022,15.572960000000023
2022-05-26 14:00:00,27.25,88.0,283.30563,287.63266,10.15563000000003,14.48266000000001
2022-05-26 14:00:00,27.25,88.25,283.30563,287.63266,10.15563000000003,14.48266000000001
2022-05-26 14:00:00,27.25,88.5,284.6519,290.06674,11.501900000000035,16.916740000000004
2022-05-26 14:00:00,27.25,88.75,285.13168,290.69778,11.98168000000004,17.547780000000046
2022-05-26 14:00:00,27.25,89.0,282.68137,287.48932,9.531370000000038,14.339320000000043
2022-05-26 14:00:00,27.25,89.25,280.91632,285.95078,7.766320000000007,12.800780000000032
2022-05-26 14:00:00,27.25,89.5,280.2163,285.9063,7.0663000000000125,12.75630000000001
2022-05-26 14:00:00,27.25,89.75,280.50153,285.6132,7.351530000000025,12.463200000000029
2022-05-26 14:00:00,27.25,90.0,284.31244,288.72763,11.162440000000004,15.57763
2022-05-26 14:00:00,27.0,85.5,294.7794,298.2468,21.629400000000032,25.09680000000003
2022-05-26 14:00:00,27.0,85.75,294.30118,299.03595,21.15118000000001,25.885950000000037
2022-05-26 14:00:00,27.0,86.0,294.30118,299.03595,21.15118000000001,25.885950000000037
2022-05-26 14:00:00,27.0,86.25,292.09195,298.08777,18.94195000000002,24.93777
2022-05-26 14:00:00,27.0,86.5,289.84732,295.88254,16.697320000000047,22.73254000000003
2022-05-26 14:00:00,27.0,86.75,288.24527,294.18048,15.095270000000028,21.03048000000001
2022-05-26 14:00:00,27.0,87.0,285.81903,292.22025,12.66903000000002,19.070250000000044
2022-05-26 14:00:00,27.0,87.25,284.33307,291.8012,11.183070000000043,18.651200000000017
2022-05-26 14:00:00,27.0,87.5,284.02603,291.336,10.876030000000014,18.186000000000035
2022-05-26 14:00:00,27.0,87.75,283.4683,288.72296,10.318300000000022,15.572960000000023
2022-05-26 14:00:00,27.0,88.0,283.30563,287.63266,10.15563000000003,14.48266000000001
2022-05-26 14:00:00,27.0,88.25,283.30563,287.63266,10.15563000000003,14.48266000000001
2022-05-26 14:00:00,27.0,88.5,284.6519,290.06674,11.501900000000035,16.916740000000004
2022-05-26 14:00:00,27.0,88.75,285.13168,290.69778,11.98168000000004,17.547780000000046
2022-05-26 14:00:00,27.0,89.0,282.68137,287.48932,9.531370000000038,14.339320000000043
2022-05-26 14:00:00,27.0,89.25,280.91632,285.95078,7.766320000000007,12.800780000000032
2022-05-26 14:00:00,27.0,89.5,280.2163,285.9063,7.0663000000000125,12.75630000000001
2022-05-26 14:00:00,27.0,89.75,280.50153,285.6132,7.351530000000025,12.463200000000029
2022-05-26 14:00:00,27.0,90.0,284.31244,288.72763,11.162440000000004,15.57763
2022-05-26 14:00:00,26.75,85.5,296.95468,300.6487,23.80468000000002,27.498700000000042
2022-05-26 14:00:00,26.75,85.75,296.34863,301.00754,23.198630000000037,27.85754000000003
2022-05-26 14:00:00,26.75,86.0,296.34863,301.00754,23.198630000000037,27.85754000000003
2022-05-26 14:00:00,26.75,86.25,296.09244,301.22473,22.942440000000033,28.074730000000045
2022-05-26 14:00:00,26.75,86.5,295.1583,300.32224,22.00830000000002,27.172240000000045
2022-05-26 14:00:00,26.75,86.75,294.18002,299.77692,21.030020000000036,26.62692000000004
2022-05-26 14:00:00,26.75,87.0,292.00366,298.33044,18.853660000000048,25.180440000000033
2022-05-26 14:00:00,26.75,87.25,290.60165,297.0424,17.45165000000003,23.89240000000001
2022-05-26 14:00:00,26.75,87.5,289.9232,295.55182,16.77320000000003,22.401820000000043
2022-05-26 14:00:00,26.75,87.75,289.44174,294.94717,16.291740000000004,21.79717000000005
2022-05-26 14:00:00,26.75,88.0,289.862,295.77426,16.712000000000046,22.62426000000005
2022-05-26 14:00:00,26.75,88.25,289.862,295.77426,16.712000000000046,22.62426000000005
2022-05-26 14:00:00,26.75,88.5,291.4076,297.752,18.257600000000025,24.602000000000032
2022-05-26 14:00:00,26.75,88.75,292.13095,299.69217,18.980950000000007,26.54217
2022-05-26 14:00:00,26.75,89.0,290.411,299.25092,17.261000000000024,26.10092000000003
2022-05-26 14:00:00,26.75,89.25,288.49673,298.0012,15.346730000000036,24.851200000000006
2022-05-26 14:00:00,26.75,89.5,287.6262,295.35568,14.476200000000006,22.20568000000003
2022-05-26 14:00:00,26.75,89.75,287.7042,293.1851,14.554200000000037,20.0351
2022-05-26 14:00:00,26.75,90.0,290.36646,296.98837,17.21646000000004,23.838369999999998
2022-05-26 14:00:00,26.5,85.5,297.43097,300.94907,24.280970000000025,27.79907000000003
2022-05-26 14:00:00,26.5,85.75,296.94232,301.91287,23.792320000000018,28.76287000000002
2022-05-26 14:00:00,26.5,86.0,296.94232,301.91287,23.792320000000018,28.76287000000002
2022-05-26 14:00:00,26.5,86.25,296.91302,301.59207,23.76302000000004,28.44207
2022-05-26 14:00:00,26.5,86.5,296.3115,301.0214,23.161500000000046,27.87140000000005
2022-05-26 14:00:00,26.5,86.75,295.30017,300.61755,22.150170000000003,27.467550000000017
2022-05-26 14:00:00,26.5,87.0,294.9527,300.81073,21.802700000000016,27.66073
2022-05-26 14:00:00,26.5,87.25,295.009,300.54123,21.859000000000037,27.391230000000007
2022-05-26 14:00:00,26.5,87.5,294.30692,299.95462,21.156920000000014,26.80462
2022-05-26 14:00:00,26.5,87.75,294.0332,300.76108,20.883200000000045,27.611080000000015
2022-05-26 14:00:00,26.5,88.0,294.61166,301.71436,21.461659999999995,28.564360000000022
2022-05-26 14:00:00,26.5,88.25,294.61166,301.71436,21.461659999999995,28.564360000000022
2022-05-26 14:00:00,26.5,88.5,295.09143,301.46606,21.941430000000025,28.31606000000005
2022-05-26 14:00:00,26.5,88.75,294.8199,301.29367,21.66990000000004,28.143670000000043
2022-05-26 14:00:00,26.5,89.0,293.38654,300.84137,20.236540000000048,27.691370000000006
2022-05-26 14:00:00,26.5,89.25,292.39548,299.55957,19.245480000000043,26.40957000000003
2022-05-26 14:00:00,26.5,89.5,292.57144,299.21173,19.42144000000002,26.06173000000001
2022-05-26 14:00:00,26.5,89.75,293.05103,298.8215,19.90103000000005,25.671500000000037
2022-05-26 14:00:00,26.5,90.0,293.7357,300.2142,20.58570000000003,27.064200000000028
2022-05-26 14:00:00,26.25,85.5,297.05862,301.4518,23.90862000000004,28.301800000000014
2022-05-26 14:00:00,26.25,85.75,297.2113,301.44357,24.061300000000017,28.293570000000045
2022-05-26 14:00:00,26.25,86.0,297.2113,301.44357,24.061300000000017,28.293570000000045
2022-05-26 14:00:00,26.25,86.25,297.24823,301.97888,24.09823,28.828880000000026
2022-05-26 14:00:00,26.25,86.5,296.94168,301.75742,23.791680000000042,28.607420000000047
2022-05-26 14:00:00,26.25,86.75,296.6901,300.78836,23.540099999999995,27.638360000000034
2022-05-26 14:00:00,26.25,87.0,296.35754,300.93265,23.207539999999995,27.782650000000046
2022-05-26 14:00:00,26.25,87.25,296.2746,301.4122,23.124600000000044,28.262200000000007
2022-05-26 14:00:00,26.25,87.5,296.30087,301.29443,23.150869999999998,28.14443
2022-05-26 14:00:00,26.25,87.75,296.31464,302.0195,23.16464000000002,28.869500000000016
2022-05-26 14:00:00,26.25,88.0,296.42612,302.89798,23.27612000000005,29.74798000000004
2022-05-26 14:00:00,26.25,88.25,296.42612,302.89798,23.27612000000005,29.74798000000004
2022-05-26 14:00:00,26.25,88.5,296.65057,302.6783,23.50057000000004,29.5283
2022-05-26 14:00:00,26.25,88.75,296.5773,302.16336,23.427300000000002,29.013360000000034
2022-05-26 14:00:00,26.25,89.0,295.84222,301.27734,22.69222000000002,28.127340000000004
2022-05-26 14:00:00,26.25,89.25,295.0968,300.52252,21.946799999999996,27.37252000000001
2022-05-26 14:00:00,26.25,89.5,294.69757,300.26776,21.547570000000007,27.117760000000033
2022-05-26 14:00:00,26.25,89.75,294.74277,299.65768,21.59277000000003,26.50768000000005
2022-05-26 14:00:00,26.25,90.0,295.57104,300.28946,22.421040000000005,27.139460000000042
2022-05-26 14:00:00,26.0,85.5,297.01675,302.99405,23.866750000000025,29.84405000000004
2022-05-26 14:00:00,26.0,85.75,296.87854,302.65405,23.72854000000001,29.504050000000007
2022-05-26 14:00:00,26.0,86.0,296.87854,302.65405,23.72854000000001,29.504050000000007
2022-05-26 14:00:00,26.0,86.25,296.90536,302.81857,23.755359999999996,29.668570000000045
2022-05-26 14:00:00,26.0,86.5,296.99805,302.76978,23.84805,29.61978000000005
2022-05-26 14:00:00,26.0,86.75,297.11133,302.12662,23.961330000000032,28.976620000000025
2022-05-26 14:00:00,26.0,87.0,297.08994,301.80844,23.939940000000036,28.65844000000004
2022-05-26 14:00:00,26.0,87.25,297.20984,301.89618,24.05984000000001,28.746180000000038
2022-05-26 14:00:00,26.0,87.5,297.23563,302.22534,24.085630000000037,29.07534000000004
2022-05-26 14:00:00,26.0,87.75,297.09857,302.5472,23.948570000000018,29.397199999999998
2022-05-26 14:00:00,26.0,88.0,296.97614,302.8467,23.82614000000001,29.69670000000002
2022-05-26 14:00:00,26.0,88.25,296.97614,302.8467,23.82614000000001,29.69670000000002
2022-05-26 14:00:00,26.0,88.5,296.7961,302.67316,23.646100000000047,29.52316000000002
2022-05-26 14:00:00,26.0,88.75,296.41818,301.70654,23.26818000000003,28.55654000000004
2022-05-26 14:00:00,26.0,89.0,296.0039,301.03757,22.85390000000001,27.88757000000004
2022-05-26 14:00:00,26.0,89.25,295.67242,301.1194,22.52242000000001,27.969400000000007
2022-05-26 14:00:00,26.0,89.5,295.38617,301.25894,22.236170000000016,28.10894000000002
2022-05-26 14:00:00,26.0,89.75,295.24625,301.723,22.096249999999998,28.573000000000036
2022-05-26 14:00:00,26.0,90.0,295.4944,300.7265,22.344400000000007,27.57650000000001
2022-05-26 14:00:00,25.75,85.5,296.22083,301.39932,23.07083,28.24932000000001
2022-05-26 14:00:00,25.75,85.75,296.12534,301.55423,22.975340000000017,28.40423000000004
2022-05-26 14:00:00,25.75,86.0,296.12534,301.55423,22.975340000000017,28.40423000000004
2022-05-26 14:00:00,25.75,86.25,296.4617,301.4625,23.31170000000003,28.3125
2022-05-26 14:00:00,25.75,86.5,296.6711,301.5708,23.521100000000047,28.420800000000042
2022-05-26 14:00:00,25.75,86.75,297.07858,301.8851,23.92858000000001,28.735100000000045
2022-05-26 14:00:00,25.75,87.0,297.26108,302.2298,24.111080000000015,29.079800000000034
2022-05-26 14:00:00,25.75,87.25,297.395,302.59793,24.245000000000005,29.447930000000042
2022-05-26 14:00:00,25.75,87.5,297.3125,302.83948,24.162500000000023,29.689480000000003
2022-05-26 14:00:00,25.75,87.75,297.01697,302.73486,23.866970000000038,29.58486000000005
2022-05-26 14:00:00,25.75,88.0,296.68982,302.3729,23.53982000000002,29.22290000000004
2022-05-26 14:00:00,25.75,88.25,296.68982,302.3729,23.53982000000002,29.22290000000004
2022-05-26 14:00:00,25.75,88.5,296.392,301.88007,23.24200000000002,28.730070000000012
2022-05-26 14:00:00,25.75,88.75,296.05563,301.33624,22.90563000000003,28.186239999999998
2022-05-26 14:00:00,25.75,89.0,295.6837,301.08575,22.53370000000001,27.93575000000004
2022-05-26 14:00:00,25.75,89.25,295.54202,301.26807,22.392020000000002,28.118070000000046
2022-05-26 14:00:00,25.75,89.5,295.41547,301.85382,22.26547000000005,28.703820000000007
2022-05-26 14:00:00,25.75,89.75,295.46393,302.73782,22.313930000000028,29.587820000000022
2022-05-26 14:00:00,25.75,90.0,295.22363,300.53748,22.073630000000037,27.38748000000004
2022-05-26 14:00:00,25.5,85.5,296.29468,300.90704,23.14468000000005,27.757040000000018
2022-05-26 14:00:00,25.5,85.75,296.32858,301.67755,23.17858000000001,28.52755000000002
2022-05-26 14:00:00,25.5,86.0,296.32858,301.67755,23.17858000000001,28.52755000000002
2022-05-26 14:00:00,25.5,86.25,296.59268,301.24612,23.442679999999996,28.09612000000004
2022-05-26 14:00:00,25.5,86.5,296.87253,301.81558,23.722530000000006,28.665580000000034
2022-05-26 14:00:00,25.5,86.75,297.21423,302.21646,24.06423000000001,29.066460000000006
2022-05-26 14:00:00,25.5,87.0,297.4355,302.94318,24.285500000000013,29.793180000000007
2022-05-26 14:00:00,25.5,87.25,297.47324,303.2159,24.32324,30.0659
2022-05-26 14:00:00,25.5,87.5,297.32776,303.09558,24.177760000000035,29.945580000000007
2022-05-26 14:00:00,25.5,87.75,297.0555,302.71454,23.905500000000018,29.564540000000022
2022-05-26 14:00:00,25.5,88.0,296.96487,302.2735,23.81487000000004,29.123500000000035
2022-05-26 14:00:00,25.5,88.25,296.96487,302.2735,23.81487000000004,29.123500000000035
2022-05-26 14:00:00,25.5,88.5,297.08844,302.03696,23.938440000000014,28.886960000000045
2022-05-26 14:00:00,25.5,88.75,297.05124,301.8113,23.90124000000003,28.66130000000004
2022-05-26 14:00:00,25.5,89.0,296.71204,301.36823,23.562040000000025,28.218230000000005
2022-05-26 14:00:00,25.5,89.25,296.1222,300.9472,22.972200000000043,27.797200000000032
2022-05-26 14:00:00,25.5,89.5,295.82233,301.23892,22.672330000000045,28.08892000000003
2022-05-26 14:00:00,25.5,89.75,296.12906,303.8322,22.979060000000004,30.682200000000023
2022-05-26 14:00:00,25.5,90.0,295.91803,301.12033,22.76803000000001,27.970330000000047
2022-05-26 14:00:00,25.25,85.5,297.06012,301.61084,23.910120000000006,28.46084000000002
2022-05-26 14:00:00,25.25,85.75,296.92758,302.5618,23.77758,29.411800000000028
2022-05-26 14:00:00,25.25,86.0,296.92758,302.5618,23.77758,29.411800000000028
2022-05-26 14:00:00,25.25,86.25,296.9613,301.26437,23.811300000000017,28.114370000000008
2022-05-26 14:00:00,25.25,86.5,297.08585,301.87524,23.935850000000016,28.725240000000042
2022-05-26 14:00:00,25.25,86.75,297.00833,302.96204,23.858330000000024,29.812040000000025
2022-05-26 14:00:00,25.25,87.0,297.1778,303.20935,24.027800000000013,30.059349999999995
2022-05-26 14:00:00,25.25,87.25,297.11105,302.45605,23.96105,29.306050000000027
2022-05-26 14:00:00,25.25,87.5,296.98328,302.3883,23.833280000000002,29.238300000000038
2022-05-26 14:00:00,25.25,87.75,297.236,302.96857,24.086000000000013,29.818570000000022
2022-05-26 14:00:00,25.25,88.0,297.5455,303.5338,24.395500000000027,30.383800000000008
2022-05-26 14:00:00,25.25,88.25,297.5455,303.5338,24.395500000000027,30.383800000000008
2022-05-26 14:00:00,25.25,88.5,297.55804,303.56924,24.408040000000028,30.419240000000002
2022-05-26 14:00:00,25.25,88.75,297.36212,302.8715,24.212120000000027,29.72150000000005
2022-05-26 14:00:00,25.25,89.0,296.93958,302.3976,23.78958,29.247600000000034
2022-05-26 14:00:00,25.25,89.25,296.54318,302.04724,23.39318000000003,28.89724000000001
2022-05-26 14:00:00,25.25,89.5,296.11383,301.78607,22.96383000000003,28.636070000000018
2022-05-26 14:00:00,25.25,89.75,296.40375,302.0175,23.253750000000025,28.867500000000007
2022-05-26 14:00:00,25.25,90.0,296.37976,301.9498,23.22976,28.799800000000005
2022-05-26 14:00:00,25.0,85.5,296.98236,301.562,23.83236000000005,28.412000000000035
2022-05-26 14:00:00,25.0,85.75,297.1169,301.28928,23.96690000000001,28.139280000000042
2022-05-26 14:00:00,25.0,86.0,297.1169,301.28928,23.96690000000001,28.139280000000042
2022-05-26 14:00:00,25.0,86.25,297.13504,301.1425,23.985040000000026,27.992500000000007
2022-05-26 14:00:00,25.0,86.5,296.39432,302.20102,23.244320000000016,29.05102000000005
2022-05-26 14:00:00,25.0,86.75,295.85065,301.04053,22.700649999999996,27.890530000000012
2022-05-26 14:00:00,25.0,87.0,296.28265,300.70178,23.132650000000012,27.551780000000008
2022-05-26 14:00:00,25.0,87.25,296.79324,301.45203,23.64324000000005,28.302030000000002
2022-05-26 14:00:00,25.0,87.5,296.835,301.57724,23.685000000000002,28.42724000000004
2022-05-26 14:00:00,25.0,87.75,297.32053,302.1897,24.170530000000042,29.03970000000004
2022-05-26 14:00:00,25.0,88.0,297.97842,303.21643,24.82842000000005,30.066430000000025
2022-05-26 14:00:00,25.0,88.25,297.97842,303.21643,24.82842000000005,30.066430000000025
2022-05-26 14:00:00,25.0,88.5,298.2353,303.3406,25.085300000000018,30.190600000000018
2022-05-26 14:00:00,25.0,88.75,298.01257,303.36273,24.862570000000005,30.212730000000022
2022-05-26 14:00:00,25.0,89.0,296.88773,303.415,23.73773,30.265000000000043
2022-05-26 14:00:00,25.0,89.25,296.5893,302.17868,23.439300000000003,29.02868000000001
2022-05-26 14:00:00,25.0,89.5,296.5452,302.53796,23.395200000000045,29.38796000000002
2022-05-26 14:00:00,25.0,89.75,296.9651,303.05307,23.81510000000003,29.903070000000014
2022-05-26 14:00:00,25.0,90.0,297.18863,302.44696,24.038630000000012,29.296960000000013
2022-05-26 14:00:00,24.75,85.5,296.98236,301.562,23.83236000000005,28.412000000000035
2022-05-26 14:00:00,24.75,85.75,297.1169,301.28928,23.96690000000001,28.139280000000042
2022-05-26 14:00:00,24.75,86.0,297.1169,301.28928,23.96690000000001,28.139280000000042
2022-05-26 14:00:00,24.75,86.25,297.13504,301.1425,23.985040000000026,27.992500000000007
2022-05-26 14:00:00,24.75,86.5,296.39432,302.20102,23.244320000000016,29.05102000000005
2022-05-26 14:00:00,24.75,86.75,295.85065,301.04053,22.700649999999996,27.890530000000012
2022-05-26 14:00:00,24.75,87.0,296.28265,300.70178,23.132650000000012,27.551780000000008
2022-05-26 14:00:00,24.75,87.25,296.79324,301.45203,23.64324000000005,28.302030000000002
2022-05-26 14:00:00,24.75,87.5,296.835,301.57724,23.685000000000002,28.42724000000004
2022-05-26 14:00:00,24.75,87.75,297.32053,302.1897,24.170530000000042,29.03970000000004
2022-05-26 14:00:00,24.75,88.0,297.97842,303.21643,24.82842000000005,30.066430000000025
2022-05-26 14:00:00,24.75,88.25,297.97842,303.21643,24.82842000000005,30.066430000000025
2022-05-26 14:00:00,24.75,88.5,298.2353,303.3406,25.085300000000018,30.190600000000018
2022-05-26 14:00:00,24.75,88.75,298.01257,303.36273,24.862570000000005,30.212730000000022
2022-05-26 14:00:00,24.75,89.0,296.88773,303.415,23.73773,30.265000000000043
2022-05-26 14:00:00,24.75,89.25,296.5893,302.17868,23.439300000000003,29.02868000000001
2022-05-26 14:00:00,24.75,89.5,296.5452,302.53796,23.395200000000045,29.38796000000002
2022-05-26 14:00:00,24.75,89.75,296.9651,303.05307,23.81510000000003,29.903070000000014
2022-05-26 14:00:00,24.75,90.0,297.18863,302.44696,24.038630000000012,29.296960000000013
2022-05-26 14:00:00,24.5,85.5,296.5813,300.967,23.43130000000002,27.817000000000007
2022-05-26 14:00:00,24.5,85.75,297.62122,301.52585,24.471220000000017,28.375850000000014
2022-05-26 14:00:00,24.5,86.0,297.62122,301.52585,24.471220000000017,28.375850000000014
2022-05-26 14:00:00,24.5,86.25,296.3075,301.1716,23.157500000000027,28.021600000000035
2022-05-26 14:00:00,24.5,86.5,295.77625,300.58688,22.626250000000027,27.43688000000003
2022-05-26 14:00:00,24.5,86.75,295.32025,299.6443,22.17025000000001,26.49430000000001
2022-05-26 14:00:00,24.5,87.0,294.95572,299.37723,21.805720000000008,26.22723000000002
2022-05-26 14:00:00,24.5,87.25,294.96442,299.69943,21.81442000000004,26.54943000000003
2022-05-26 14:00:00,24.5,87.5,295.71115,300.30347,22.561149999999998,27.153470000000027
2022-05-26 14:00:00,24.5,87.75,296.89224,301.51422,23.742240000000038,28.364220000000046
2022-05-26 14:00:00,24.5,88.0,297.9191,302.88022,24.769100000000037,29.73022000000003
2022-05-26 14:00:00,24.5,88.25,297.9191,302.88022,24.769100000000037,29.73022000000003
2022-05-26 14:00:00,24.5,88.5,298.15323,303.0495,25.00323000000003,29.899500000000046
2022-05-26 14:00:00,24.5,88.75,297.57013,302.39575,24.42013000000003,29.245750000000044
2022-05-26 14:00:00,24.5,89.0,297.06964,302.51633,23.919640000000015,29.366330000000005
2022-05-26 14:00:00,24.5,89.25,296.72952,302.30734,23.579520000000002,29.157340000000033
2022-05-26 14:00:00,24.5,89.5,296.78964,302.3701,23.639640000000043,29.220100000000002
2022-05-26 14:00:00,24.5,89.75,297.26096,303.1269,24.110960000000034,29.9769
2022-05-26 14:00:00,24.5,90.0,297.50616,301.61023,24.356160000000045,28.460230000000024
2022-05-26 14:00:00,24.25,85.5,295.1741,299.44586,22.024100000000033,26.295860000000005
2022-05-26 14:00:00,24.25,85.75,296.24725,300.16028,23.09725000000003,27.010280000000023
2022-05-26 14:00:00,24.25,86.0,296.24725,300.16028,23.09725000000003,27.010280000000023
2022-05-26 14:00:00,24.25,86.25,296.46167,300.55725,23.31167000000005,27.407250000000033
2022-05-26 14:00:00,24.25,86.5,295.89096,300.25253,22.74096000000003,27.10253
2022-05-26 14:00:00,24.25,86.75,295.27808,299.97595,22.12808000000001,26.825950000000034
2022-05-26 14:00:00,24.25,87.0,294.89032,300.0853,21.740319999999997,26.93530000000004
2022-05-26 14:00:00,24.25,87.25,294.9772,300.60782,21.827200000000005,27.457820000000027
2022-05-26 14:00:00,24.25,87.5,295.85776,301.22818,22.707760000000007,28.07818000000003
2022-05-26 14:00:00,24.25,87.75,297.17258,302.02942,24.022580000000005,28.87942000000004
2022-05-26 14:00:00,24.25,88.0,297.96747,302.767,24.817470000000014,29.61700000000002
2022-05-26 14:00:00,24.25,88.25,297.96747,302.767,24.817470000000014,29.61700000000002
2022-05-26 14:00:00,24.25,88.5,297.96884,303.02386,24.818840000000023,29.873860000000036
2022-05-26 14:00:00,24.25,88.75,297.62302,303.02805,24.47302000000002,29.87805000000003
2022-05-26 14:00:00,24.25,89.0,297.16394,302.9849,24.013940000000048,29.834900000000005
2022-05-26 14:00:00,24.25,89.25,297.009,302.6071,23.859000000000037,29.457100000000025
2022-05-26 14:00:00,24.25,89.5,297.052,302.48752,23.902000000000044,29.33752000000004
2022-05-26 14:00:00,24.25,89.75,297.45386,303.00317,24.303860000000043,29.853170000000034
2022-05-26 14:00:00,24.25,90.0,297.8197,301.2467,24.669700000000034,28.0967
2022-05-26 14:00:00,24.0,85.5,293.93112,298.01462,20.781120000000044,24.864620000000002
2022-05-26 14:00:00,24.0,85.75,295.52832,300.46768,22.37832000000003,27.317679999999996
2022-05-26 14:00:00,24.0,86.0,295.52832,300.46768,22.37832000000003,27.317679999999996
2022-05-26 14:00:00,24.0,86.25,296.01224,301.274,22.862240000000043,28.124000000000024
2022-05-26 14:00:00,24.0,86.5,296.06,301.80197,22.910000000000025,28.651970000000006
2022-05-26 14:00:00,24.0,86.75,295.6514,300.9298,22.501400000000046,27.779800000000023
2022-05-26 14:00:00,24.0,87.0,295.2127,300.57648,22.062700000000007,27.426480000000026
2022-05-26 14:00:00,24.0,87.25,295.235,301.35672,22.085000000000036,28.20672000000002
2022-05-26 14:00:00,24.0,87.5,295.784,302.01328,22.634000000000015,28.86328000000003
2022-05-26 14:00:00,24.0,87.75,297.0829,302.76294,23.932900000000018,29.612940000000037
2022-05-26 14:00:00,24.0,88.0,297.84998,302.9675,24.69998000000004,29.817499999999995
2022-05-26 14:00:00,24.0,88.25,297.84998,302.9675,24.69998000000004,29.817499999999995
2022-05-26 14:00:00,24.0,88.5,297.66406,302.48373,24.51406000000003,29.333730000000003
2022-05-26 14:00:00,24.0,88.75,297.73233,302.74936,24.582330000000013,29.599360000000047
2022-05-26 14:00:00,24.0,89.0,297.62244,303.09985,24.472440000000006,29.949850000000026
2022-05-26 14:00:00,24.0,89.25,297.3328,302.80502,24.182800000000043,29.655020000000036
2022-05-26 14:00:00,24.0,89.5,297.36755,302.76895,24.217550000000017,29.61895000000004
2022-05-26 14:00:00,24.0,89.75,297.70715,302.31213,24.557150000000036,29.162130000000047
2022-05-26 14:00:00,24.0,90.0,297.8783,301.23508,24.728300000000047,28.085080000000005
2022-05-26 14:00:00,23.75,85.5,295.445,299.3544,22.295000000000016,26.20440000000002
2022-05-26 14:00:00,23.75,85.75,296.18787,300.5723,23.037869999999998,27.422300000000007
2022-05-26 14:00:00,23.75,86.0,296.18787,300.5723,23.037869999999998,27.422300000000007
2022-05-26 14:00:00,23.75,86.25,296.67358,301.14825,23.523580000000038,27.99825000000004
2022-05-26 14:00:00,23.75,86.5,296.5999,301.51346,23.449900000000014,28.363460000000032
2022-05-26 14:00:00,23.75,86.75,296.1821,301.4747,23.032100000000014,28.324700000000007
2022-05-26 14:00:00,23.75,87.0,296.2674,301.31317,23.117400000000032,28.163170000000036
2022-05-26 14:00:00,23.75,87.25,295.96396,301.63443,22.81396000000001,28.48443000000003
2022-05-26 14:00:00,23.75,87.5,296.35916,302.28604,23.209159999999997,29.136040000000037
2022-05-26 14:00:00,23.75,87.75,296.797,302.49353,23.647000000000048,29.343530000000044
2022-05-26 14:00:00,23.75,88.0,297.37814,302.6644,24.228139999999996,29.514400000000023
2022-05-26 14:00:00,23.75,88.25,297.37814,302.6644,24.228139999999996,29.514400000000023
2022-05-26 14:00:00,23.75,88.5,298.21915,303.17685,25.069150000000036,30.026850000000024
2022-05-26 14:00:00,23.75,88.75,298.19278,302.86902,25.04278000000005,29.71902
2022-05-26 14:00:00,23.75,89.0,298.0122,301.74756,24.86220000000003,28.597560000000044
2022-05-26 14:00:00,23.75,89.25,297.86203,301.98422,24.712030000000027,28.834220000000016
2022-05-26 14:00:00,23.75,89.5,297.76987,302.26474,24.61987000000005,29.11474000000004
2022-05-26 14:00:00,23.75,89.75,297.59796,301.7018,24.447960000000023,28.551800000000014
2022-05-26 14:00:00,23.75,90.0,298.30518,302.03195,25.15518000000003,28.881950000000018
2022-05-26 14:00:00,23.5,85.5,294.60632,298.64246,21.456320000000005,25.49246000000005
2022-05-26 14:00:00,23.5,85.75,295.91968,300.5784,22.76968000000005,27.42840000000001
2022-05-26 14:00:00,23.5,86.0,295.91968,300.5784,22.76968000000005,27.42840000000001
2022-05-26 14:00:00,23.5,86.25,296.16904,300.56488,23.019040000000018,27.41488000000004
2022-05-26 14:00:00,23.5,86.5,296.32196,300.72327,23.171960000000013,27.573270000000036
2022-05-26 14:00:00,23.5,86.75,296.5014,300.8532,23.351400000000012,27.703200000000038
2022-05-26 14:00:00,23.5,87.0,296.39764,301.47336,23.247640000000047,28.323360000000037
2022-05-26 14:00:00,23.5,87.25,296.3523,301.8254,23.202300000000037,28.675400000000025
2022-05-26 14:00:00,23.5,87.5,296.8728,302.14313,23.722800000000007,28.993130000000008
2022-05-26 14:00:00,23.5,87.75,297.6878,302.6723,24.537800000000004,29.52230000000003
2022-05-26 14:00:00,23.5,88.0,298.05106,303.10797,24.90106000000003,29.957970000000046
2022-05-26 14:00:00,23.5,88.25,298.05106,303.10797,24.90106000000003,29.957970000000046
2022-05-26 14:00:00,23.5,88.5,298.03357,302.79868,24.88357000000002,29.648680000000013
2022-05-26 14:00:00,23.5,88.75,298.00845,301.54596,24.858450000000005,28.395960000000002
2022-05-26 14:00:00,23.5,89.0,297.76907,300.53503,24.619070000000022,27.38503000000003
2022-05-26 14:00:00,23.5,89.25,297.7956,300.93472,24.6456,27.78472000000005
2022-05-26 14:00:00,23.5,89.5,297.5613,301.7367,24.41130000000004,28.586700000000008
2022-05-26 14:00:00,23.5,89.75,297.56342,301.663,24.41342000000003,28.513000000000034
2022-05-26 14:00:00,23.5,90.0,298.05386,301.66342,24.90386000000001,28.513419999999996
2022-05-26 14:00:00,23.25,85.5,294.7151,300.5419,21.56510000000003,27.39190000000002
2022-05-26 14:00:00,23.25,85.75,294.89865,299.64954,21.748649999999998,26.499540000000025
2022-05-26 14:00:00,23.25,86.0,294.89865,299.64954,21.748649999999998,26.499540000000025
2022-05-26 14:00:00,23.25,86.25,296.1349,301.46967,22.98490000000004,28.31967000000003
2022-05-26 14:00:00,23.25,86.5,296.1327,301.20972,22.982700000000023,28.059720000000027
2022-05-26 14:00:00,23.25,86.75,296.3834,300.08185,23.233400000000017,26.931849999999997
2022-05-26 14:00:00,23.25,87.0,296.3222,300.56708,23.172200000000032,27.41708
2022-05-26 14:00:00,23.25,87.25,296.59268,301.6325,23.442679999999996,28.482500000000016
2022-05-26 14:00:00,23.25,87.5,297.0052,301.62906,23.855200000000025,28.479060000000004
2022-05-26 14:00:00,23.25,87.75,297.7272,301.895,24.577200000000005,28.745000000000005
2022-05-26 14:00:00,23.25,88.0,297.99194,303.07916,24.841940000000022,29.929160000000024
2022-05-26 14:00:00,23.25,88.25,297.99194,303.07916,24.841940000000022,29.929160000000024
2022-05-26 14:00:00,23.25,88.5,297.572,303.5601,24.422000000000025,30.4101
2022-05-26 14:00:00,23.25,88.75,297.5434,303.14896,24.393400000000042,29.99896000000001
2022-05-26 14:00:00,23.25,89.0,297.77762,303.25803,24.627620000000036,30.108030000000042
2022-05-26 14:00:00,23.25,89.25,298.1862,303.24368,25.036200000000008,30.093680000000006
2022-05-26 14:00:00,23.25,89.5,297.99246,303.31534,24.842460000000017,30.165340000000015
2022-05-26 14:00:00,23.25,89.75,298.22568,302.73383,25.075680000000034,29.583830000000034
2022-05-26 14:00:00,23.25,90.0,297.83084,301.61874,24.680840000000046,28.468740000000025
2022-05-26 14:00:00,23.0,85.5,295.28302,300.23572,22.133020000000045,27.085720000000038
2022-05-26 14:00:00,23.0,85.75,295.68033,301.09567,22.53033000000005,27.945670000000007
2022-05-26 14:00:00,23.0,86.0,295.68033,301.09567,22.53033000000005,27.945670000000007
2022-05-26 14:00:00,23.0,86.25,296.23703,302.39355,23.087030000000027,29.243550000000027
2022-05-26 14:00:00,23.0,86.5,297.22614,302.32364,24.07614000000001,29.173640000000034
2022-05-26 14:00:00,23.0,86.75,297.89795,301.71606,24.747950000000003,28.56606000000005
2022-05-26 14:00:00,23.0,87.0,297.17337,300.85306,24.02337,27.70306000000005
2022-05-26 14:00:00,23.0,87.25,296.99774,300.6671,23.847740000000044,27.517100000000028
2022-05-26 14:00:00,23.0,87.5,297.6434,300.96396,24.49340000000001,27.81396000000001
2022-05-26 14:00:00,23.0,87.75,298.08197,302.4153,24.931970000000035,29.265300000000025
2022-05-26 14:00:00,23.0,88.0,298.0417,303.76657,24.891700000000014,30.616570000000024
2022-05-26 14:00:00,23.0,88.25,298.0417,303.76657,24.891700000000014,30.616570000000024
2022-05-26 14:00:00,23.0,88.5,298.00754,303.80865,24.85754000000003,30.658650000000023
2022-05-26 14:00:00,23.0,88.75,298.24478,303.93674,25.094780000000014,30.78674000000001
2022-05-26 14:00:00,23.0,89.0,298.61606,304.43033,25.466060000000027,31.28033000000005
2022-05-26 14:00:00,23.0,89.25,298.95837,304.5399,25.808370000000025,31.38990000000001
2022-05-26 14:00:00,23.0,89.5,298.98132,304.58624,25.831320000000005,31.436239999999998
2022-05-26 14:00:00,23.0,89.75,298.35342,303.324,25.20342000000005,30.174000000000035
2022-05-26 14:00:00,23.0,90.0,297.78186,302.05396,24.631860000000017,28.90396000000004
2022-05-26 14:00:00,22.75,85.5,295.17194,301.22928,22.02194000000003,28.07928000000004
2022-05-26 14:00:00,22.75,85.75,295.46225,301.89767,22.312250000000006,28.747670000000028
2022-05-26 14:00:00,22.75,86.0,295.46225,301.89767,22.312250000000006,28.747670000000028
2022-05-26 14:00:00,22.75,86.25,296.61353,302.67358,23.46353000000005,29.523580000000038
2022-05-26 14:00:00,22.75,86.5,297.90445,302.77948,24.75445000000002,29.62948
2022-05-26 14:00:00,22.75,86.75,299.39236,303.08365,26.24236000000002,29.93365
2022-05-26 14:00:00,22.75,87.0,299.2816,302.72806,26.13160000000005,29.57806000000005
2022-05-26 14:00:00,22.75,87.25,298.93814,302.83228,25.78814,29.68228000000005
2022-05-26 14:00:00,22.75,87.5,298.61447,304.01434,25.464470000000006,30.864340000000027
2022-05-26 14:00:00,22.75,87.75,298.38565,304.18112,25.23565000000002,31.031120000000044
2022-05-26 14:00:00,22.75,88.0,298.32397,304.14587,25.173969999999997,30.995870000000025
2022-05-26 14:00:00,22.75,88.25,298.32397,304.14587,25.173969999999997,30.995870000000025
2022-05-26 14:00:00,22.75,88.5,298.37717,304.3971,25.22717,31.247100000000046
2022-05-26 14:00:00,22.75,88.75,298.6368,304.67007,25.486800000000017,31.520070000000032
2022-05-26 14:00:00,22.75,89.0,299.0366,304.89594,25.886600000000044,31.74594000000002
2022-05-26 14:00:00,22.75,89.25,299.17963,304.9898,26.029629999999997,31.839800000000025
2022-05-26 14:00:00,22.75,89.5,298.87225,304.45352,25.72225000000003,31.30352000000005
2022-05-26 14:00:00,22.75,89.75,298.27158,303.2304,25.121579999999994,30.080399999999997
2022-05-26 14:00:00,22.75,90.0,297.61874,302.38596,24.468740000000025,29.235960000000034
2022-05-26 14:00:00,22.5,85.5,295.17194,301.22928,22.02194000000003,28.07928000000004
2022-05-26 14:00:00,22.5,85.75,295.46225,301.89767,22.312250000000006,28.747670000000028
2022-05-26 14:00:00,22.5,86.0,295.46225,301.89767,22.312250000000006,28.747670000000028
2022-05-26 14:00:00,22.5,86.25,296.61353,302.67358,23.46353000000005,29.523580000000038
2022-05-26 14:00:00,22.5,86.5,297.90445,302.77948,24.75445000000002,29.62948
2022-05-26 14:00:00,22.5,86.75,299.39236,303.08365,26.24236000000002,29.93365
2022-05-26 14:00:00,22.5,87.0,299.2816,302.72806,26.13160000000005,29.57806000000005
2022-05-26 14:00:00,22.5,87.25,298.93814,302.83228,25.78814,29.68228000000005
2022-05-26 14:00:00,22.5,87.5,298.61447,304.01434,25.464470000000006,30.864340000000027
2022-05-26 14:00:00,22.5,87.75,298.38565,304.18112,25.23565000000002,31.031120000000044
2022-05-26 14:00:00,22.5,88.0,298.32397,304.14587,25.173969999999997,30.995870000000025
2022-05-26 14:00:00,22.5,88.25,298.32397,304.14587,25.173969999999997,30.995870000000025
2022-05-26 14:00:00,22.5,88.5,298.37717,304.3971,25.22717,31.247100000000046
2022-05-26 14:00:00,22.5,88.75,298.6368,304.67007,25.486800000000017,31.520070000000032
2022-05-26 14:00:00,22.5,89.0,299.0366,304.89594,25.886600000000044,31.74594000000002
2022-05-26 14:00:00,22.5,89.25,299.17963,304.9898,26.029629999999997,31.839800000000025
2022-05-26 14:00:00,22.5,89.5,298.87225,304.45352,25.72225000000003,31.30352000000005
2022-05-26 14:00:00,22.5,89.75,298.27158,303.2304,25.121579999999994,30.080399999999997
2022-05-26 14:00:00,22.5,90.0,297.61874,302.38596,24.468740000000025,29.235960000000034
2022-05-26 14:00:00,22.25,85.5,295.60654,301.0057,22.456540000000018,27.855700000000013
2022-05-26 14:00:00,22.25,85.75,296.1388,301.171,22.988800000000026,28.021000000000015
2022-05-26 14:00:00,22.25,86.0,296.1388,301.171,22.988800000000026,28.021000000000015
2022-05-26 14:00:00,22.25,86.25,297.0711,302.7836,23.921100000000024,29.6336
2022-05-26 14:00:00,22.25,86.5,297.17813,303.66083,24.028130000000033,30.51083
2022-05-26 14:00:00,22.25,86.75,298.68835,303.65866,25.538350000000037,30.50866000000002
2022-05-26 14:00:00,22.25,87.0,298.8115,303.54605,25.661500000000046,30.396050000000002
2022-05-26 14:00:00,22.25,87.25,298.92313,303.61774,25.773130000000037,30.46774000000005
2022-05-26 14:00:00,22.25,87.5,298.81033,303.89856,25.660330000000044,30.748559999999998
2022-05-26 14:00:00,22.25,87.75,298.85193,304.97748,25.701930000000004,31.827480000000037
2022-05-26 14:00:00,22.25,88.0,298.87018,304.90042,25.720180000000028,31.75042000000002
2022-05-26 14:00:00,22.25,88.25,298.87018,304.90042,25.720180000000028,31.75042000000002
2022-05-26 14:00:00,22.25,88.5,298.7653,304.1827,25.615300000000047,31.032700000000034
2022-05-26 14:00:00,22.25,88.75,298.64706,303.74637,25.497060000000033,30.596370000000036
2022-05-26 14:00:00,22.25,89.0,298.64847,303.47653,25.498469999999998,30.326530000000048
2022-05-26 14:00:00,22.25,89.25,298.44666,303.4744,25.29666000000003,30.324400000000026
2022-05-26 14:00:00,22.25,89.5,297.8859,303.59933,24.735900000000015,30.44933000000003
2022-05-26 14:00:00,22.25,89.75,297.45898,303.31592,24.30898000000002,30.16592000000003
2022-05-26 14:00:00,22.25,90.0,297.26498,302.8365,24.114980000000003,29.686500000000024
2022-05-26 14:00:00,22.0,85.5,294.53836,301.37793,21.388360000000034,28.227930000000015
2022-05-26 14:00:00,22.0,85.75,295.77124,301.38162,22.62124,28.23162000000002
2022-05-26 14:00:00,22.0,86.0,295.77124,301.38162,22.62124,28.23162000000002
2022-05-26 14:00:00,22.0,86.25,296.5103,301.29633,23.360299999999995,28.146330000000034
2022-05-26 14:00:00,22.0,86.5,296.81458,302.55737,23.66458,29.407370000000014
2022-05-26 14:00:00,22.0,86.75,298.6842,304.03793,25.5342,30.88793000000004
2022-05-26 14:00:00,22.0,87.0,298.93472,304.48456,25.78472000000005,31.33456000000001
2022-05-26 14:00:00,22.0,87.25,298.78406,304.37823,25.634060000000034,31.228229999999996
2022-05-26 14:00:00,22.0,87.5,299.3019,304.95816,26.151900000000012,31.808160000000044
2022-05-26 14:00:00,22.0,87.75,299.3604,304.81442,26.21040000000005,31.664420000000007
2022-05-26 14:00:00,22.0,88.0,299.12323,304.38995,25.97323,31.23995000000002
2022-05-26 14:00:00,22.0,88.25,299.12323,304.38995,25.97323,31.23995000000002
2022-05-26 14:00:00,22.0,88.5,298.73068,303.6001,25.58068000000003,30.45010000000002
2022-05-26 14:00:00,22.0,88.75,298.32925,303.12756,25.179250000000025,29.97756000000004
2022-05-26 14:00:00,22.0,89.0,297.98398,303.07947,24.833979999999997,29.929470000000038
2022-05-26 14:00:00,22.0,89.25,297.67334,302.9531,24.52334000000002,29.80310000000003
2022-05-26 14:00:00,22.0,89.5,297.40994,302.95,24.25994000000003,29.80000000000001
2022-05-26 14:00:00,22.0,89.75,297.21164,303.1386,24.06164000000001,29.98860000000002
2022-05-26 14:00:00,22.0,90.0,297.42172,303.57935,24.271720000000016,30.42935
2022-05-26 14:00:00,21.75,85.5,294.8727,301.70422,21.72270000000003,28.554220000000043
2022-05-26 14:00:00,21.75,85.75,295.73523,302.04877,22.585230000000024,28.898770000000013
2022-05-26 14:00:00,21.75,86.0,295.73523,302.04877,22.585230000000024,28.898770000000013
2022-05-26 14:00:00,21.75,86.25,295.88757,298.5351,22.737570000000005,25.385100000000023
2022-05-26 14:00:00,21.75,86.5,295.87936,302.2667,22.729360000000042,29.116700000000037
2022-05-26 14:00:00,21.75,86.75,298.03296,303.9838,24.882960000000026,30.833799999999997
2022-05-26 14:00:00,21.75,87.0,298.6286,306.2212,25.47860000000003,33.07120000000003
2022-05-26 14:00:00,21.75,87.25,299.0913,305.99713,25.941300000000012,32.84713000000005
2022-05-26 14:00:00,21.75,87.5,299.2089,305.26068,26.05890000000005,32.11068
2022-05-26 14:00:00,21.75,87.75,299.24814,304.05997,26.09814,30.909970000000044
2022-05-26 14:00:00,21.75,88.0,298.8769,303.4303,25.7269,30.28030000000001
2022-05-26 14:00:00,21.75,88.25,298.8769,303.4303,25.7269,30.28030000000001
2022-05-26 14:00:00,21.75,88.5,298.8155,302.7802,25.66550000000001,29.630200000000002
2022-05-26 14:00:00,21.75,88.75,298.50436,302.38144,25.354360000000042,29.23144000000002
2022-05-26 14:00:00,21.75,89.0,298.0311,302.4328,24.881100000000004,29.28280000000001
2022-05-26 14:00:00,21.75,89.25,298.22675,302.28595,25.076750000000004,29.135950000000037
2022-05-26 14:00:00,21.75,89.5,298.51712,302.07364,25.36712,28.923640000000034
2022-05-26 14:00:00,21.75,89.75,298.5254,302.11877,25.375400000000013,28.968770000000006
2022-05-26 14:00:00,21.75,90.0,298.7343,302.30762,25.58430000000004,29.15762000000001
2022-05-26 14:00:00,21.5,85.5,295.88644,300.96667,22.736440000000016,27.816670000000045
2022-05-26 14:00:00,21.5,85.75,296.01434,302.8442,22.864340000000027,29.694200000000023
2022-05-26 14:00:00,21.5,86.0,296.01434,302.8442,22.864340000000027,29.694200000000023
2022-05-26 14:00:00,21.5,86.25,296.95847,300.72806,23.80847,27.57806000000005
2022-05-26 14:00:00,21.5,86.5,296.8631,303.1353,23.713099999999997,29.985299999999995
2022-05-26 14:00:00,21.5,86.75,297.75662,305.21246,24.60662000000002,32.062460000000044
2022-05-26 14:00:00,21.5,87.0,298.49677,305.69952,25.34677000000005,32.54952000000003
2022-05-26 14:00:00,21.5,87.25,298.93344,304.50647,25.78344000000004,31.35647
2022-05-26 14:00:00,21.5,87.5,299.14163,303.51294,25.991630000000043,30.362940000000037
2022-05-26 14:00:00,21.5,87.75,299.02032,302.81894,25.87032000000005,29.66894000000002
2022-05-26 14:00:00,21.5,88.0,298.7903,302.39438,25.640300000000025,29.244380000000035
2022-05-26 14:00:00,21.5,88.25,298.7903,302.39438,25.640300000000025,29.244380000000035
2022-05-26 14:00:00,21.5,88.5,298.6289,302.1113,25.47890000000001,28.96130000000005
2022-05-26 14:00:00,21.5,88.75,298.6184,301.9401,25.46840000000003,28.790099999999995
2022-05-26 14:00:00,21.5,89.0,298.72754,301.9077,25.57754,28.7577
2022-05-26 14:00:00,21.5,89.25,298.82364,301.96976,25.673640000000034,28.81976000000003
2022-05-26 14:00:00,21.5,89.5,298.789,302.06226,25.63900000000001,28.912260000000003
2022-05-26 14:00:00,21.5,89.75,298.66107,302.102,25.511070000000018,28.951999999999998
2022-05-26 14:00:00,21.5,90.0,298.74033,302.1157,25.590329999999994,28.965700000000027
2022-05-26 14:00:00,21.25,85.5,297.00952,301.3048,23.859520000000032,28.154800000000023
2022-05-26 14:00:00,21.25,85.75,297.66013,303.12503,24.510130000000004,29.975030000000004
2022-05-26 14:00:00,21.25,86.0,297.66013,303.12503,24.510130000000004,29.975030000000004
2022-05-26 14:00:00,21.25,86.25,298.2655,302.56842,25.115499999999997,29.418420000000026
2022-05-26 14:00:00,21.25,86.5,297.99762,302.80576,24.847620000000006,29.655760000000043
2022-05-26 14:00:00,21.25,86.75,298.25024,306.37943,25.100240000000042,33.229430000000036
2022-05-26 14:00:00,21.25,87.0,298.14453,304.18875,24.994529999999997,31.03875000000005
2022-05-26 14:00:00,21.25,87.25,298.4955,303.07306,25.345500000000015,29.92306000000002
2022-05-26 14:00:00,21.25,87.5,298.82388,302.80157,25.673879999999997,29.65157000000005
2022-05-26 14:00:00,21.25,87.75,298.8697,302.53363,25.719700000000046,29.38363000000004
2022-05-26 14:00:00,21.25,88.0,298.7331,302.29178,25.5831,29.14178000000004
2022-05-26 14:00:00,21.25,88.25,298.7331,302.29178,25.5831,29.14178000000004
2022-05-26 14:00:00,21.25,88.5,298.53488,302.05167,25.38488000000001,28.901670000000024
2022-05-26 14:00:00,21.25,88.75,298.4365,301.87677,25.286500000000046,28.726770000000045
2022-05-26 14:00:00,21.25,89.0,298.60556,301.8935,25.455560000000048,28.74350000000004
2022-05-26 14:00:00,21.25,89.25,298.79422,301.94092,25.64422000000002,28.79092000000003
2022-05-26 14:00:00,21.25,89.5,298.74994,301.96466,25.599940000000004,28.814660000000003
2022-05-26 14:00:00,21.25,89.75,298.71457,302.08432,25.564570000000003,28.934320000000014
2022-05-26 14:00:00,21.25,90.0,298.84772,302.03854,25.697720000000004,28.888540000000035
2022-05-26 14:00:00,21.0,85.5,297.73764,302.47238,24.58764000000002,29.32238000000001
2022-05-26 14:00:00,21.0,85.75,298.0717,303.19943,24.921700000000044,30.04943000000003
2022-05-26 14:00:00,21.0,86.0,298.0717,303.19943,24.921700000000044,30.04943000000003
2022-05-26 14:00:00,21.0,86.25,298.6152,302.73703,25.46520000000004,29.587030000000027
2022-05-26 14:00:00,21.0,86.5,298.95377,303.24536,25.803770000000043,30.095360000000028
2022-05-26 14:00:00,21.0,86.75,299.45563,304.38696,26.305630000000008,31.23696000000001
2022-05-26 14:00:00,21.0,87.0,298.45114,303.22675,25.301140000000032,30.076750000000004
2022-05-26 14:00:00,21.0,87.25,298.26733,302.39954,25.117330000000038,29.249540000000025
2022-05-26 14:00:00,21.0,87.5,298.5239,302.1981,25.37390000000005,29.048100000000034
2022-05-26 14:00:00,21.0,87.75,298.6757,302.12512,25.52570000000003,28.975120000000004
2022-05-26 14:00:00,21.0,88.0,298.62787,302.0464,25.477869999999996,28.89640000000003
2022-05-26 14:00:00,21.0,88.25,298.62787,302.0464,25.477869999999996,28.89640000000003
2022-05-26 14:00:00,21.0,88.5,298.54773,301.96036,25.397730000000024,28.810360000000003
2022-05-26 14:00:00,21.0,88.75,298.56354,301.89902,25.413540000000012,28.74902000000003
2022-05-26 14:00:00,21.0,89.0,298.7179,301.9068,25.56790000000001,28.7568
2022-05-26 14:00:00,21.0,89.25,298.83057,301.9768,25.680570000000046,28.82680000000005
2022-05-26 14:00:00,21.0,89.5,298.81595,302.03793,25.66595000000001,28.88793000000004
2022-05-26 14:00:00,21.0,89.75,298.9066,302.04633,25.75660000000005,28.896330000000034
2022-05-26 14:00:00,21.0,90.0,299.0999,302.05627,25.949900000000014,28.906270000000006
2022-05-26 15:00:00,27.5,85.5,288.39612,291.80203,15.246120000000019,18.652030000000025
2022-05-26 15:00:00,27.5,85.75,287.07523,291.7427,13.925229999999999,18.592700000000036
2022-05-26 15:00:00,27.5,86.0,287.07523,291.7427,13.925229999999999,18.592700000000036
2022-05-26 15:00:00,27.5,86.25,285.33658,289.39993,12.186580000000049,16.249930000000006
2022-05-26 15:00:00,27.5,86.5,282.44812,287.82718,9.29812000000004,14.677180000000021
2022-05-26 15:00:00,27.5,86.75,278.42648,286.41263,5.276480000000049,13.262630000000001
2022-05-26 15:00:00,27.5,87.0,275.49225,285.43625,2.3422500000000355,12.286249999999995
2022-05-26 15:00:00,27.5,87.25,275.49484,286.74783,2.3448400000000333,13.597830000000044
2022-05-26 15:00:00,27.5,87.5,276.15475,286.9534,3.0047500000000014,13.80340000000001
2022-05-26 15:00:00,27.5,87.75,275.6384,283.16116,2.488400000000013,10.011160000000018
2022-05-26 15:00:00,27.5,88.0,275.50952,280.67392,2.359520000000032,7.523920000000032
2022-05-26 15:00:00,27.5,88.25,275.50952,280.67392,2.359520000000032,7.523920000000032
2022-05-26 15:00:00,27.5,88.5,276.92938,282.57175,3.7793800000000033,9.421750000000031
2022-05-26 15:00:00,27.5,88.75,277.17404,282.86426,4.024040000000014,9.714260000000024
2022-05-26 15:00:00,27.5,89.0,274.40582,279.335,1.2558200000000284,6.185000000000002
2022-05-26 15:00:00,27.5,89.25,273.35623,277.97278,0.20623000000000502,4.822780000000023
2022-05-26 15:00:00,27.5,89.5,276.0791,280.68164,2.9291000000000054,7.5316400000000385
2022-05-26 15:00:00,27.5,89.75,277.65118,283.36127,4.5011800000000335,10.211270000000013
2022-05-26 15:00:00,27.5,90.0,279.0904,284.83115,5.940400000000011,11.681150000000002
2022-05-26 15:00:00,27.25,85.5,293.22668,297.31598,20.07668000000001,24.165980000000047
2022-05-26 15:00:00,27.25,85.75,293.03775,296.86978,19.88775000000004,23.719780000000014
2022-05-26 15:00:00,27.25,86.0,293.03775,296.86978,19.88775000000004,23.719780000000014
2022-05-26 15:00:00,27.25,86.25,290.98438,296.06726,17.83438000000001,22.91726
2022-05-26 15:00:00,27.25,86.5,288.61673,294.65207,15.466730000000041,21.502070000000003
2022-05-26 15:00:00,27.25,86.75,286.6992,292.51672,13.549200000000042,19.366720000000043
2022-05-26 15:00:00,27.25,87.0,284.04773,290.58484,10.897730000000024,17.43484000000001
2022-05-26 15:00:00,27.25,87.25,282.52396,290.62012,9.373960000000011,17.47012000000001
2022-05-26 15:00:00,27.25,87.5,282.4218,290.45694,9.271800000000042,17.306939999999997
2022-05-26 15:00:00,27.25,87.75,282.28653,287.85876,9.13653000000005,14.70876000000004
2022-05-26 15:00:00,27.25,88.0,282.6313,286.9728,9.481300000000033,13.82280000000003
2022-05-26 15:00:00,27.25,88.25,282.6313,286.9728,9.481300000000033,13.82280000000003
2022-05-26 15:00:00,27.25,88.5,284.4474,289.62415,11.297400000000039,16.47415000000001
2022-05-26 15:00:00,27.25,88.75,285.33795,290.3726,12.18795,17.2226
2022-05-26 15:00:00,27.25,89.0,283.20563,287.89273,10.055630000000008,14.742729999999995
2022-05-26 15:00:00,27.25,89.25,281.4786,286.3954,8.328599999999994,13.245400000000018
2022-05-26 15:00:00,27.25,89.5,280.41727,285.95108,7.267269999999996,12.801080000000013
2022-05-26 15:00:00,27.25,89.75,279.9217,284.75482,6.77170000000001,11.604820000000018
2022-05-26 15:00:00,27.25,90.0,282.70294,288.07382,9.552940000000035,14.923820000000035
2022-05-26 15:00:00,27.0,85.5,293.22668,297.31598,20.07668000000001,24.165980000000047
2022-05-26 15:00:00,27.0,85.75,293.03775,296.86978,19.88775000000004,23.719780000000014
2022-05-26 15:00:00,27.0,86.0,293.03775,296.86978,19.88775000000004,23.719780000000014
2022-05-26 15:00:00,27.0,86.25,290.98438,296.06726,17.83438000000001,22.91726
2022-05-26 15:00:00,27.0,86.5,288.61673,294.65207,15.466730000000041,21.502070000000003
2022-05-26 15:00:00,27.0,86.75,286.6992,292.51672,13.549200000000042,19.366720000000043
2022-05-26 15:00:00,27.0,87.0,284.04773,290.58484,10.897730000000024,17.43484000000001
2022-05-26 15:00:00,27.0,87.25,282.52396,290.62012,9.373960000000011,17.47012000000001
2022-05-26 15:00:00,27.0,87.5,282.4218,290.45694,9.271800000000042,17.306939999999997
2022-05-26 15:00:00,27.0,87.75,282.28653,287.85876,9.13653000000005,14.70876000000004
2022-05-26 15:00:00,27.0,88.0,282.6313,286.9728,9.481300000000033,13.82280000000003
2022-05-26 15:00:00,27.0,88.25,282.6313,286.9728,9.481300000000033,13.82280000000003
2022-05-26 15:00:00,27.0,88.5,284.4474,289.62415,11.297400000000039,16.47415000000001
2022-05-26 15:00:00,27.0,88.75,285.33795,290.3726,12.18795,17.2226
2022-05-26 15:00:00,27.0,89.0,283.20563,287.89273,10.055630000000008,14.742729999999995
2022-05-26 15:00:00,27.0,89.25,281.4786,286.3954,8.328599999999994,13.245400000000018
2022-05-26 15:00:00,27.0,89.5,280.41727,285.95108,7.267269999999996,12.801080000000013
2022-05-26 15:00:00,27.0,89.75,279.9217,284.75482,6.77170000000001,11.604820000000018
2022-05-26 15:00:00,27.0,90.0,282.70294,288.07382,9.552940000000035,14.923820000000035
2022-05-26 15:00:00,26.75,85.5,295.84042,299.57983,22.690420000000017,26.429830000000038
2022-05-26 15:00:00,26.75,85.75,295.15604,299.23828,22.00604000000004,26.088279999999997
2022-05-26 15:00:00,26.75,86.0,295.15604,299.23828,22.00604000000004,26.088279999999997
2022-05-26 15:00:00,26.75,86.25,294.79626,300.50983,21.64626000000004,27.359830000000045
2022-05-26 15:00:00,26.75,86.5,293.74966,300.10428,20.59966000000003,26.95428000000004
2022-05-26 15:00:00,26.75,86.75,292.7032,299.1227,19.553200000000004,25.97270000000003
2022-05-26 15:00:00,26.75,87.0,290.588,296.44925,17.438000000000045,23.29925000000003
2022-05-26 15:00:00,26.75,87.25,289.27597,295.2864,16.125969999999995,22.136400000000037
2022-05-26 15:00:00,26.75,87.5,288.73743,294.9457,15.58743000000004,21.79570000000001
2022-05-26 15:00:00,26.75,87.75,288.43405,293.96964,15.284050000000036,20.81964000000005
2022-05-26 15:00:00,26.75,88.0,288.9859,293.87622,15.835900000000038,20.726220000000012
2022-05-26 15:00:00,26.75,88.25,288.9859,293.87622,15.835900000000038,20.726220000000012
2022-05-26 15:00:00,26.75,88.5,290.62555,296.51257,17.47555,23.362570000000005
2022-05-26 15:00:00,26.75,88.75,291.6578,299.5317,18.50780000000003,26.381700000000023
2022-05-26 15:00:00,26.75,89.0,290.6151,299.30902,17.465100000000007,26.159019999999998
2022-05-26 15:00:00,26.75,89.25,289.1623,297.96176,16.01230000000004,24.81176000000005
2022-05-26 15:00:00,26.75,89.5,287.94403,295.33603,14.79403000000002,22.186030000000017
2022-05-26 15:00:00,26.75,89.75,287.01312,292.88614,13.863120000000038,19.736140000000034
2022-05-26 15:00:00,26.75,90.0,288.47208,296.32358,15.322080000000028,23.173580000000015
2022-05-26 15:00:00,26.5,85.5,296.29648,300.11725,23.146479999999997,26.967250000000035
2022-05-26 15:00:00,26.5,85.75,295.69565,301.1237,22.545650000000023,27.973700000000008
2022-05-26 15:00:00,26.5,86.0,295.69565,301.1237,22.545650000000023,27.973700000000008
2022-05-26 15:00:00,26.5,86.25,295.51416,300.30798,22.364160000000027,27.15798000000001
2022-05-26 15:00:00,26.5,86.5,295.03165,299.9378,21.881650000000036,26.787800000000004
2022-05-26 15:00:00,26.5,86.75,294.13177,299.3744,20.98177000000004,26.224400000000003
2022-05-26 15:00:00,26.5,87.0,293.8833,300.15503,20.733300000000042,27.005030000000033
2022-05-26 15:00:00,26.5,87.25,293.7954,300.13293,20.645399999999995,26.98293000000001
2022-05-26 15:00:00,26.5,87.5,293.23282,300.0733,20.082820000000027,26.92330000000004
2022-05-26 15:00:00,26.5,87.75,293.13217,300.75494,19.982169999999996,27.60494
2022-05-26 15:00:00,26.5,88.0,293.65485,300.78644,20.504850000000033,27.63644000000005
2022-05-26 15:00:00,26.5,88.25,293.65485,300.78644,20.504850000000033,27.63644000000005
2022-05-26 15:00:00,26.5,88.5,294.083,300.06503,20.93300000000005,26.91503
2022-05-26 15:00:00,26.5,88.75,293.9954,300.22095,20.84540000000004,27.07095000000004
2022-05-26 15:00:00,26.5,89.0,293.12814,300.90778,19.978139999999996,27.757780000000025
2022-05-26 15:00:00,26.5,89.25,292.57056,300.5995,19.420560000000023,27.4495
2022-05-26 15:00:00,26.5,89.5,292.59387,299.54697,19.443870000000004,26.39697000000001
2022-05-26 15:00:00,26.5,89.75,292.42914,300.08685,19.27914000000004,26.93685000000005
2022-05-26 15:00:00,26.5,90.0,292.38284,300.33295,19.23284000000001,27.182950000000005
2022-05-26 15:00:00,26.25,85.5,295.8843,300.16968,22.73430000000002,27.01968000000005
2022-05-26 15:00:00,26.25,85.75,295.98355,300.27963,22.833550000000002,27.12963000000002
2022-05-26 15:00:00,26.25,86.0,295.98355,300.27963,22.833550000000002,27.12963000000002
2022-05-26 15:00:00,26.25,86.25,295.9776,300.97183,22.827600000000018,27.821830000000034
2022-05-26 15:00:00,26.25,86.5,295.74088,300.83023,22.590880000000027,27.680229999999995
2022-05-26 15:00:00,26.25,86.75,295.64627,300.0455,22.496270000000038,26.895500000000027
2022-05-26 15:00:00,26.25,87.0,295.30145,300.26392,22.15145000000001,27.113920000000007
2022-05-26 15:00:00,26.25,87.25,295.35815,301.22437,22.208150000000046,28.074370000000044
2022-05-26 15:00:00,26.25,87.5,295.59354,301.4888,22.44354000000004,28.33880000000005
2022-05-26 15:00:00,26.25,87.75,295.65445,301.7869,22.50445000000002,28.636900000000026
2022-05-26 15:00:00,26.25,88.0,295.5975,301.96976,22.447500000000048,28.81976000000003
2022-05-26 15:00:00,26.25,88.25,295.5975,301.96976,22.447500000000048,28.81976000000003
2022-05-26 15:00:00,26.25,88.5,295.5595,301.31494,22.409500000000037,28.16494
2022-05-26 15:00:00,26.25,88.75,295.42258,300.7637,22.272580000000005,27.613699999999994
2022-05-26 15:00:00,26.25,89.0,294.98294,300.54663,21.832940000000008,27.396630000000016
2022-05-26 15:00:00,26.25,89.25,294.55432,300.0606,21.40432000000004,26.910600000000045
2022-05-26 15:00:00,26.25,89.5,294.3727,300.20816,21.22270000000003,27.058160000000044
2022-05-26 15:00:00,26.25,89.75,294.40512,299.56912,21.255120000000034,26.41912000000002
2022-05-26 15:00:00,26.25,90.0,295.0425,299.3594,21.89250000000004,26.209400000000016
2022-05-26 15:00:00,26.0,85.5,296.1193,301.9484,22.969300000000032,28.798400000000015
2022-05-26 15:00:00,26.0,85.75,295.9642,302.13214,22.814200000000028,28.982140000000015
2022-05-26 15:00:00,26.0,86.0,295.9642,302.13214,22.814200000000028,28.982140000000015
2022-05-26 15:00:00,26.0,86.25,296.03387,302.30075,22.88387,29.150750000000016
2022-05-26 15:00:00,26.0,86.5,296.20288,301.56122,23.052880000000016,28.411220000000014
2022-05-26 15:00:00,26.0,86.75,296.4701,300.93378,23.320100000000025,27.783780000000036
2022-05-26 15:00:00,26.0,87.0,296.40067,301.05316,23.250670000000014,27.903160000000014
2022-05-26 15:00:00,26.0,87.25,296.66837,301.56482,23.518370000000004,28.41482000000002
2022-05-26 15:00:00,26.0,87.5,296.8676,302.0227,23.717600000000004,28.87270000000001
2022-05-26 15:00:00,26.0,87.75,296.68842,302.04208,23.53842000000003,28.89208000000002
2022-05-26 15:00:00,26.0,88.0,296.3078,301.77115,23.15780000000001,28.62115
2022-05-26 15:00:00,26.0,88.25,296.3078,301.77115,23.15780000000001,28.62115
2022-05-26 15:00:00,26.0,88.5,295.78668,301.35446,22.636680000000013,28.20446000000004
2022-05-26 15:00:00,26.0,88.75,295.19644,300.66693,22.04644000000002,27.516930000000002
2022-05-26 15:00:00,26.0,89.0,294.79608,300.18307,21.64608000000004,27.03307000000001
2022-05-26 15:00:00,26.0,89.25,294.6108,300.3154,21.460800000000006,27.165400000000034
2022-05-26 15:00:00,26.0,89.5,294.59637,300.41763,21.44637,27.267629999999997
2022-05-26 15:00:00,26.0,89.75,294.81976,301.3471,21.669759999999997,28.197100000000034
2022-05-26 15:00:00,26.0,90.0,295.30615,301.20755,22.156150000000025,28.05755000000005
2022-05-26 15:00:00,25.75,85.5,295.63586,301.22617,22.485860000000002,28.076170000000047
2022-05-26 15:00:00,25.75,85.75,295.5875,301.89996,22.4375,28.749960000000044
2022-05-26 15:00:00,25.75,86.0,295.5875,301.89996,22.4375,28.749960000000044
2022-05-26 15:00:00,25.75,86.25,295.97513,302.03885,22.82513,28.888850000000048
2022-05-26 15:00:00,25.75,86.5,296.29443,302.44772,23.14443,29.297720000000027
2022-05-26 15:00:00,25.75,86.75,296.7708,301.7787,23.62080000000003,28.628700000000038
2022-05-26 15:00:00,25.75,87.0,297.1503,301.66882,24.00030000000004,28.518820000000005
2022-05-26 15:00:00,25.75,87.25,297.30038,302.12405,24.15038000000004,28.974050000000034
2022-05-26 15:00:00,25.75,87.5,297.2,302.57675,24.05000000000001,29.426750000000027
2022-05-26 15:00:00,25.75,87.75,296.84833,302.3654,23.69833,29.215400000000045
2022-05-26 15:00:00,25.75,88.0,296.26077,301.7346,23.110770000000002,28.584600000000023
2022-05-26 15:00:00,25.75,88.25,296.26077,301.7346,23.110770000000002,28.584600000000023
2022-05-26 15:00:00,25.75,88.5,295.56393,301.04657,22.41393000000005,27.896569999999997
2022-05-26 15:00:00,25.75,88.75,294.89816,300.2401,21.74816000000004,27.090100000000007
2022-05-26 15:00:00,25.75,89.0,294.34256,299.87347,21.192560000000014,26.72347000000002
2022-05-26 15:00:00,25.75,89.25,294.13956,300.19037,20.98956000000004,27.040369999999996
2022-05-26 15:00:00,25.75,89.5,294.34088,301.03186,21.19088000000005,27.881860000000017
2022-05-26 15:00:00,25.75,89.75,294.91873,302.64453,21.768730000000005,29.494529999999997
2022-05-26 15:00:00,25.75,90.0,295.05472,300.2035,21.904719999999998,27.053500000000042
2022-05-26 15:00:00,25.5,85.5,295.90396,300.37454,22.753960000000006,27.224540000000047
2022-05-26 15:00:00,25.5,85.75,296.07895,301.80817,22.928950000000043,28.65817000000004
2022-05-26 15:00:00,25.5,86.0,296.07895,301.80817,22.928950000000043,28.65817000000004
2022-05-26 15:00:00,25.5,86.25,296.37222,300.97345,23.22222000000005,27.823450000000037
2022-05-26 15:00:00,25.5,86.5,296.77783,301.6015,23.627830000000017,28.45150000000001
2022-05-26 15:00:00,25.5,86.75,297.17554,301.94458,24.025540000000035,28.794579999999996
2022-05-26 15:00:00,25.5,87.0,297.39987,302.6594,24.249870000000044,29.509400000000028
2022-05-26 15:00:00,25.5,87.25,297.40594,302.93893,24.25594000000001,29.78893000000005
2022-05-26 15:00:00,25.5,87.5,297.29385,302.60577,24.143850000000043,29.45577000000003
2022-05-26 15:00:00,25.5,87.75,296.86823,302.24954,23.718230000000005,29.099540000000047
2022-05-26 15:00:00,25.5,88.0,296.42853,301.93503,23.278530000000046,28.785030000000006
2022-05-26 15:00:00,25.5,88.25,296.42853,301.93503,23.278530000000046,28.785030000000006
2022-05-26 15:00:00,25.5,88.5,296.2935,301.42517,23.143500000000017,28.275170000000003
2022-05-26 15:00:00,25.5,88.75,296.12582,300.8494,22.97582,27.699400000000026
2022-05-26 15:00:00,25.5,89.0,295.68152,300.41107,22.53152,27.261070000000018
2022-05-26 15:00:00,25.5,89.25,295.02017,300.33185,21.87017000000003,27.181849999999997
2022-05-26 15:00:00,25.5,89.5,294.85455,300.88663,21.70455000000004,27.736630000000048
2022-05-26 15:00:00,25.5,89.75,295.5779,301.6211,22.427900000000022,28.471100000000035
2022-05-26 15:00:00,25.5,90.0,295.5964,300.6272,22.44640000000004,27.47720000000004
2022-05-26 15:00:00,25.25,85.5,296.70547,301.1687,23.555470000000014,28.018700000000024
2022-05-26 15:00:00,25.25,85.75,296.67874,302.60898,23.528740000000028,29.458979999999997
2022-05-26 15:00:00,25.25,86.0,296.67874,302.60898,23.528740000000028,29.458979999999997
2022-05-26 15:00:00,25.25,86.25,296.74457,301.62643,23.594570000000033,28.47643000000005
2022-05-26 15:00:00,25.25,86.5,296.952,302.56534,23.80200000000002,29.415340000000015
2022-05-26 15:00:00,25.25,86.75,296.92523,302.72925,23.775230000000022,29.579250000000002
2022-05-26 15:00:00,25.25,87.0,296.9798,302.05685,23.829800000000034,28.90685000000002
2022-05-26 15:00:00,25.25,87.25,296.65884,301.38486,23.50884000000002,28.234860000000026
2022-05-26 15:00:00,25.25,87.5,296.41855,301.61755,23.268550000000005,28.467550000000017
2022-05-26 15:00:00,25.25,87.75,296.63052,302.4334,23.480520000000013,29.28340000000003
2022-05-26 15:00:00,25.25,88.0,296.85175,303.16156,23.701750000000004,30.01156000000003
2022-05-26 15:00:00,25.25,88.25,296.85175,303.16156,23.701750000000004,30.01156000000003
2022-05-26 15:00:00,25.25,88.5,296.88824,303.0357,23.73824000000002,29.885700000000043
2022-05-26 15:00:00,25.25,88.75,296.90295,302.17963,23.75295,29.029629999999997
2022-05-26 15:00:00,25.25,89.0,296.63907,301.8833,23.489070000000027,28.733300000000042
2022-05-26 15:00:00,25.25,89.25,296.17706,301.33505,23.027060000000006,28.185050000000047
2022-05-26 15:00:00,25.25,89.5,295.6452,301.06683,22.49520000000001,27.916830000000004
2022-05-26 15:00:00,25.25,89.75,295.9405,302.0627,22.79050000000001,28.91270000000003
2022-05-26 15:00:00,25.25,90.0,296.04605,300.50647,22.896050000000002,27.35647
2022-05-26 15:00:00,25.0,85.5,296.5726,300.95358,23.422600000000045,27.80358000000001
2022-05-26 15:00:00,25.0,85.75,296.59512,301.72766,23.44512000000003,28.577660000000037
2022-05-26 15:00:00,25.0,86.0,296.59512,301.72766,23.44512000000003,28.577660000000037
2022-05-26 15:00:00,25.0,86.25,296.71353,302.3036,23.563530000000014,29.15360000000004
2022-05-26 15:00:00,25.0,86.5,296.26633,301.5125,23.116330000000005,28.36250000000001
2022-05-26 15:00:00,25.0,86.75,295.90027,300.77457,22.75027,27.624570000000006
2022-05-26 15:00:00,25.0,87.0,296.0799,300.50443,22.929900000000032,27.354430000000036
2022-05-26 15:00:00,25.0,87.25,296.213,300.5658,23.063000000000045,27.415800000000047
2022-05-26 15:00:00,25.0,87.5,296.03305,301.10468,22.883050000000026,27.954679999999996
2022-05-26 15:00:00,25.0,87.75,296.45856,302.4916,23.30856,29.341600000000028
2022-05-26 15:00:00,25.0,88.0,297.16632,303.56223,24.016320000000007,30.412230000000022
2022-05-26 15:00:00,25.0,88.25,297.16632,303.56223,24.016320000000007,30.412230000000022
2022-05-26 15:00:00,25.0,88.5,297.64948,303.1812,24.499480000000005,30.031200000000013
2022-05-26 15:00:00,25.0,88.75,297.91187,302.41992,24.761870000000044,29.269920000000013
2022-05-26 15:00:00,25.0,89.0,297.26193,302.29193,24.11193000000003,29.141930000000002
2022-05-26 15:00:00,25.0,89.25,296.87677,301.98843,23.726770000000045,28.838430000000017
2022-05-26 15:00:00,25.0,89.5,296.50543,302.14087,23.355430000000013,28.99087000000003
2022-05-26 15:00:00,25.0,89.75,296.551,302.39252,23.40100000000001,29.242520000000013
2022-05-26 15:00:00,25.0,90.0,296.5538,301.11285,23.403800000000047,27.962850000000003
2022-05-26 15:00:00,24.75,85.5,296.5726,300.95358,23.422600000000045,27.80358000000001
2022-05-26 15:00:00,24.75,85.75,296.59512,301.72766,23.44512000000003,28.577660000000037
2022-05-26 15:00:00,24.75,86.0,296.59512,301.72766,23.44512000000003,28.577660000000037
2022-05-26 15:00:00,24.75,86.25,296.71353,302.3036,23.563530000000014,29.15360000000004
2022-05-26 15:00:00,24.75,86.5,296.26633,301.5125,23.116330000000005,28.36250000000001
2022-05-26 15:00:00,24.75,86.75,295.90027,300.77457,22.75027,27.624570000000006
2022-05-26 15:00:00,24.75,87.0,296.0799,300.50443,22.929900000000032,27.354430000000036
2022-05-26 15:00:00,24.75,87.25,296.213,300.5658,23.063000000000045,27.415800000000047
2022-05-26 15:00:00,24.75,87.5,296.03305,301.10468,22.883050000000026,27.954679999999996
2022-05-26 15:00:00,24.75,87.75,296.45856,302.4916,23.30856,29.341600000000028
2022-05-26 15:00:00,24.75,88.0,297.16632,303.56223,24.016320000000007,30.412230000000022
2022-05-26 15:00:00,24.75,88.25,297.16632,303.56223,24.016320000000007,30.412230000000022
2022-05-26 15:00:00,24.75,88.5,297.64948,303.1812,24.499480000000005,30.031200000000013
2022-05-26 15:00:00,24.75,88.75,297.91187,302.41992,24.761870000000044,29.269920000000013
2022-05-26 15:00:00,24.75,89.0,297.26193,302.29193,24.11193000000003,29.141930000000002
2022-05-26 15:00:00,24.75,89.25,296.87677,301.98843,23.726770000000045,28.838430000000017
2022-05-26 15:00:00,24.75,89.5,296.50543,302.14087,23.355430000000013,28.99087000000003
2022-05-26 15:00:00,24.75,89.75,296.551,302.39252,23.40100000000001,29.242520000000013
2022-05-26 15:00:00,24.75,90.0,296.5538,301.11285,23.403800000000047,27.962850000000003
2022-05-26 15:00:00,24.5,85.5,296.33417,300.89117,23.184169999999995,27.74117000000001
2022-05-26 15:00:00,24.5,85.75,296.34616,300.4892,23.19616000000002,27.339200000000005
2022-05-26 15:00:00,24.5,86.0,296.34616,300.4892,23.19616000000002,27.339200000000005
2022-05-26 15:00:00,24.5,86.25,295.23962,300.6269,22.089620000000025,27.4769
2022-05-26 15:00:00,24.5,86.5,295.41968,300.0711,22.26968000000005,26.921100000000024
2022-05-26 15:00:00,24.5,86.75,295.46753,299.39178,22.317530000000033,26.241780000000006
2022-05-26 15:00:00,24.5,87.0,295.01886,299.26398,21.86886000000004,26.113980000000026
2022-05-26 15:00:00,24.5,87.25,294.6716,299.58383,21.521600000000035,26.43383
2022-05-26 15:00:00,24.5,87.5,295.0556,300.03052,21.90560000000005,26.880520000000047
2022-05-26 15:00:00,24.5,87.75,296.1176,301.0303,22.967600000000004,27.880300000000034
2022-05-26 15:00:00,24.5,88.0,297.23544,302.42175,24.085440000000006,29.271749999999997
2022-05-26 15:00:00,24.5,88.25,297.23544,302.42175,24.085440000000006,29.271749999999997
2022-05-26 15:00:00,24.5,88.5,297.64053,302.69135,24.490530000000035,29.541350000000023
2022-05-26 15:00:00,24.5,88.75,297.41586,301.76874,24.265860000000032,28.618740000000003
2022-05-26 15:00:00,24.5,89.0,297.37555,301.72568,24.22555,28.575680000000034
2022-05-26 15:00:00,24.5,89.25,297.11084,302.0428,23.96084000000002,28.892800000000022
2022-05-26 15:00:00,24.5,89.5,296.7137,301.66437,23.56370000000004,28.514370000000042
2022-05-26 15:00:00,24.5,89.75,296.74832,302.065,23.59832,28.91500000000002
2022-05-26 15:00:00,24.5,90.0,296.63718,300.4736,23.487180000000023,27.3236
2022-05-26 15:00:00,24.25,85.5,294.65033,299.2117,21.50033000000002,26.06170000000003
2022-05-26 15:00:00,24.25,85.75,294.58423,299.31818,21.434230000000014,26.168180000000007
2022-05-26 15:00:00,24.25,86.0,294.58423,299.31818,21.434230000000014,26.168180000000007
2022-05-26 15:00:00,24.25,86.25,294.68106,299.16797,21.531060000000025,26.017970000000048
2022-05-26 15:00:00,24.25,86.5,295.07288,299.5385,21.92288000000002,26.388500000000022
2022-05-26 15:00:00,24.25,86.75,295.2696,299.67773,22.119600000000048,26.52773000000002
2022-05-26 15:00:00,24.25,87.0,294.8658,299.74893,21.7158,26.598929999999996
2022-05-26 15:00:00,24.25,87.25,294.6144,299.9895,21.464400000000012,26.839500000000044
2022-05-26 15:00:00,24.25,87.5,295.2484,300.57687,22.098400000000026,27.426870000000008
2022-05-26 15:00:00,24.25,87.75,296.59912,301.46176,23.44912000000005,28.31176000000005
2022-05-26 15:00:00,24.25,88.0,297.56842,302.33063,24.418420000000026,29.180630000000008
2022-05-26 15:00:00,24.25,88.25,297.56842,302.33063,24.418420000000026,29.180630000000008
2022-05-26 15:00:00,24.25,88.5,297.70355,302.9835,24.55355000000003,29.833500000000015
2022-05-26 15:00:00,24.25,88.75,297.70584,303.1802,24.555840000000046,30.030200000000036
2022-05-26 15:00:00,24.25,89.0,297.74805,302.6956,24.59805,29.545600000000036
2022-05-26 15:00:00,24.25,89.25,297.3353,302.2731,24.18530000000004,29.123100000000022
2022-05-26 15:00:00,24.25,89.5,296.9418,302.0759,23.791800000000023,28.925900000000013
2022-05-26 15:00:00,24.25,89.75,296.97678,301.8098,23.826780000000042,28.65980000000002
2022-05-26 15:00:00,24.25,90.0,296.8434,300.71472,23.693399999999997,27.564720000000023
2022-05-26 15:00:00,24.0,85.5,293.53632,298.34305,20.386320000000012,25.193050000000028
2022-05-26 15:00:00,24.0,85.75,293.98846,299.84653,20.838459999999998,26.696529999999996
2022-05-26 15:00:00,24.0,86.0,293.98846,299.84653,20.838459999999998,26.696529999999996
2022-05-26 15:00:00,24.0,86.25,294.46472,300.57074,21.314720000000023,27.420740000000023
2022-05-26 15:00:00,24.0,86.5,295.0019,299.89624,21.8519,26.74624
2022-05-26 15:00:00,24.0,86.75,295.34183,300.09915,22.19183000000004,26.94915000000003
2022-05-26 15:00:00,24.0,87.0,295.074,300.4142,21.924000000000035,27.264200000000017
2022-05-26 15:00:00,24.0,87.25,294.9369,300.77573,21.786900000000003,27.625730000000033
2022-05-26 15:00:00,24.0,87.5,295.4358,301.24677,22.285799999999995,28.09677000000005
2022-05-26 15:00:00,24.0,87.75,296.83997,302.41153,23.689970000000017,29.26153000000005
2022-05-26 15:00:00,24.0,88.0,297.80975,303.25748,24.65975000000003,30.10748000000001
2022-05-26 15:00:00,24.0,88.25,297.80975,303.25748,24.65975000000003,30.10748000000001
2022-05-26 15:00:00,24.0,88.5,297.66537,303.14368,24.51537000000002,29.99368000000004
2022-05-26 15:00:00,24.0,88.75,297.69995,303.07507,24.549950000000024,29.925070000000005
2022-05-26 15:00:00,24.0,89.0,297.93774,302.65646,24.787740000000042,29.506460000000004
2022-05-26 15:00:00,24.0,89.25,297.57474,301.6811,24.424740000000043,28.531100000000038
2022-05-26 15:00:00,24.0,89.5,297.39496,301.4093,24.24496000000005,28.259299999999996
2022-05-26 15:00:00,24.0,89.75,297.47568,301.51187,24.325680000000034,28.36187000000001
2022-05-26 15:00:00,24.0,90.0,297.18146,301.00095,24.03146000000004,27.85095000000001
2022-05-26 15:00:00,23.75,85.5,294.27887,299.9786,21.128870000000006,26.828599999999994
2022-05-26 15:00:00,23.75,85.75,294.86166,299.56293,21.711659999999995,26.412930000000017
2022-05-26 15:00:00,23.75,86.0,294.86166,299.56293,21.711659999999995,26.412930000000017
2022-05-26 15:00:00,23.75,86.25,295.28607,299.7601,22.136070000000018,26.610100000000045
2022-05-26 15:00:00,23.75,86.5,295.6108,300.74237,22.460800000000006,27.592370000000017
2022-05-26 15:00:00,23.75,86.75,295.71735,300.916,22.567350000000033,27.76600000000002
2022-05-26 15:00:00,23.75,87.0,295.81543,300.95862,22.665430000000015,27.80862000000002
2022-05-26 15:00:00,23.75,87.25,295.6918,301.159,22.541800000000023,28.009000000000015
2022-05-26 15:00:00,23.75,87.5,296.3246,301.83417,23.174599999999998,28.684169999999995
2022-05-26 15:00:00,23.75,87.75,297.22867,302.6648,24.078670000000045,29.514800000000037
2022-05-26 15:00:00,23.75,88.0,297.99298,303.37152,24.84298000000001,30.221519999999998
2022-05-26 15:00:00,23.75,88.25,297.99298,303.37152,24.84298000000001,30.221519999999998
2022-05-26 15:00:00,23.75,88.5,298.42896,303.64526,25.27896000000004,30.49526000000003
2022-05-26 15:00:00,23.75,88.75,298.10855,302.93884,24.958550000000002,29.78884000000005
2022-05-26 15:00:00,23.75,89.0,297.7777,301.6288,24.627700000000004,28.478800000000035
2022-05-26 15:00:00,23.75,89.25,297.65646,300.8844,24.506460000000004,27.73440000000005
2022-05-26 15:00:00,23.75,89.5,297.6888,301.10352,24.538800000000037,27.953520000000026
2022-05-26 15:00:00,23.75,89.75,297.63812,301.5449,24.488120000000038,28.394900000000007
2022-05-26 15:00:00,23.75,90.0,298.1067,302.05603,24.956700000000012,28.906030000000044
2022-05-26 15:00:00,23.5,85.5,293.77853,297.58893,20.628530000000012,24.438930000000028
2022-05-26 15:00:00,23.5,85.75,294.90842,299.28238,21.75842,26.132380000000012
2022-05-26 15:00:00,23.5,86.0,294.90842,299.28238,21.75842,26.132380000000012
2022-05-26 15:00:00,23.5,86.25,295.26318,299.65588,22.11318,26.505880000000047
2022-05-26 15:00:00,23.5,86.5,295.5562,299.59232,22.406200000000013,26.442319999999995
2022-05-26 15:00:00,23.5,86.75,295.6476,300.2162,22.497600000000034,27.066200000000038
2022-05-26 15:00:00,23.5,87.0,295.656,301.0957,22.50600000000003,27.945700000000045
2022-05-26 15:00:00,23.5,87.25,295.79163,301.66568,22.64163000000002,28.51568000000003
2022-05-26 15:00:00,23.5,87.5,296.58664,302.01013,23.43664000000001,28.860130000000026
2022-05-26 15:00:00,23.5,87.75,297.74655,302.3903,24.596550000000036,29.240300000000047
2022-05-26 15:00:00,23.5,88.0,298.40555,302.6409,25.255550000000028,29.49090000000001
2022-05-26 15:00:00,23.5,88.25,298.40555,302.6409,25.255550000000028,29.49090000000001
2022-05-26 15:00:00,23.5,88.5,298.33264,302.2597,25.18264000000005,29.109700000000032
2022-05-26 15:00:00,23.5,88.75,297.6816,301.21405,24.531600000000026,28.06405000000001
2022-05-26 15:00:00,23.5,89.0,296.75986,300.4633,23.609860000000026,27.313300000000027
2022-05-26 15:00:00,23.5,89.25,296.7865,300.90784,23.636500000000012,27.757840000000044
2022-05-26 15:00:00,23.5,89.5,297.1033,301.70193,23.953300000000013,28.551930000000027
2022-05-26 15:00:00,23.5,89.75,297.68765,301.93787,24.537650000000042,28.787869999999998
2022-05-26 15:00:00,23.5,90.0,298.10745,301.8644,24.957449999999994,28.714400000000012
2022-05-26 15:00:00,23.25,85.5,293.87817,298.33194,20.728170000000034,25.181939999999997
2022-05-26 15:00:00,23.25,85.75,294.20477,300.70706,21.05477000000002,27.557060000000035
2022-05-26 15:00:00,23.25,86.0,294.20477,300.70706,21.05477000000002,27.557060000000035
2022-05-26 15:00:00,23.25,86.25,295.3016,299.92203,22.15160000000003,26.77203000000003
2022-05-26 15:00:00,23.25,86.5,295.27597,299.90646,22.125969999999995,26.756460000000004
2022-05-26 15:00:00,23.25,86.75,295.3208,299.82202,22.170800000000042,26.672020000000032
2022-05-26 15:00:00,23.25,87.0,295.2155,300.5458,22.065500000000043,27.39580000000001
2022-05-26 15:00:00,23.25,87.25,295.64755,301.14603,22.497550000000047,27.99603000000002
2022-05-26 15:00:00,23.25,87.5,296.40366,301.75522,23.253660000000025,28.60522000000003
2022-05-26 15:00:00,23.25,87.75,297.2608,302.3628,24.11080000000004,29.212800000000016
2022-05-26 15:00:00,23.25,88.0,297.876,302.8371,24.726,29.687100000000044
2022-05-26 15:00:00,23.25,88.25,297.876,302.8371,24.726,29.687100000000044
2022-05-26 15:00:00,23.25,88.5,297.92773,302.92963,24.77773000000002,29.779629999999997
2022-05-26 15:00:00,23.25,88.75,297.62354,302.54083,24.473540000000014,29.39083000000005
2022-05-26 15:00:00,23.25,89.0,297.3597,302.59064,24.209699999999998,29.44064000000003
2022-05-26 15:00:00,23.25,89.25,297.52673,303.23224,24.37673000000001,30.082240000000013
2022-05-26 15:00:00,23.25,89.5,297.66833,303.3966,24.51833000000005,30.2466
2022-05-26 15:00:00,23.25,89.75,297.9098,303.01227,24.75980000000004,29.862270000000024
2022-05-26 15:00:00,23.25,90.0,297.57715,301.56696,24.42715000000004,28.416960000000017
2022-05-26 15:00:00,23.0,85.5,294.5246,300.85992,21.374600000000044,27.70992000000001
2022-05-26 15:00:00,23.0,85.75,294.9794,300.99725,21.82940000000002,27.84725000000003
2022-05-26 15:00:00,23.0,86.0,294.9794,300.99725,21.82940000000002,27.84725000000003
2022-05-26 15:00:00,23.0,86.25,295.47195,301.1343,22.321950000000015,27.98430000000002
2022-05-26 15:00:00,23.0,86.5,296.1255,300.9518,22.97550000000001,27.801800000000014
2022-05-26 15:00:00,23.0,86.75,296.36163,301.0496,23.211630000000014,27.89960000000002
2022-05-26 15:00:00,23.0,87.0,295.67368,301.1641,22.523680000000013,28.01410000000004
2022-05-26 15:00:00,23.0,87.25,295.7381,301.03986,22.588099999999997,27.88986
2022-05-26 15:00:00,23.0,87.5,296.7319,301.14346,23.58190000000002,27.993460000000027
2022-05-26 15:00:00,23.0,87.75,297.99857,301.84225,24.848569999999995,28.69225
2022-05-26 15:00:00,23.0,88.0,298.54196,302.63724,25.39196000000004,29.487240000000043
2022-05-26 15:00:00,23.0,88.25,298.54196,302.63724,25.39196000000004,29.487240000000043
2022-05-26 15:00:00,23.0,88.5,298.1468,302.94962,24.996800000000007,29.799620000000004
2022-05-26 15:00:00,23.0,88.75,297.83148,303.2844,24.681480000000022,30.134400000000028
2022-05-26 15:00:00,23.0,89.0,297.97958,303.96725,24.82958000000002,30.81725
2022-05-26 15:00:00,23.0,89.25,298.062,303.8365,24.912000000000035,30.686500000000024
2022-05-26 15:00:00,23.0,89.5,298.0869,304.12796,24.936900000000037,30.977959999999996
2022-05-26 15:00:00,23.0,89.75,297.70538,302.6521,24.555380000000014,29.50210000000004
2022-05-26 15:00:00,23.0,90.0,297.32175,301.66742,24.17175000000003,28.517420000000016
2022-05-26 15:00:00,22.75,85.5,294.4606,300.216,21.310600000000022,27.06600000000003
2022-05-26 15:00:00,22.75,85.75,294.56815,300.24667,21.418150000000026,27.096670000000017
2022-05-26 15:00:00,22.75,86.0,294.56815,300.24667,21.418150000000026,27.096670000000017
2022-05-26 15:00:00,22.75,86.25,295.2982,300.72192,22.14820000000003,27.571920000000034
2022-05-26 15:00:00,22.75,86.5,296.22665,301.0595,23.07665000000003,27.909500000000037
2022-05-26 15:00:00,22.75,86.75,297.49615,301.73236,24.346150000000023,28.58236000000005
2022-05-26 15:00:00,22.75,87.0,297.3674,302.08246,24.217399999999998,28.93246000000005
2022-05-26 15:00:00,22.75,87.25,297.69644,302.2392,24.54644000000002,29.089200000000005
2022-05-26 15:00:00,22.75,87.5,298.189,303.16684,25.039000000000044,30.016840000000002
2022-05-26 15:00:00,22.75,87.75,298.51016,303.88474,25.360160000000008,30.734740000000045
2022-05-26 15:00:00,22.75,88.0,298.5644,304.21304,25.4144,31.06304
2022-05-26 15:00:00,22.75,88.25,298.5644,304.21304,25.4144,31.06304
2022-05-26 15:00:00,22.75,88.5,298.46948,304.43494,25.31948,31.284940000000006
2022-05-26 15:00:00,22.75,88.75,298.44925,304.5651,25.29925000000003,31.415099999999995
2022-05-26 15:00:00,22.75,89.0,298.50787,304.59802,25.357870000000048,31.448020000000042
2022-05-26 15:00:00,22.75,89.25,298.44238,304.58206,25.292380000000037,31.432060000000035
2022-05-26 15:00:00,22.75,89.5,298.1658,304.08572,25.015800000000013,30.935720000000003
2022-05-26 15:00:00,22.75,89.75,297.76733,303.05264,24.617330000000038,29.90264000000002
2022-05-26 15:00:00,22.75,90.0,297.3785,302.46048,24.228499999999997,29.31048000000004
2022-05-26 15:00:00,22.5,85.5,294.4606,300.216,21.310600000000022,27.06600000000003
2022-05-26 15:00:00,22.5,85.75,294.56815,300.24667,21.418150000000026,27.096670000000017
2022-05-26 15:00:00,22.5,86.0,294.56815,300.24667,21.418150000000026,27.096670000000017
2022-05-26 15:00:00,22.5,86.25,295.2982,300.72192,22.14820000000003,27.571920000000034
2022-05-26 15:00:00,22.5,86.5,296.22665,301.0595,23.07665000000003,27.909500000000037
2022-05-26 15:00:00,22.5,86.75,297.49615,301.73236,24.346150000000023,28.58236000000005
2022-05-26 15:00:00,22.5,87.0,297.3674,302.08246,24.217399999999998,28.93246000000005
2022-05-26 15:00:00,22.5,87.25,297.69644,302.2392,24.54644000000002,29.089200000000005
2022-05-26 15:00:00,22.5,87.5,298.189,303.16684,25.039000000000044,30.016840000000002
2022-05-26 15:00:00,22.5,87.75,298.51016,303.88474,25.360160000000008,30.734740000000045
2022-05-26 15:00:00,22.5,88.0,298.5644,304.21304,25.4144,31.06304
2022-05-26 15:00:00,22.5,88.25,298.5644,304.21304,25.4144,31.06304
2022-05-26 15:00:00,22.5,88.5,298.46948,304.43494,25.31948,31.284940000000006
2022-05-26 15:00:00,22.5,88.75,298.44925,304.5651,25.29925000000003,31.415099999999995
2022-05-26 15:00:00,22.5,89.0,298.50787,304.59802,25.357870000000048,31.448020000000042
2022-05-26 15:00:00,22.5,89.25,298.44238,304.58206,25.292380000000037,31.432060000000035
2022-05-26 15:00:00,22.5,89.5,298.1658,304.08572,25.015800000000013,30.935720000000003
2022-05-26 15:00:00,22.5,89.75,297.76733,303.05264,24.617330000000038,29.90264000000002
2022-05-26 15:00:00,22.5,90.0,297.3785,302.46048,24.228499999999997,29.31048000000004
2022-05-26 15:00:00,22.25,85.5,294.71106,299.5326,21.561059999999998,26.382600000000025
2022-05-26 15:00:00,22.25,85.75,294.8237,299.02014,21.673699999999997,25.87014000000005
2022-05-26 15:00:00,22.25,86.0,294.8237,299.02014,21.673699999999997,25.87014000000005
2022-05-26 15:00:00,22.25,86.25,295.29074,301.98627,22.14074000000005,28.836270000000013
2022-05-26 15:00:00,22.25,86.5,295.42694,302.69016,22.276940000000025,29.540160000000014
2022-05-26 15:00:00,22.25,86.75,297.11902,302.6399,23.96902,29.489900000000034
2022-05-26 15:00:00,22.25,87.0,297.76187,302.79663,24.61187000000001,29.646630000000016
2022-05-26 15:00:00,22.25,87.25,298.158,303.15805,25.008000000000038,30.008050000000026
2022-05-26 15:00:00,22.25,87.5,298.40854,303.99088,25.25854000000004,30.840880000000027
2022-05-26 15:00:00,22.25,87.75,298.74606,304.8052,25.596060000000023,31.655200000000036
2022-05-26 15:00:00,22.25,88.0,298.88235,304.57608,25.732349999999997,31.426080000000013
2022-05-26 15:00:00,22.25,88.25,298.88235,304.57608,25.732349999999997,31.426080000000013
2022-05-26 15:00:00,22.25,88.5,298.85138,304.16385,25.70138000000003,31.013850000000048
2022-05-26 15:00:00,22.25,88.75,298.6863,303.96887,25.53630000000004,30.818870000000004
2022-05-26 15:00:00,22.25,89.0,298.44952,303.60168,25.29952000000003,30.45168000000001
2022-05-26 15:00:00,22.25,89.25,298.09766,303.4186,24.94766000000004,30.26860000000005
2022-05-26 15:00:00,22.25,89.5,297.6596,303.52872,24.509600000000034,30.378720000000044
2022-05-26 15:00:00,22.25,89.75,297.43118,303.25293,24.281180000000006,30.102930000000015
2022-05-26 15:00:00,22.25,90.0,297.30792,302.79437,24.157920000000047,29.644370000000038
2022-05-26 15:00:00,22.0,85.5,293.712,298.3344,20.562000000000012,25.18440000000004
2022-05-26 15:00:00,22.0,85.75,294.26016,298.8714,21.110160000000008,25.721400000000017
2022-05-26 15:00:00,22.0,86.0,294.26016,298.8714,21.110160000000008,25.721400000000017
2022-05-26 15:00:00,22.0,86.25,294.55173,299.23056,21.401730000000043,26.080560000000048
2022-05-26 15:00:00,22.0,86.5,294.91684,301.01074,21.766840000000002,27.86074000000002
2022-05-26 15:00:00,22.0,86.75,297.4479,302.72845,24.297900000000027,29.578450000000032
2022-05-26 15:00:00,22.0,87.0,298.58282,304.5873,25.43282000000005,31.43730000000005
2022-05-26 15:00:00,22.0,87.25,298.6489,304.69156,25.49890000000005,31.541560000000004
2022-05-26 15:00:00,22.0,87.5,298.88562,304.88965,25.73562000000004,31.73965000000004
2022-05-26 15:00:00,22.0,87.75,298.94,304.87103,25.79000000000002,31.72103000000004
2022-05-26 15:00:00,22.0,88.0,298.97766,304.87198,25.827660000000037,31.72198000000003
2022-05-26 15:00:00,22.0,88.25,298.97766,304.87198,25.827660000000037,31.72198000000003
2022-05-26 15:00:00,22.0,88.5,298.93732,304.1489,25.787320000000022,30.99890000000005
2022-05-26 15:00:00,22.0,88.75,298.6618,303.5458,25.51180000000005,30.39580000000001
2022-05-26 15:00:00,22.0,89.0,298.20624,303.32132,25.056240000000003,30.171320000000037
2022-05-26 15:00:00,22.0,89.25,297.84995,302.93094,24.69995,29.780940000000044
2022-05-26 15:00:00,22.0,89.5,297.68143,302.76483,24.53143,29.61483000000004
2022-05-26 15:00:00,22.0,89.75,297.566,302.84106,24.415999999999997,29.69106000000005
2022-05-26 15:00:00,22.0,90.0,297.71014,303.1523,24.560140000000047,30.002300000000048
2022-05-26 15:00:00,21.75,85.5,294.10895,299.06738,20.958950000000016,25.917380000000037
2022-05-26 15:00:00,21.75,85.75,294.5033,300.42856,21.353300000000047,27.278560000000027
2022-05-26 15:00:00,21.75,86.0,294.5033,300.42856,21.353300000000047,27.278560000000027
2022-05-26 15:00:00,21.75,86.25,294.3918,297.282,21.241800000000012,24.132000000000005
2022-05-26 15:00:00,21.75,86.5,294.64133,301.16663,21.491330000000005,28.01663000000002
2022-05-26 15:00:00,21.75,86.75,297.12436,304.06543,23.974360000000047,30.915430000000015
2022-05-26 15:00:00,21.75,87.0,298.3001,306.02377,25.15010000000001,32.873770000000036
2022-05-26 15:00:00,21.75,87.25,298.78198,305.5772,25.63198,32.42720000000003
2022-05-26 15:00:00,21.75,87.5,298.80682,305.02206,25.65682000000004,31.872060000000033
2022-05-26 15:00:00,21.75,87.75,299.03647,304.22302,25.88647000000003,31.073020000000042
2022-05-26 15:00:00,21.75,88.0,298.86823,303.7393,25.718230000000005,30.589300000000037
2022-05-26 15:00:00,21.75,88.25,298.86823,303.7393,25.718230000000005,30.589300000000037
2022-05-26 15:00:00,21.75,88.5,299.08322,302.9857,25.933220000000006,29.83570000000003
2022-05-26 15:00:00,21.75,88.75,299.03885,302.55997,25.888850000000048,29.409970000000044
2022-05-26 15:00:00,21.75,89.0,298.65576,302.53745,25.50576000000001,29.38745
2022-05-26 15:00:00,21.75,89.25,298.8862,302.24146,25.736199999999997,29.09146000000004
2022-05-26 15:00:00,21.75,89.5,299.1728,302.04343,26.022800000000018,28.893430000000023
2022-05-26 15:00:00,21.75,89.75,299.022,302.08755,25.872000000000014,28.937550000000044
2022-05-26 15:00:00,21.75,90.0,299.0664,302.1862,25.91640000000001,29.036200000000008
2022-05-26 15:00:00,21.5,85.5,295.26602,299.58606,22.11602000000005,26.436059999999998
2022-05-26 15:00:00,21.5,85.75,295.1758,301.89514,22.025800000000004,28.74514000000005
2022-05-26 15:00:00,21.5,86.0,295.1758,301.89514,22.025800000000004,28.74514000000005
2022-05-26 15:00:00,21.5,86.25,295.96814,299.96872,22.818140000000028,26.81872000000004
2022-05-26 15:00:00,21.5,86.5,295.97528,301.21436,22.82528000000002,28.064360000000022
2022-05-26 15:00:00,21.5,86.75,297.0314,304.4417,23.881400000000042,31.29170000000005
2022-05-26 15:00:00,21.5,87.0,298.33795,305.25732,25.18795,32.107320000000016
2022-05-26 15:00:00,21.5,87.25,298.87738,304.29166,25.72738000000004,31.14166
2022-05-26 15:00:00,21.5,87.5,299.049,303.4994,25.899,30.349400000000003
2022-05-26 15:00:00,21.5,87.75,298.94516,302.91888,25.79516000000001,29.768880000000024
2022-05-26 15:00:00,21.5,88.0,298.82162,302.5754,25.67162000000002,29.425400000000025
2022-05-26 15:00:00,21.5,88.25,298.82162,302.5754,25.67162000000002,29.425400000000025
2022-05-26 15:00:00,21.5,88.5,298.85864,302.31693,25.708640000000003,29.166930000000036
2022-05-26 15:00:00,21.5,88.75,299.18185,302.16302,26.03185000000002,29.01302000000004
2022-05-26 15:00:00,21.5,89.0,299.66702,302.14294,26.517020000000002,28.992940000000033
2022-05-26 15:00:00,21.5,89.25,299.90408,302.1958,26.754080000000044,29.045800000000042
2022-05-26 15:00:00,21.5,89.5,299.6575,302.26608,26.50750000000005,29.11608000000001
2022-05-26 15:00:00,21.5,89.75,299.1789,302.1809,26.02890000000002,29.03090000000003
2022-05-26 15:00:00,21.5,90.0,299.04297,302.0504,25.892970000000048,28.900400000000047
2022-05-26 15:00:00,21.25,85.5,296.43542,300.8267,23.285420000000045,27.67670000000004
2022-05-26 15:00:00,21.25,85.75,296.8552,302.289,23.705200000000048,29.13900000000001
2022-05-26 15:00:00,21.25,86.0,296.8552,302.289,23.705200000000048,29.13900000000001
2022-05-26 15:00:00,21.25,86.25,297.4464,301.90613,24.296400000000006,28.75613000000004
2022-05-26 15:00:00,21.25,86.5,297.27402,301.4302,24.12402000000003,28.280200000000036
2022-05-26 15:00:00,21.25,86.75,297.7539,305.0344,24.60390000000001,31.884400000000028
2022-05-26 15:00:00,21.25,87.0,298.00574,303.50085,24.855740000000026,30.350850000000037
2022-05-26 15:00:00,21.25,87.25,298.42258,302.90457,25.272580000000005,29.75457
2022-05-26 15:00:00,21.25,87.5,298.74,302.7522,25.590000000000032,29.60220000000004
2022-05-26 15:00:00,21.25,87.75,298.82358,302.56293,25.673580000000015,29.412930000000017
2022-05-26 15:00:00,21.25,88.0,298.80145,302.39154,25.65145000000001,29.241540000000043
2022-05-26 15:00:00,21.25,88.25,298.80145,302.39154,25.65145000000001,29.241540000000043
2022-05-26 15:00:00,21.25,88.5,298.78925,302.18018,25.639250000000004,29.03018000000003
2022-05-26 15:00:00,21.25,88.75,298.97073,302.0456,25.820730000000026,28.8956
2022-05-26 15:00:00,21.25,89.0,299.4365,302.10632,26.286500000000046,28.956320000000005
2022-05-26 15:00:00,21.25,89.25,299.72678,302.13895,26.576780000000042,28.988950000000045
2022-05-26 15:00:00,21.25,89.5,299.50104,302.06708,26.351040000000012,28.91708
2022-05-26 15:00:00,21.25,89.75,299.16602,302.06528,26.016020000000026,28.915279999999996
2022-05-26 15:00:00,21.25,90.0,299.09903,301.996,25.94903000000005,28.846000000000004
2022-05-26 15:00:00,21.0,85.5,297.10168,301.70923,23.95168000000001,28.559230000000014
2022-05-26 15:00:00,21.0,85.75,297.28732,302.07455,24.137320000000045,28.92455000000001
2022-05-26 15:00:00,21.0,86.0,297.28732,302.07455,24.137320000000045,28.92455000000001
2022-05-26 15:00:00,21.0,86.25,297.64066,302.52173,24.490660000000048,29.371730000000014
2022-05-26 15:00:00,21.0,86.5,298.00955,302.43384,24.859550000000013,29.283839999999998
2022-05-26 15:00:00,21.0,86.75,298.6006,302.59375,25.45060000000001,29.443750000000023
2022-05-26 15:00:00,21.0,87.0,298.2671,302.44427,25.11710000000005,29.29427000000004
2022-05-26 15:00:00,21.0,87.25,298.22427,302.21884,25.074270000000013,29.068840000000023
2022-05-26 15:00:00,21.0,87.5,298.44977,302.1863,25.299770000000024,29.03630000000004
2022-05-26 15:00:00,21.0,87.75,298.64905,302.18625,25.49905000000001,29.036249999999995
2022-05-26 15:00:00,21.0,88.0,298.757,302.14664,25.607000000000028,28.996640000000014
2022-05-26 15:00:00,21.0,88.25,298.757,302.14664,25.607000000000028,28.996640000000014
2022-05-26 15:00:00,21.0,88.5,298.86353,302.1192,25.71353000000005,28.9692
2022-05-26 15:00:00,21.0,88.75,298.99976,302.07666,25.849760000000003,28.926660000000027
2022-05-26 15:00:00,21.0,89.0,299.1937,302.02847,26.0437,28.87847000000005
2022-05-26 15:00:00,21.0,89.25,299.29526,302.04214,26.145260000000007,28.89214000000004
2022-05-26 15:00:00,21.0,89.5,299.2256,302.07443,26.07560000000001,28.92443000000003
2022-05-26 15:00:00,21.0,89.75,299.2176,302.04742,26.067600000000027,28.89742000000001
2022-05-26 15:00:00,21.0,90.0,299.2737,302.03055,26.123700000000042,28.880550000000028
2022-05-26 16:00:00,27.5,85.5,287.43347,291.1472,14.283470000000023,17.99720000000002
2022-05-26 16:00:00,27.5,85.75,286.4283,291.06693,13.278300000000002,17.916930000000036
2022-05-26 16:00:00,27.5,86.0,286.4283,291.06693,13.278300000000002,17.916930000000036
2022-05-26 16:00:00,27.5,86.25,284.9957,288.69113,11.845700000000022,15.54113000000001
2022-05-26 16:00:00,27.5,86.5,282.18286,286.64767,9.032860000000028,13.497670000000028
2022-05-26 16:00:00,27.5,86.75,277.93732,285.50995,4.7873200000000224,12.359950000000026
2022-05-26 16:00:00,27.5,87.0,274.44626,284.54596,1.296260000000018,11.395960000000002
2022-05-26 16:00:00,27.5,87.25,273.54642,285.80228,0.39642000000003463,12.652280000000019
2022-05-26 16:00:00,27.5,87.5,273.4173,285.98,0.2673000000000343,12.830000000000041
2022-05-26 16:00:00,27.5,87.75,272.82532,282.35785,-0.32468000000000075,9.207850000000008
2022-05-26 16:00:00,27.5,88.0,273.52145,280.03024,0.37145000000003847,6.880240000000015
2022-05-26 16:00:00,27.5,88.25,273.52145,280.03024,0.37145000000003847,6.880240000000015
2022-05-26 16:00:00,27.5,88.5,276.11523,282.01306,2.9652300000000196,8.863060000000019
2022-05-26 16:00:00,27.5,88.75,276.78552,282.445,3.6355200000000423,9.295000000000016
2022-05-26 16:00:00,27.5,89.0,273.1991,278.54718,0.049100000000009913,5.3971800000000485
2022-05-26 16:00:00,27.5,89.25,271.14243,276.64948,-2.007569999999987,3.4994800000000055
2022-05-26 16:00:00,27.5,89.5,273.53763,279.88428,0.3876300000000015,6.7342800000000125
2022-05-26 16:00:00,27.5,89.75,275.25235,282.594,2.1023500000000013,9.444000000000017
2022-05-26 16:00:00,27.5,90.0,276.91382,283.5773,3.7638200000000097,10.427300000000002
2022-05-26 16:00:00,27.25,85.5,292.4499,296.77725,19.299900000000036,23.627250000000004
2022-05-26 16:00:00,27.25,85.75,292.13867,296.39633,18.988670000000013,23.24633
2022-05-26 16:00:00,27.25,86.0,292.13867,296.39633,18.988670000000013,23.24633
2022-05-26 16:00:00,27.25,86.25,290.0796,295.33557,16.92960000000005,22.18557000000004
2022-05-26 16:00:00,27.25,86.5,287.7435,293.27518,14.593500000000006,20.12518
2022-05-26 16:00:00,27.25,86.75,285.9356,291.35526,12.785600000000045,18.20526000000001
2022-05-26 16:00:00,27.25,87.0,283.43585,289.9245,10.285850000000039,16.774500000000046
2022-05-26 16:00:00,27.25,87.25,281.62302,290.15408,8.47302000000002,17.004080000000044
2022-05-26 16:00:00,27.25,87.5,281.06088,290.0992,7.91088000000002,16.94920000000002
2022-05-26 16:00:00,27.25,87.75,280.78244,287.91754,7.632440000000031,14.767539999999997
2022-05-26 16:00:00,27.25,88.0,281.34387,286.92535,8.193870000000004,13.775350000000003
2022-05-26 16:00:00,27.25,88.25,281.34387,286.92535,8.193870000000004,13.775350000000003
2022-05-26 16:00:00,27.25,88.5,283.50833,289.23056,10.358330000000024,16.080560000000048
2022-05-26 16:00:00,27.25,88.75,284.5644,290.18625,11.4144,17.036249999999995
2022-05-26 16:00:00,27.25,89.0,282.18173,287.21887,9.031730000000039,14.068870000000004
2022-05-26 16:00:00,27.25,89.25,280.14508,285.4827,6.99508000000003,12.332700000000045
2022-05-26 16:00:00,27.25,89.5,279.06625,285.31396,5.916250000000048,12.163960000000031
2022-05-26 16:00:00,27.25,89.75,278.75244,284.1678,5.602440000000001,11.017800000000022
2022-05-26 16:00:00,27.25,90.0,281.64896,287.5976,8.498960000000011,14.447600000000023
2022-05-26 16:00:00,27.0,85.5,292.4499,296.77725,19.299900000000036,23.627250000000004
2022-05-26 16:00:00,27.0,85.75,292.13867,296.39633,18.988670000000013,23.24633
2022-05-26 16:00:00,27.0,86.0,292.13867,296.39633,18.988670000000013,23.24633
2022-05-26 16:00:00,27.0,86.25,290.0796,295.33557,16.92960000000005,22.18557000000004
2022-05-26 16:00:00,27.0,86.5,287.7435,293.27518,14.593500000000006,20.12518
2022-05-26 16:00:00,27.0,86.75,285.9356,291.35526,12.785600000000045,18.20526000000001
2022-05-26 16:00:00,27.0,87.0,283.43585,289.9245,10.285850000000039,16.774500000000046
2022-05-26 16:00:00,27.0,87.25,281.62302,290.15408,8.47302000000002,17.004080000000044
2022-05-26 16:00:00,27.0,87.5,281.06088,290.0992,7.91088000000002,16.94920000000002
2022-05-26 16:00:00,27.0,87.75,280.78244,287.91754,7.632440000000031,14.767539999999997
2022-05-26 16:00:00,27.0,88.0,281.34387,286.92535,8.193870000000004,13.775350000000003
2022-05-26 16:00:00,27.0,88.25,281.34387,286.92535,8.193870000000004,13.775350000000003
2022-05-26 16:00:00,27.0,88.5,283.50833,289.23056,10.358330000000024,16.080560000000048
2022-05-26 16:00:00,27.0,88.75,284.5644,290.18625,11.4144,17.036249999999995
2022-05-26 16:00:00,27.0,89.0,282.18173,287.21887,9.031730000000039,14.068870000000004
2022-05-26 16:00:00,27.0,89.25,280.14508,285.4827,6.99508000000003,12.332700000000045
2022-05-26 16:00:00,27.0,89.5,279.06625,285.31396,5.916250000000048,12.163960000000031
2022-05-26 16:00:00,27.0,89.75,278.75244,284.1678,5.602440000000001,11.017800000000022
2022-05-26 16:00:00,27.0,90.0,281.64896,287.5976,8.498960000000011,14.447600000000023
2022-05-26 16:00:00,26.75,85.5,295.0971,298.54587,21.947100000000034,25.395870000000002
2022-05-26 16:00:00,26.75,85.75,294.20776,299.00092,21.05776000000003,25.85092000000003
2022-05-26 16:00:00,26.75,86.0,294.20776,299.00092,21.05776000000003,25.85092000000003
2022-05-26 16:00:00,26.75,86.25,293.5732,299.20544,20.42320000000001,26.055440000000033
2022-05-26 16:00:00,26.75,86.5,292.5145,298.7511,19.36450000000002,25.60110000000003
2022-05-26 16:00:00,26.75,86.75,291.72726,297.87848,18.577260000000024,24.728480000000047
2022-05-26 16:00:00,26.75,87.0,290.02502,295.90292,16.875020000000006,22.752920000000017
2022-05-26 16:00:00,26.75,87.25,288.81024,295.0809,15.660240000000044,21.93090000000001
2022-05-26 16:00:00,26.75,87.5,288.15518,294.716,15.005179999999996,21.56600000000003
2022-05-26 16:00:00,26.75,87.75,287.7662,293.6065,14.616200000000049,20.456500000000005
2022-05-26 16:00:00,26.75,88.0,288.22363,293.415,15.073630000000037,20.265000000000043
2022-05-26 16:00:00,26.75,88.25,288.22363,293.415,15.073630000000037,20.265000000000043
2022-05-26 16:00:00,26.75,88.5,289.70322,296.03525,16.55322000000001,22.885250000000042
2022-05-26 16:00:00,26.75,88.75,290.64032,298.5571,17.490319999999997,25.407100000000014
2022-05-26 16:00:00,26.75,89.0,289.63477,297.15146,16.484770000000026,24.00146000000001
2022-05-26 16:00:00,26.75,89.25,288.247,295.77768,15.097000000000037,22.627679999999998
2022-05-26 16:00:00,26.75,89.5,287.15686,294.88934,14.006860000000017,21.739340000000027
2022-05-26 16:00:00,26.75,89.75,286.43875,292.12497,13.28875000000005,18.97497000000004
2022-05-26 16:00:00,26.75,90.0,287.8879,296.0459,14.737900000000025,22.89590000000004
2022-05-26 16:00:00,26.5,85.5,295.65146,299.1167,22.50146000000001,25.966700000000003
2022-05-26 16:00:00,26.5,85.75,294.7772,300.60895,21.627200000000016,27.458950000000016
2022-05-26 16:00:00,26.5,86.0,294.7772,300.60895,21.627200000000016,27.458950000000016
2022-05-26 16:00:00,26.5,86.25,294.35913,299.83395,21.209130000000016,26.68395000000004
2022-05-26 16:00:00,26.5,86.5,293.9258,299.10767,20.775800000000004,25.957670000000007
2022-05-26 16:00:00,26.5,86.75,293.24673,298.50928,20.096730000000036,25.359280000000012
2022-05-26 16:00:00,26.5,87.0,293.25766,299.5343,20.10766000000001,26.384299999999996
2022-05-26 16:00:00,26.5,87.25,293.33618,299.9617,20.186180000000036,26.81170000000003
2022-05-26 16:00:00,26.5,87.5,292.93472,299.89883,19.78472000000005,26.748829999999998
2022-05-26 16:00:00,26.5,87.75,292.85034,299.54446,19.70034000000004,26.394460000000038
2022-05-26 16:00:00,26.5,88.0,293.14157,299.18985,19.991570000000024,26.03985
2022-05-26 16:00:00,26.5,88.25,293.14157,299.18985,19.991570000000024,26.03985
2022-05-26 16:00:00,26.5,88.5,293.24014,299.07608,20.09014000000002,25.926080000000013
2022-05-26 16:00:00,26.5,88.75,292.9977,299.0284,19.84770000000003,25.8784
2022-05-26 16:00:00,26.5,89.0,292.29434,299.59564,19.14434,26.445640000000026
2022-05-26 16:00:00,26.5,89.25,291.91425,300.26843,18.764250000000004,27.118430000000046
2022-05-26 16:00:00,26.5,89.5,292.10928,299.96426,18.959280000000035,26.814260000000047
2022-05-26 16:00:00,26.5,89.75,292.06317,300.05234,18.913170000000036,26.902340000000038
2022-05-26 16:00:00,26.5,90.0,292.11478,300.07214,18.96478000000002,26.922140000000013
2022-05-26 16:00:00,26.25,85.5,295.19696,299.7422,22.046960000000013,26.592200000000048
2022-05-26 16:00:00,26.25,85.75,295.08762,299.3279,21.937620000000038,26.177900000000022
2022-05-26 16:00:00,26.25,86.0,295.08762,299.3279,21.937620000000038,26.177900000000022
2022-05-26 16:00:00,26.25,86.25,294.89526,300.1322,21.74526000000003,26.982200000000034
2022-05-26 16:00:00,26.25,86.5,294.7097,299.91156,21.55970000000002,26.76156000000003
2022-05-26 16:00:00,26.25,86.75,294.6477,299.44073,21.49770000000001,26.290729999999996
2022-05-26 16:00:00,26.25,87.0,294.42615,299.70547,21.27615000000003,26.555470000000014
2022-05-26 16:00:00,26.25,87.25,294.77533,300.81546,21.62533000000002,27.665459999999996
2022-05-26 16:00:00,26.25,87.5,295.32892,301.47812,22.178920000000005,28.328120000000013
2022-05-26 16:00:00,26.25,87.75,295.5065,301.3858,22.35650000000004,28.23580000000004
2022-05-26 16:00:00,26.25,88.0,295.24075,300.98682,22.090750000000014,27.836820000000046
2022-05-26 16:00:00,26.25,88.25,295.24075,300.98682,22.090750000000014,27.836820000000046
2022-05-26 16:00:00,26.25,88.5,294.8115,300.34833,21.661500000000046,27.19833
2022-05-26 16:00:00,26.25,88.75,294.48553,299.85803,21.335530000000006,26.708030000000008
2022-05-26 16:00:00,26.25,89.0,294.23788,299.944,21.08788000000004,26.79400000000004
2022-05-26 16:00:00,26.25,89.25,294.06702,299.66132,20.917020000000036,26.511320000000012
2022-05-26 16:00:00,26.25,89.5,294.1478,299.83432,20.99780000000004,26.684320000000014
2022-05-26 16:00:00,26.25,89.75,294.2109,299.25323,21.060900000000004,26.103229999999996
2022-05-26 16:00:00,26.25,90.0,294.82373,299.70645,21.673730000000035,26.55645000000004
2022-05-26 16:00:00,26.0,85.5,295.527,300.19623,22.37700000000001,27.046230000000037
2022-05-26 16:00:00,26.0,85.75,295.17615,300.53198,22.02615000000003,27.38198
2022-05-26 16:00:00,26.0,86.0,295.17615,300.53198,22.02615000000003,27.38198
2022-05-26 16:00:00,26.0,86.25,295.0213,301.47897,21.87130000000002,28.328970000000027
2022-05-26 16:00:00,26.0,86.5,295.00314,300.8509,21.853139999999996,27.700900000000047
2022-05-26 16:00:00,26.0,86.75,295.1948,300.2733,22.04480000000001,27.12330000000003
2022-05-26 16:00:00,26.0,87.0,295.1345,300.35754,21.984500000000025,27.207539999999995
2022-05-26 16:00:00,26.0,87.25,295.56757,300.80368,22.417570000000012,27.65368000000001
2022-05-26 16:00:00,26.0,87.5,296.10464,301.7492,22.95464000000004,28.599199999999996
2022-05-26 16:00:00,26.0,87.75,296.17773,301.98322,23.02773000000002,28.83322000000004
2022-05-26 16:00:00,26.0,88.0,295.80115,301.34637,22.65115000000003,28.19637
2022-05-26 16:00:00,26.0,88.25,295.80115,301.34637,22.65115000000003,28.19637
2022-05-26 16:00:00,26.0,88.5,295.1619,300.59952,22.011900000000026,27.449520000000007
2022-05-26 16:00:00,26.0,88.75,294.50317,299.81885,21.353170000000034,26.66885000000002
2022-05-26 16:00:00,26.0,89.0,294.1531,299.5263,21.003100000000018,26.376300000000015
2022-05-26 16:00:00,26.0,89.25,294.11945,299.8465,20.969449999999995,26.696500000000015
2022-05-26 16:00:00,26.0,89.5,294.231,300.1249,21.081000000000017,26.974900000000048
2022-05-26 16:00:00,26.0,89.75,294.52878,300.417,21.378780000000006,27.266999999999996
2022-05-26 16:00:00,26.0,90.0,295.10245,300.9125,21.95245,27.762500000000045
2022-05-26 16:00:00,25.75,85.5,295.2061,301.63364,22.056100000000015,28.483640000000037
2022-05-26 16:00:00,25.75,85.75,294.94867,301.56152,21.798670000000016,28.411519999999996
2022-05-26 16:00:00,25.75,86.0,294.94867,301.56152,21.798670000000016,28.411519999999996
2022-05-26 16:00:00,25.75,86.25,295.05505,301.48563,21.905050000000017,28.335630000000037
2022-05-26 16:00:00,25.75,86.5,295.07706,301.39886,21.92706000000004,28.248860000000036
2022-05-26 16:00:00,25.75,86.75,295.22662,300.8391,22.076620000000048,27.689099999999996
2022-05-26 16:00:00,25.75,87.0,295.41574,300.69254,22.26574000000005,27.54254000000003
2022-05-26 16:00:00,25.75,87.25,295.66974,300.99414,22.519740000000013,27.84414000000004
2022-05-26 16:00:00,25.75,87.5,295.88834,301.3565,22.73834000000005,28.206500000000005
2022-05-26 16:00:00,25.75,87.75,295.91385,301.42365,22.763850000000048,28.273650000000032
2022-05-26 16:00:00,25.75,88.0,295.5926,301.08932,22.442600000000027,27.93932000000001
2022-05-26 16:00:00,25.75,88.25,295.5926,301.08932,22.442600000000027,27.93932000000001
2022-05-26 16:00:00,25.75,88.5,295.00436,300.43317,21.854360000000042,27.28317000000004
2022-05-26 16:00:00,25.75,88.75,294.3777,299.73093,21.227700000000027,26.580930000000023
2022-05-26 16:00:00,25.75,89.0,293.82776,299.44287,20.677760000000035,26.29287000000005
2022-05-26 16:00:00,25.75,89.25,293.62585,299.5803,20.475850000000037,26.430300000000045
2022-05-26 16:00:00,25.75,89.5,293.8301,299.87186,20.68010000000004,26.72186000000005
2022-05-26 16:00:00,25.75,89.75,294.5187,301.65344,21.368700000000047,28.503440000000012
2022-05-26 16:00:00,25.75,90.0,294.6883,299.9119,21.53830000000005,26.761900000000026
2022-05-26 16:00:00,25.5,85.5,295.42142,301.13443,22.271420000000035,27.98443000000003
2022-05-26 16:00:00,25.5,85.75,295.50333,302.27432,22.353330000000028,29.12432000000001
2022-05-26 16:00:00,25.5,86.0,295.50333,302.27432,22.353330000000028,29.12432000000001
2022-05-26 16:00:00,25.5,86.25,295.5347,300.98923,22.38470000000001,27.839230000000043
2022-05-26 16:00:00,25.5,86.5,295.6814,302.00873,22.53140000000002,28.858730000000037
2022-05-26 16:00:00,25.5,86.75,295.75528,301.60358,22.60528000000005,28.453580000000045
2022-05-26 16:00:00,25.5,87.0,295.7507,301.44846,22.600700000000018,28.298460000000034
2022-05-26 16:00:00,25.5,87.25,295.8219,301.70505,22.67190000000005,28.55505000000005
2022-05-26 16:00:00,25.5,87.5,295.916,301.66547,22.76600000000002,28.51547000000005
2022-05-26 16:00:00,25.5,87.75,295.75662,301.31177,22.60662000000002,28.161770000000047
2022-05-26 16:00:00,25.5,88.0,295.5957,300.78693,22.445700000000045,27.636930000000007
2022-05-26 16:00:00,25.5,88.25,295.5957,300.78693,22.445700000000045,27.636930000000007
2022-05-26 16:00:00,25.5,88.5,295.7273,300.4529,22.577300000000037,27.302900000000022
2022-05-26 16:00:00,25.5,88.75,295.79095,300.44385,22.640950000000032,27.29385000000002
2022-05-26 16:00:00,25.5,89.0,295.40616,300.13757,22.256160000000023,26.987570000000005
2022-05-26 16:00:00,25.5,89.25,294.7092,299.8794,21.559200000000033,26.7294
2022-05-26 16:00:00,25.5,89.5,294.45612,299.79477,21.30612000000002,26.64477000000005
2022-05-26 16:00:00,25.5,89.75,295.1641,300.76312,22.01410000000004,27.613120000000038
2022-05-26 16:00:00,25.5,90.0,295.20837,299.3373,22.058370000000025,26.18730000000005
2022-05-26 16:00:00,25.25,85.5,295.97018,300.25668,22.82018000000005,27.10668000000004
2022-05-26 16:00:00,25.25,85.75,295.9631,301.9602,22.81310000000002,28.81020000000001
2022-05-26 16:00:00,25.25,86.0,295.9631,301.9602,22.81310000000002,28.81020000000001
2022-05-26 16:00:00,25.25,86.25,295.93747,301.06876,22.78747000000004,27.91876000000002
2022-05-26 16:00:00,25.25,86.5,295.98856,301.2377,22.83856000000003,28.08770000000004
2022-05-26 16:00:00,25.25,86.75,295.80597,300.88025,22.655970000000025,27.730250000000012
2022-05-26 16:00:00,25.25,87.0,295.756,300.79507,22.605999999999995,27.645070000000032
2022-05-26 16:00:00,25.25,87.25,295.45248,300.4537,22.302480000000003,27.30370000000005
2022-05-26 16:00:00,25.25,87.5,295.2354,300.3848,22.08540000000005,27.234800000000007
2022-05-26 16:00:00,25.25,87.75,295.56964,301.8366,22.419640000000015,28.6866
2022-05-26 16:00:00,25.25,88.0,296.01773,302.72025,22.867729999999995,29.570250000000044
2022-05-26 16:00:00,25.25,88.25,296.01773,302.72025,22.867729999999995,29.570250000000044
2022-05-26 16:00:00,25.25,88.5,296.3649,301.97495,23.2149,28.82495
2022-05-26 16:00:00,25.25,88.75,296.7907,301.7868,23.640700000000038,28.63680000000005
2022-05-26 16:00:00,25.25,89.0,296.76044,301.85327,23.61044000000004,28.703270000000032
2022-05-26 16:00:00,25.25,89.25,296.24216,301.4477,23.092160000000035,28.29770000000002
2022-05-26 16:00:00,25.25,89.5,295.55914,301.35605,22.409140000000036,28.206050000000005
2022-05-26 16:00:00,25.25,89.75,295.76807,301.0364,22.618070000000046,27.886400000000037
2022-05-26 16:00:00,25.25,90.0,295.6871,299.41626,22.53710000000001,26.266260000000045
2022-05-26 16:00:00,25.0,85.5,295.6249,299.9476,22.474900000000048,26.797600000000045
2022-05-26 16:00:00,25.0,85.75,295.79755,301.30392,22.647550000000024,28.153920000000028
2022-05-26 16:00:00,25.0,86.0,295.79755,301.30392,22.647550000000024,28.153920000000028
2022-05-26 16:00:00,25.0,86.25,295.9646,301.76028,22.81460000000004,28.610280000000046
2022-05-26 16:00:00,25.0,86.5,295.5089,300.28027,22.358900000000006,27.130269999999996
2022-05-26 16:00:00,25.0,86.75,295.2045,299.92404,22.05450000000002,26.774040000000014
2022-05-26 16:00:00,25.0,87.0,295.289,299.82745,22.13900000000001,26.67745000000002
2022-05-26 16:00:00,25.0,87.25,295.2745,299.62003,22.124500000000012,26.47003000000001
2022-05-26 16:00:00,25.0,87.5,295.081,300.0841,21.93100000000004,26.9341
2022-05-26 16:00:00,25.0,87.75,295.53677,301.67905,22.386770000000013,28.52905000000004
2022-05-26 16:00:00,25.0,88.0,296.2977,302.46527,23.147700000000043,29.315269999999998
2022-05-26 16:00:00,25.0,88.25,296.2977,302.46527,23.147700000000043,29.315269999999998
2022-05-26 16:00:00,25.0,88.5,297.0406,301.9594,23.890600000000006,28.80940000000004
2022-05-26 16:00:00,25.0,88.75,297.85684,301.87552,24.70684,28.725520000000017
2022-05-26 16:00:00,25.0,89.0,297.73288,301.49835,24.582880000000046,28.34835000000004
2022-05-26 16:00:00,25.0,89.25,297.27466,300.74597,24.124660000000006,27.595970000000023
2022-05-26 16:00:00,25.0,89.5,296.6462,301.35623,23.496200000000044,28.206230000000005
2022-05-26 16:00:00,25.0,89.75,296.46707,301.32162,23.31707,28.17162000000002
2022-05-26 16:00:00,25.0,90.0,296.1069,300.29785,22.95690000000002,27.147850000000005
2022-05-26 16:00:00,24.75,85.5,295.6249,299.9476,22.474900000000048,26.797600000000045
2022-05-26 16:00:00,24.75,85.75,295.79755,301.30392,22.647550000000024,28.153920000000028
2022-05-26 16:00:00,24.75,86.0,295.79755,301.30392,22.647550000000024,28.153920000000028
2022-05-26 16:00:00,24.75,86.25,295.9646,301.76028,22.81460000000004,28.610280000000046
2022-05-26 16:00:00,24.75,86.5,295.5089,300.28027,22.358900000000006,27.130269999999996
2022-05-26 16:00:00,24.75,86.75,295.2045,299.92404,22.05450000000002,26.774040000000014
2022-05-26 16:00:00,24.75,87.0,295.289,299.82745,22.13900000000001,26.67745000000002
2022-05-26 16:00:00,24.75,87.25,295.2745,299.62003,22.124500000000012,26.47003000000001
2022-05-26 16:00:00,24.75,87.5,295.081,300.0841,21.93100000000004,26.9341
2022-05-26 16:00:00,24.75,87.75,295.53677,301.67905,22.386770000000013,28.52905000000004
2022-05-26 16:00:00,24.75,88.0,296.2977,302.46527,23.147700000000043,29.315269999999998
2022-05-26 16:00:00,24.75,88.25,296.2977,302.46527,23.147700000000043,29.315269999999998
2022-05-26 16:00:00,24.75,88.5,297.0406,301.9594,23.890600000000006,28.80940000000004
2022-05-26 16:00:00,24.75,88.75,297.85684,301.87552,24.70684,28.725520000000017
2022-05-26 16:00:00,24.75,89.0,297.73288,301.49835,24.582880000000046,28.34835000000004
2022-05-26 16:00:00,24.75,89.25,297.27466,300.74597,24.124660000000006,27.595970000000023
2022-05-26 16:00:00,24.75,89.5,296.6462,301.35623,23.496200000000044,28.206230000000005
2022-05-26 16:00:00,24.75,89.75,296.46707,301.32162,23.31707,28.17162000000002
2022-05-26 16:00:00,24.75,90.0,296.1069,300.29785,22.95690000000002,27.147850000000005
2022-05-26 16:00:00,24.5,85.5,295.22742,300.97894,22.077420000000018,27.828940000000046
2022-05-26 16:00:00,24.5,85.75,295.3537,300.7173,22.203700000000026,27.567300000000046
2022-05-26 16:00:00,24.5,86.0,295.3537,300.7173,22.203700000000026,27.567300000000046
2022-05-26 16:00:00,24.5,86.25,294.49533,300.1435,21.345330000000047,26.99350000000004
2022-05-26 16:00:00,24.5,86.5,294.71036,299.49942,21.560360000000003,26.34942000000001
2022-05-26 16:00:00,24.5,86.75,294.7834,298.95206,21.633399999999995,25.80206000000004
2022-05-26 16:00:00,24.5,87.0,294.45374,299.0252,21.303740000000005,25.875200000000007
2022-05-26 16:00:00,24.5,87.25,294.16565,299.09015,21.01565000000005,25.940150000000017
2022-05-26 16:00:00,24.5,87.5,294.43002,299.89728,21.280020000000036,26.747280000000046
2022-05-26 16:00:00,24.5,87.75,295.2866,301.2734,22.136600000000044,28.123400000000004
2022-05-26 16:00:00,24.5,88.0,296.3018,302.2773,23.151800000000037,29.127300000000048
2022-05-26 16:00:00,24.5,88.25,296.3018,302.2773,23.151800000000037,29.127300000000048
2022-05-26 16:00:00,24.5,88.5,296.91843,302.205,23.768430000000023,29.055000000000007
2022-05-26 16:00:00,24.5,88.75,297.1354,301.62256,23.985400000000027,28.472560000000044
2022-05-26 16:00:00,24.5,89.0,297.3762,301.63663,24.226200000000006,28.486630000000048
2022-05-26 16:00:00,24.5,89.25,297.29398,300.94476,24.14398,27.794759999999997
2022-05-26 16:00:00,24.5,89.5,296.91498,301.19717,23.764980000000037,28.04717000000005
2022-05-26 16:00:00,24.5,89.75,296.82648,301.6536,23.676480000000026,28.503600000000006
2022-05-26 16:00:00,24.5,90.0,296.36395,300.05084,23.21395000000001,26.900840000000017
2022-05-26 16:00:00,24.25,85.5,293.41425,299.48892,20.264250000000004,26.33892000000003
2022-05-26 16:00:00,24.25,85.75,293.65976,298.67944,20.50976000000003,25.529440000000022
2022-05-26 16:00:00,24.25,86.0,293.65976,298.67944,20.50976000000003,25.529440000000022
2022-05-26 16:00:00,24.25,86.25,293.85196,299.03027,20.701960000000042,25.880269999999996
2022-05-26 16:00:00,24.25,86.5,294.2813,299.05524,21.13130000000001,25.90524000000005
2022-05-26 16:00:00,24.25,86.75,294.56274,299.16815,21.412740000000042,26.01815000000005
2022-05-26 16:00:00,24.25,87.0,294.38113,299.29507,21.231130000000007,26.145070000000032
2022-05-26 16:00:00,24.25,87.25,294.31763,299.601,21.16763000000003,26.451000000000022
2022-05-26 16:00:00,24.25,87.5,294.841,300.19492,21.69100000000003,27.044920000000047
2022-05-26 16:00:00,24.25,87.75,295.85397,301.0566,22.703970000000027,27.906600000000026
2022-05-26 16:00:00,24.25,88.0,296.52185,301.80692,23.371849999999995,28.656920000000014
2022-05-26 16:00:00,24.25,88.25,296.52185,301.80692,23.371849999999995,28.656920000000014
2022-05-26 16:00:00,24.25,88.5,296.74924,302.3974,23.59924000000001,29.247400000000027
2022-05-26 16:00:00,24.25,88.75,297.2107,302.90607,24.060699999999997,29.756070000000022
2022-05-26 16:00:00,24.25,89.0,297.57217,302.79138,24.42217000000005,29.641380000000026
2022-05-26 16:00:00,24.25,89.25,297.47592,302.21027,24.325919999999996,29.060270000000003
2022-05-26 16:00:00,24.25,89.5,297.17526,301.5035,24.025260000000003,28.353499999999997
2022-05-26 16:00:00,24.25,89.75,297.26276,301.8287,24.112760000000037,28.67870000000005
2022-05-26 16:00:00,24.25,90.0,296.76288,300.82303,23.61288000000002,27.67303000000004
2022-05-26 16:00:00,24.0,85.5,292.5642,298.45355,19.41420000000005,25.30355000000003
2022-05-26 16:00:00,24.0,85.75,293.30804,299.3009,20.158040000000028,26.150900000000036
2022-05-26 16:00:00,24.0,86.0,293.30804,299.3009,20.158040000000028,26.150900000000036
2022-05-26 16:00:00,24.0,86.25,293.86887,300.1194,20.718870000000038,26.969400000000007
2022-05-26 16:00:00,24.0,86.5,294.30157,299.41333,21.15157000000005,26.263329999999996
2022-05-26 16:00:00,24.0,86.75,294.72714,299.75397,21.577140000000043,26.603970000000004
2022-05-26 16:00:00,24.0,87.0,294.68237,300.05783,21.532370000000014,26.907830000000047
2022-05-26 16:00:00,24.0,87.25,294.7828,300.52786,21.63280000000003,27.37786
2022-05-26 16:00:00,24.0,87.5,295.21643,300.91742,22.066430000000025,27.767420000000016
2022-05-26 16:00:00,24.0,87.75,296.212,301.67004,23.062000000000012,28.520039999999995
2022-05-26 16:00:00,24.0,88.0,296.80463,302.21234,23.654629999999997,29.062340000000006
2022-05-26 16:00:00,24.0,88.25,296.80463,302.21234,23.654629999999997,29.062340000000006
2022-05-26 16:00:00,24.0,88.5,296.69394,302.20084,23.54394000000002,29.05084000000005
2022-05-26 16:00:00,24.0,88.75,297.00543,302.3792,23.855430000000013,29.22920000000005
2022-05-26 16:00:00,24.0,89.0,297.35416,302.0829,24.20416,28.932900000000018
2022-05-26 16:00:00,24.0,89.25,297.22806,301.11923,24.07806000000005,27.96923000000004
2022-05-26 16:00:00,24.0,89.5,297.41748,300.46524,24.267480000000035,27.315240000000017
2022-05-26 16:00:00,24.0,89.75,297.7151,301.3484,24.56510000000003,28.19840000000005
2022-05-26 16:00:00,24.0,90.0,297.18115,301.39023,24.031150000000025,28.240229999999997
2022-05-26 16:00:00,23.75,85.5,293.61035,299.72617,20.460350000000005,26.576170000000047
2022-05-26 16:00:00,23.75,85.75,294.5412,300.86798,21.391200000000026,27.71798000000001
2022-05-26 16:00:00,23.75,86.0,294.5412,300.86798,21.391200000000026,27.71798000000001
2022-05-26 16:00:00,23.75,86.25,294.85638,299.35706,21.706380000000024,26.207060000000013
2022-05-26 16:00:00,23.75,86.5,295.20483,300.15573,22.054830000000038,27.005730000000028
2022-05-26 16:00:00,23.75,86.75,295.24094,300.5558,22.090940000000046,27.4058
2022-05-26 16:00:00,23.75,87.0,295.40778,300.6584,22.257780000000025,27.508399999999995
2022-05-26 16:00:00,23.75,87.25,295.4881,300.85867,22.338099999999997,27.70867000000004
2022-05-26 16:00:00,23.75,87.5,296.0753,301.33163,22.92530000000005,28.18163000000004
2022-05-26 16:00:00,23.75,87.75,296.67615,301.7963,23.52615000000003,28.646299999999997
2022-05-26 16:00:00,23.75,88.0,297.04288,302.22852,23.892880000000048,29.078520000000026
2022-05-26 16:00:00,23.75,88.25,297.04288,302.22852,23.892880000000048,29.078520000000026
2022-05-26 16:00:00,23.75,88.5,297.18958,302.43262,24.03958,29.28262000000001
2022-05-26 16:00:00,23.75,88.75,296.9222,301.94745,23.772199999999998,28.797450000000026
2022-05-26 16:00:00,23.75,89.0,296.8517,301.35516,23.701700000000017,28.205160000000035
2022-05-26 16:00:00,23.75,89.25,296.94366,301.58966,23.793660000000045,28.439660000000003
2022-05-26 16:00:00,23.75,89.5,297.3447,302.18198,24.19470000000001,29.031980000000033
2022-05-26 16:00:00,23.75,89.75,297.75613,302.41467,24.606130000000007,29.264670000000024
2022-05-26 16:00:00,23.75,90.0,298.0383,302.47577,24.888300000000015,29.325770000000034
2022-05-26 16:00:00,23.5,85.5,293.46622,299.22803,20.316220000000044,26.078030000000012
2022-05-26 16:00:00,23.5,85.75,294.79477,299.67673,21.64477000000005,26.526730000000043
2022-05-26 16:00:00,23.5,86.0,294.79477,299.67673,21.64477000000005,26.526730000000043
2022-05-26 16:00:00,23.5,86.25,295.21906,299.57834,22.069060000000036,26.42834000000005
2022-05-26 16:00:00,23.5,86.5,295.17914,299.39072,22.02914000000004,26.24072000000001
2022-05-26 16:00:00,23.5,86.75,294.96655,300.06976,21.816550000000007,26.919759999999997
2022-05-26 16:00:00,23.5,87.0,295.15414,300.93375,22.004140000000007,27.783749999999998
2022-05-26 16:00:00,23.5,87.25,295.64703,301.55923,22.497029999999995,28.409230000000036
2022-05-26 16:00:00,23.5,87.5,296.41495,301.81012,23.26495,28.660120000000006
2022-05-26 16:00:00,23.5,87.75,297.1984,302.2812,24.048400000000015,29.131200000000035
2022-05-26 16:00:00,23.5,88.0,297.47064,302.66345,24.320640000000026,29.513450000000034
2022-05-26 16:00:00,23.5,88.25,297.47064,302.66345,24.320640000000026,29.513450000000034
2022-05-26 16:00:00,23.5,88.5,297.21393,302.53055,24.063930000000028,29.380550000000028
2022-05-26 16:00:00,23.5,88.75,296.70157,302.06763,23.551570000000027,28.91763000000003
2022-05-26 16:00:00,23.5,89.0,296.13348,301.2997,22.983480000000043,28.149699999999996
2022-05-26 16:00:00,23.5,89.25,296.37686,301.52713,23.226860000000045,28.377130000000022
2022-05-26 16:00:00,23.5,89.5,296.93848,302.3138,23.78848000000005,29.163800000000037
2022-05-26 16:00:00,23.5,89.75,297.57462,302.10086,24.424620000000004,28.950860000000034
2022-05-26 16:00:00,23.5,90.0,297.88718,301.836,24.737180000000023,28.686000000000035
2022-05-26 16:00:00,23.25,85.5,293.4391,297.63495,20.28910000000002,24.484950000000026
2022-05-26 16:00:00,23.25,85.75,294.06226,299.70993,20.912260000000003,26.55993000000001
2022-05-26 16:00:00,23.25,86.0,294.06226,299.70993,20.912260000000003,26.55993000000001
2022-05-26 16:00:00,23.25,86.25,295.00632,299.5332,21.85632000000004,26.383200000000045
2022-05-26 16:00:00,23.25,86.5,294.91382,299.67963,21.76382000000001,26.529629999999997
2022-05-26 16:00:00,23.25,86.75,294.79218,300.06696,21.642179999999996,26.916960000000017
2022-05-26 16:00:00,23.25,87.0,294.78653,300.5944,21.63653000000005,27.44440000000003
2022-05-26 16:00:00,23.25,87.25,295.28702,301.06506,22.137020000000007,27.91506000000004
2022-05-26 16:00:00,23.25,87.5,295.90546,301.46115,22.755460000000028,28.311149999999998
2022-05-26 16:00:00,23.25,87.75,296.55566,302.08105,23.40566000000001,28.931050000000027
2022-05-26 16:00:00,23.25,88.0,297.023,302.5212,23.873000000000047,29.371200000000044
2022-05-26 16:00:00,23.25,88.25,297.023,302.5212,23.873000000000047,29.371200000000044
2022-05-26 16:00:00,23.25,88.5,297.08936,302.26913,23.939360000000022,29.11913000000004
2022-05-26 16:00:00,23.25,88.75,296.98743,302.0552,23.83743000000004,28.905200000000036
2022-05-26 16:00:00,23.25,89.0,296.95316,302.61478,23.803160000000048,29.46478000000002
2022-05-26 16:00:00,23.25,89.25,297.34537,303.0174,24.195370000000025,29.867400000000032
2022-05-26 16:00:00,23.25,89.5,297.62357,303.10986,24.473569999999995,29.95986000000005
2022-05-26 16:00:00,23.25,89.75,297.72504,302.68042,24.57504,29.53042000000005
2022-05-26 16:00:00,23.25,90.0,297.2289,301.36368,24.078900000000033,28.21368000000001
2022-05-26 16:00:00,23.0,85.5,293.86472,300.30585,20.71472,27.155850000000044
2022-05-26 16:00:00,23.0,85.75,294.47156,300.95285,21.321560000000034,27.802850000000035
2022-05-26 16:00:00,23.0,86.0,294.47156,300.95285,21.321560000000034,27.802850000000035
2022-05-26 16:00:00,23.0,86.25,294.93985,299.63144,21.78985,26.48144000000002
2022-05-26 16:00:00,23.0,86.5,295.57568,300.29846,22.42568,27.14846
2022-05-26 16:00:00,23.0,86.75,295.71512,301.06055,22.565120000000036,27.91055
2022-05-26 16:00:00,23.0,87.0,295.1755,301.0878,22.025500000000022,27.93780000000004
2022-05-26 16:00:00,23.0,87.25,295.22638,301.16565,22.07638000000003,28.01565000000005
2022-05-26 16:00:00,23.0,87.5,295.9426,301.52356,22.79260000000005,28.373559999999998
2022-05-26 16:00:00,23.0,87.75,296.93243,302.04572,23.782430000000033,28.89572000000004
2022-05-26 16:00:00,23.0,88.0,297.60342,302.42645,24.45342000000005,29.27645000000001
2022-05-26 16:00:00,23.0,88.25,297.60342,302.42645,24.45342000000005,29.27645000000001
2022-05-26 16:00:00,23.0,88.5,297.6628,302.52457,24.512800000000027,29.374570000000006
2022-05-26 16:00:00,23.0,88.75,297.70322,302.97324,24.55322000000001,29.82324
2022-05-26 16:00:00,23.0,89.0,298.06458,303.8787,24.91458,30.728700000000003
2022-05-26 16:00:00,23.0,89.25,298.12283,303.88525,24.972830000000044,30.735250000000008
2022-05-26 16:00:00,23.0,89.5,298.03064,304.1511,24.880640000000028,31.001100000000008
2022-05-26 16:00:00,23.0,89.75,297.49643,302.4829,24.346429999999998,29.332899999999995
2022-05-26 16:00:00,23.0,90.0,296.89328,301.5606,23.743280000000027,28.410600000000045
2022-05-26 16:00:00,22.75,85.5,293.7245,300.70923,20.5745,27.559230000000014
2022-05-26 16:00:00,22.75,85.75,293.92505,299.74167,20.77505000000002,26.591670000000022
2022-05-26 16:00:00,22.75,86.0,293.92505,299.74167,20.77505000000002,26.591670000000022
2022-05-26 16:00:00,22.75,86.25,294.6228,299.5991,21.472800000000007,26.449100000000044
2022-05-26 16:00:00,22.75,86.5,295.54367,300.54007,22.393670000000043,27.390070000000037
2022-05-26 16:00:00,22.75,86.75,296.58514,301.32245,23.435140000000047,28.172450000000026
2022-05-26 16:00:00,22.75,87.0,296.42883,301.50522,23.278830000000028,28.35522000000003
2022-05-26 16:00:00,22.75,87.25,296.63623,301.78275,23.486230000000035,28.632750000000044
2022-05-26 16:00:00,22.75,87.5,297.08954,302.39157,23.939540000000022,29.241570000000024
2022-05-26 16:00:00,22.75,87.75,297.59174,303.24594,24.44174000000004,30.09594000000004
2022-05-26 16:00:00,22.75,88.0,298.14014,304.15253,24.990139999999997,31.002530000000036
2022-05-26 16:00:00,22.75,88.25,298.14014,304.15253,24.990139999999997,31.002530000000036
2022-05-26 16:00:00,22.75,88.5,298.5919,304.81668,25.441900000000032,31.666680000000042
2022-05-26 16:00:00,22.75,88.75,298.80325,304.71973,25.653250000000014,31.56973000000005
2022-05-26 16:00:00,22.75,89.0,298.7966,304.47092,25.646600000000035,31.32092
2022-05-26 16:00:00,22.75,89.25,298.54898,304.47186,25.398979999999995,31.321860000000015
2022-05-26 16:00:00,22.75,89.5,297.98132,303.85144,24.831320000000005,30.701440000000048
2022-05-26 16:00:00,22.75,89.75,297.28418,302.8832,24.134180000000015,29.73320000000001
2022-05-26 16:00:00,22.75,90.0,296.77118,302.5372,23.621180000000038,29.387200000000007
2022-05-26 16:00:00,22.5,85.5,293.7245,300.70923,20.5745,27.559230000000014
2022-05-26 16:00:00,22.5,85.75,293.92505,299.74167,20.77505000000002,26.591670000000022
2022-05-26 16:00:00,22.5,86.0,293.92505,299.74167,20.77505000000002,26.591670000000022
2022-05-26 16:00:00,22.5,86.25,294.6228,299.5991,21.472800000000007,26.449100000000044
2022-05-26 16:00:00,22.5,86.5,295.54367,300.54007,22.393670000000043,27.390070000000037
2022-05-26 16:00:00,22.5,86.75,296.58514,301.32245,23.435140000000047,28.172450000000026
2022-05-26 16:00:00,22.5,87.0,296.42883,301.50522,23.278830000000028,28.35522000000003
2022-05-26 16:00:00,22.5,87.25,296.63623,301.78275,23.486230000000035,28.632750000000044
2022-05-26 16:00:00,22.5,87.5,297.08954,302.39157,23.939540000000022,29.241570000000024
2022-05-26 16:00:00,22.5,87.75,297.59174,303.24594,24.44174000000004,30.09594000000004
2022-05-26 16:00:00,22.5,88.0,298.14014,304.15253,24.990139999999997,31.002530000000036
2022-05-26 16:00:00,22.5,88.25,298.14014,304.15253,24.990139999999997,31.002530000000036
2022-05-26 16:00:00,22.5,88.5,298.5919,304.81668,25.441900000000032,31.666680000000042
2022-05-26 16:00:00,22.5,88.75,298.80325,304.71973,25.653250000000014,31.56973000000005
2022-05-26 16:00:00,22.5,89.0,298.7966,304.47092,25.646600000000035,31.32092
2022-05-26 16:00:00,22.5,89.25,298.54898,304.47186,25.398979999999995,31.321860000000015
2022-05-26 16:00:00,22.5,89.5,297.98132,303.85144,24.831320000000005,30.701440000000048
2022-05-26 16:00:00,22.5,89.75,297.28418,302.8832,24.134180000000015,29.73320000000001
2022-05-26 16:00:00,22.5,90.0,296.77118,302.5372,23.621180000000038,29.387200000000007
2022-05-26 16:00:00,22.25,85.5,293.83182,298.2664,20.681820000000016,25.1164
2022-05-26 16:00:00,22.25,85.75,294.08466,297.88388,20.934660000000008,24.73388
2022-05-26 16:00:00,22.25,86.0,294.08466,297.88388,20.934660000000008,24.73388
2022-05-26 16:00:00,22.25,86.25,294.46637,299.17365,21.316370000000006,26.023650000000032
2022-05-26 16:00:00,22.25,86.5,294.56305,300.80353,21.41305,27.653530000000046
2022-05-26 16:00:00,22.25,86.75,296.51007,301.86758,23.360070000000007,28.717579999999998
2022-05-26 16:00:00,22.25,87.0,297.1424,302.0316,23.992400000000032,28.88160000000005
2022-05-26 16:00:00,22.25,87.25,297.3684,302.6384,24.21840000000003,29.488400000000013
2022-05-26 16:00:00,22.25,87.5,297.61926,303.73172,24.46926000000002,30.58172000000002
2022-05-26 16:00:00,22.25,87.75,298.2144,305.13257,25.064400000000035,31.98257000000001
2022-05-26 16:00:00,22.25,88.0,298.62524,304.89645,25.475240000000042,31.74645000000004
2022-05-26 16:00:00,22.25,88.25,298.62524,304.89645,25.475240000000042,31.74645000000004
2022-05-26 16:00:00,22.25,88.5,298.81744,304.25504,25.66744,31.10504000000003
2022-05-26 16:00:00,22.25,88.75,298.787,304.08383,25.637,30.93383
2022-05-26 16:00:00,22.25,89.0,298.52316,303.8362,25.37316000000004,30.686200000000042
2022-05-26 16:00:00,22.25,89.25,298.0344,303.6118,24.884400000000028,30.46180000000004
2022-05-26 16:00:00,22.25,89.5,297.3998,303.49216,24.24980000000005,30.342160000000035
2022-05-26 16:00:00,22.25,89.75,296.93042,303.12656,23.78042000000005,29.976560000000006
2022-05-26 16:00:00,22.25,90.0,296.62463,302.76242,23.474630000000047,29.612420000000043
2022-05-26 16:00:00,22.0,85.5,292.93225,297.08112,19.782250000000033,23.93112000000002
2022-05-26 16:00:00,22.0,85.75,293.68375,298.17038,20.533749999999998,25.020380000000046
2022-05-26 16:00:00,22.0,86.0,293.68375,298.17038,20.533749999999998,25.020380000000046
2022-05-26 16:00:00,22.0,86.25,293.7366,298.17465,20.586600000000033,25.02465000000001
2022-05-26 16:00:00,22.0,86.5,294.1348,300.34143,20.984800000000007,27.191430000000025
2022-05-26 16:00:00,22.0,86.75,296.63498,302.19214,23.484980000000007,29.042140000000018
2022-05-26 16:00:00,22.0,87.0,297.85574,304.37802,24.70574000000005,31.228020000000015
2022-05-26 16:00:00,22.0,87.25,298.08194,304.7354,24.931939999999997,31.58540000000005
2022-05-26 16:00:00,22.0,87.5,298.37576,305.28928,25.225760000000037,32.13928000000004
2022-05-26 16:00:00,22.0,87.75,298.586,305.08047,25.436000000000035,31.930470000000014
2022-05-26 16:00:00,22.0,88.0,298.78366,304.9474,25.63366000000002,31.79740000000004
2022-05-26 16:00:00,22.0,88.25,298.78366,304.9474,25.63366000000002,31.79740000000004
2022-05-26 16:00:00,22.0,88.5,298.88895,304.41763,25.738950000000045,31.267629999999997
2022-05-26 16:00:00,22.0,88.75,298.66568,304.07443,25.51568000000003,30.92443000000003
2022-05-26 16:00:00,22.0,89.0,298.1307,303.96017,24.980700000000013,30.810170000000028
2022-05-26 16:00:00,22.0,89.25,297.6711,303.39487,24.521100000000047,30.24487000000005
2022-05-26 16:00:00,22.0,89.5,297.4132,302.92343,24.26320000000004,29.77343000000002
2022-05-26 16:00:00,22.0,89.75,297.15997,302.78595,24.00997000000001,29.635950000000037
2022-05-26 16:00:00,22.0,90.0,297.09747,302.84546,23.94747000000001,29.695460000000026
2022-05-26 16:00:00,21.75,85.5,293.61572,298.47147,20.465720000000033,25.321470000000033
2022-05-26 16:00:00,21.75,85.75,293.89038,298.14984,20.740380000000016,24.999840000000006
2022-05-26 16:00:00,21.75,86.0,293.89038,298.14984,20.740380000000016,24.999840000000006
2022-05-26 16:00:00,21.75,86.25,293.59314,298.4216,20.443140000000028,25.271600000000035
2022-05-26 16:00:00,21.75,86.5,294.01828,300.501,20.868280000000027,27.351
2022-05-26 16:00:00,21.75,86.75,296.40298,303.4783,23.252980000000036,30.328300000000013
2022-05-26 16:00:00,21.75,87.0,297.64886,305.3865,24.498860000000036,32.236500000000035
2022-05-26 16:00:00,21.75,87.25,298.2572,305.34378,25.107200000000034,32.193780000000004
2022-05-26 16:00:00,21.75,87.5,298.43533,304.84772,25.285330000000044,31.697720000000004
2022-05-26 16:00:00,21.75,87.75,298.92416,304.21512,25.774159999999995,31.065120000000036
2022-05-26 16:00:00,21.75,88.0,298.91156,303.90332,25.76156000000003,30.75332000000003
2022-05-26 16:00:00,21.75,88.25,298.91156,303.90332,25.76156000000003,30.75332000000003
2022-05-26 16:00:00,21.75,88.5,299.2119,303.1863,26.061900000000037,30.03630000000004
2022-05-26 16:00:00,21.75,88.75,299.0594,302.79214,25.909400000000005,29.64214000000004
2022-05-26 16:00:00,21.75,89.0,298.35934,302.71637,25.209339999999997,29.566370000000006
2022-05-26 16:00:00,21.75,89.25,298.4727,302.26013,25.322699999999998,29.110130000000026
2022-05-26 16:00:00,21.75,89.5,298.94672,301.97717,25.79672000000005,28.827170000000024
2022-05-26 16:00:00,21.75,89.75,298.91168,301.9377,25.761680000000013,28.78770000000003
2022-05-26 16:00:00,21.75,90.0,298.85928,301.87915,25.709280000000035,28.729150000000004
2022-05-26 16:00:00,21.5,85.5,294.94147,299.0842,21.791470000000004,25.934200000000033
2022-05-26 16:00:00,21.5,85.75,294.74347,301.5213,21.593470000000025,28.37130000000002
2022-05-26 16:00:00,21.5,86.0,294.74347,301.5213,21.593470000000025,28.37130000000002
2022-05-26 16:00:00,21.5,86.25,295.36835,299.4618,22.218350000000044,26.311800000000005
2022-05-26 16:00:00,21.5,86.5,295.35184,300.78094,22.201840000000004,27.63094000000001
2022-05-26 16:00:00,21.5,86.75,296.3994,303.73672,23.249400000000037,30.586720000000014
2022-05-26 16:00:00,21.5,87.0,298.08966,304.783,24.939660000000003,31.633000000000038
2022-05-26 16:00:00,21.5,87.25,298.72614,303.97083,25.57614000000001,30.82083
2022-05-26 16:00:00,21.5,87.5,298.92938,303.39722,25.779380000000003,30.247220000000027
2022-05-26 16:00:00,21.5,87.75,298.92538,302.9458,25.77538000000004,29.795800000000042
2022-05-26 16:00:00,21.5,88.0,298.95438,302.65552,25.804380000000037,29.505520000000047
2022-05-26 16:00:00,21.5,88.25,298.95438,302.65552,25.804380000000037,29.505520000000047
2022-05-26 16:00:00,21.5,88.5,299.0729,302.4123,25.922900000000027,29.26230000000004
2022-05-26 16:00:00,21.5,88.75,299.20038,302.23203,26.05038000000002,29.08203000000003
2022-05-26 16:00:00,21.5,89.0,299.311,302.1306,26.161,28.980600000000038
2022-05-26 16:00:00,21.5,89.25,299.41248,302.0949,26.26248000000004,28.94490000000002
2022-05-26 16:00:00,21.5,89.5,299.43506,302.1722,26.285060000000044,29.022199999999998
2022-05-26 16:00:00,21.5,89.75,299.30487,302.15875,26.154870000000017,29.00875000000002
2022-05-26 16:00:00,21.5,90.0,299.16058,302.02792,26.010580000000004,28.877920000000017
2022-05-26 16:00:00,21.25,85.5,296.21655,300.4333,23.066550000000007,27.283299999999997
2022-05-26 16:00:00,21.25,85.75,296.4307,301.9739,23.280700000000024,28.823900000000037
2022-05-26 16:00:00,21.25,86.0,296.4307,301.9739,23.280700000000024,28.823900000000037
2022-05-26 16:00:00,21.25,86.25,296.96054,301.38025,23.810540000000003,28.230250000000012
2022-05-26 16:00:00,21.25,86.5,296.6788,301.05136,23.528800000000047,27.90136000000001
2022-05-26 16:00:00,21.25,86.75,297.39072,303.58765,24.24072000000001,30.43765000000002
2022-05-26 16:00:00,21.25,87.0,297.82916,302.76755,24.679160000000024,29.61755000000005
2022-05-26 16:00:00,21.25,87.25,298.2735,302.61285,25.123500000000035,29.462850000000003
2022-05-26 16:00:00,21.25,87.5,298.6081,302.62885,25.4581,29.478850000000023
2022-05-26 16:00:00,21.25,87.75,298.77167,302.51266,25.621669999999995,29.362660000000005
2022-05-26 16:00:00,21.25,88.0,298.873,302.40652,25.723000000000013,29.256520000000023
2022-05-26 16:00:00,21.25,88.25,298.873,302.40652,25.723000000000013,29.256520000000023
2022-05-26 16:00:00,21.25,88.5,298.92847,302.25827,25.778470000000027,29.108270000000005
2022-05-26 16:00:00,21.25,88.75,298.9517,302.1134,25.80170000000004,28.963400000000036
2022-05-26 16:00:00,21.25,89.0,299.11722,302.08826,25.967219999999998,28.938260000000014
2022-05-26 16:00:00,21.25,89.25,299.3281,302.06052,26.17810000000003,28.91052000000002
2022-05-26 16:00:00,21.25,89.5,299.38583,302.00415,26.23583000000002,28.854150000000004
2022-05-26 16:00:00,21.25,89.75,299.3963,302.031,26.24630000000002,28.88100000000003
2022-05-26 16:00:00,21.25,90.0,299.33264,301.95203,26.18264000000005,28.802030000000002
2022-05-26 16:00:00,21.0,85.5,296.81653,301.67462,23.666530000000023,28.524620000000027
2022-05-26 16:00:00,21.0,85.75,297.0892,301.9719,23.939200000000028,28.821900000000028
2022-05-26 16:00:00,21.0,86.0,297.0892,301.9719,23.939200000000028,28.821900000000028
2022-05-26 16:00:00,21.0,86.25,297.7502,301.97577,24.60020000000003,28.825770000000034
2022-05-26 16:00:00,21.0,86.5,298.14816,301.4979,24.99816000000004,28.34790000000004
2022-05-26 16:00:00,21.0,86.75,298.26285,301.5846,25.112850000000037,28.434600000000046
2022-05-26 16:00:00,21.0,87.0,298.06158,301.90933,24.911580000000015,28.759330000000034
2022-05-26 16:00:00,21.0,87.25,298.05466,302.0467,24.904660000000035,28.89670000000001
2022-05-26 16:00:00,21.0,87.5,298.29483,302.13916,25.144830000000013,28.989160000000027
2022-05-26 16:00:00,21.0,87.75,298.54086,302.18472,25.390860000000032,29.03472000000005
2022-05-26 16:00:00,21.0,88.0,298.70966,302.17456,25.559660000000008,29.024560000000008
2022-05-26 16:00:00,21.0,88.25,298.70966,302.17456,25.559660000000008,29.024560000000008
2022-05-26 16:00:00,21.0,88.5,298.85974,302.16095,25.70974000000001,29.010950000000037
2022-05-26 16:00:00,21.0,88.75,298.95837,302.11032,25.808370000000025,28.960320000000024
2022-05-26 16:00:00,21.0,89.0,299.06476,302.02994,25.91476,28.879940000000033
2022-05-26 16:00:00,21.0,89.25,299.18344,302.0108,26.03344000000004,28.86080000000004
2022-05-26 16:00:00,21.0,89.5,299.29004,302.0402,26.14004,28.89020000000005
2022-05-26 16:00:00,21.0,89.75,299.45398,302.01517,26.303980000000024,28.865170000000035
2022-05-26 16:00:00,21.0,90.0,299.46475,301.96228,26.314750000000004,28.812280000000044
2022-05-26 17:00:00,27.5,85.5,287.96063,291.6003,14.810630000000003,18.450300000000027
2022-05-26 17:00:00,27.5,85.75,286.16397,290.63055,13.013970000000029,17.48055000000005
2022-05-26 17:00:00,27.5,86.0,286.16397,290.63055,13.013970000000029,17.48055000000005
2022-05-26 17:00:00,27.5,86.25,283.77158,287.7741,10.621579999999994,14.624099999999999
2022-05-26 17:00:00,27.5,86.5,280.6812,285.03394,7.5312000000000126,11.883939999999996
2022-05-26 17:00:00,27.5,86.75,277.17126,283.42075,4.021260000000041,10.270750000000021
2022-05-26 17:00:00,27.5,87.0,274.6745,283.38638,1.524500000000046,10.236379999999997
2022-05-26 17:00:00,27.5,87.25,273.8119,285.325,0.6619000000000028,12.175000000000011
2022-05-26 17:00:00,27.5,87.5,273.39877,285.74985,0.2487700000000359,12.599850000000004
2022-05-26 17:00:00,27.5,87.75,272.92838,282.57254,-0.22161999999997306,9.422540000000026
2022-05-26 17:00:00,27.5,88.0,274.15536,280.61734,1.005359999999996,7.467340000000036
2022-05-26 17:00:00,27.5,88.25,274.15536,280.61734,1.005359999999996,7.467340000000036
2022-05-26 17:00:00,27.5,88.5,277.45435,282.86667,4.3043499999999995,9.716670000000022
2022-05-26 17:00:00,27.5,88.75,279.02036,283.36795,5.870360000000005,10.21795000000003
2022-05-26 17:00:00,27.5,89.0,276.6167,278.84012,3.466700000000003,5.690120000000036
2022-05-26 17:00:00,27.5,89.25,275.11627,277.09644,1.9662700000000086,3.9464399999999955
2022-05-26 17:00:00,27.5,89.5,276.39658,279.59836,3.2465799999999945,6.4483600000000365
2022-05-26 17:00:00,27.5,89.75,276.46533,280.9109,3.315330000000017,7.760900000000049
2022-05-26 17:00:00,27.5,90.0,276.66855,282.61502,3.5185500000000047,9.465020000000038
2022-05-26 17:00:00,27.25,85.5,292.02243,296.6332,18.87243000000001,23.48320000000001
2022-05-26 17:00:00,27.25,85.75,291.7054,296.18057,18.55540000000002,23.03057000000001
2022-05-26 17:00:00,27.25,86.0,291.7054,296.18057,18.55540000000002,23.03057000000001
2022-05-26 17:00:00,27.25,86.25,289.6961,294.7184,16.546100000000024,21.568399999999997
2022-05-26 17:00:00,27.25,86.5,287.26593,292.44412,14.115930000000048,19.29412000000002
2022-05-26 17:00:00,27.25,86.75,285.2814,290.39584,12.131400000000042,17.245840000000044
2022-05-26 17:00:00,27.25,87.0,282.67453,289.23312,9.524530000000027,16.083120000000008
2022-05-26 17:00:00,27.25,87.25,280.92493,289.6852,7.77493000000004,16.53520000000003
2022-05-26 17:00:00,27.25,87.5,280.60843,289.65283,7.458430000000021,16.502830000000017
2022-05-26 17:00:00,27.25,87.75,280.6322,287.47107,7.482200000000034,14.32107000000002
2022-05-26 17:00:00,27.25,88.0,281.43286,286.62265,8.282860000000028,13.472650000000044
2022-05-26 17:00:00,27.25,88.25,281.43286,286.62265,8.282860000000028,13.472650000000044
2022-05-26 17:00:00,27.25,88.5,283.77173,288.96616,10.621730000000014,15.816160000000025
2022-05-26 17:00:00,27.25,88.75,285.2078,290.02737,12.057800000000043,16.87737000000004
2022-05-26 17:00:00,27.25,89.0,283.59564,287.84842,10.445640000000026,14.698419999999999
2022-05-26 17:00:00,27.25,89.25,282.01578,286.22943,8.86578000000003,13.079430000000002
2022-05-26 17:00:00,27.25,89.5,280.64218,284.9042,7.492180000000019,11.754200000000026
2022-05-26 17:00:00,27.25,89.75,279.35422,283.64792,6.204220000000021,10.497920000000022
2022-05-26 17:00:00,27.25,90.0,280.9858,287.1807,7.835800000000006,14.030700000000024
2022-05-26 17:00:00,27.0,85.5,292.02243,296.6332,18.87243000000001,23.48320000000001
2022-05-26 17:00:00,27.0,85.75,291.7054,296.18057,18.55540000000002,23.03057000000001
2022-05-26 17:00:00,27.0,86.0,291.7054,296.18057,18.55540000000002,23.03057000000001
2022-05-26 17:00:00,27.0,86.25,289.6961,294.7184,16.546100000000024,21.568399999999997
2022-05-26 17:00:00,27.0,86.5,287.26593,292.44412,14.115930000000048,19.29412000000002
2022-05-26 17:00:00,27.0,86.75,285.2814,290.39584,12.131400000000042,17.245840000000044
2022-05-26 17:00:00,27.0,87.0,282.67453,289.23312,9.524530000000027,16.083120000000008
2022-05-26 17:00:00,27.0,87.25,280.92493,289.6852,7.77493000000004,16.53520000000003
2022-05-26 17:00:00,27.0,87.5,280.60843,289.65283,7.458430000000021,16.502830000000017
2022-05-26 17:00:00,27.0,87.75,280.6322,287.47107,7.482200000000034,14.32107000000002
2022-05-26 17:00:00,27.0,88.0,281.43286,286.62265,8.282860000000028,13.472650000000044
2022-05-26 17:00:00,27.0,88.25,281.43286,286.62265,8.282860000000028,13.472650000000044
2022-05-26 17:00:00,27.0,88.5,283.77173,288.96616,10.621730000000014,15.816160000000025
2022-05-26 17:00:00,27.0,88.75,285.2078,290.02737,12.057800000000043,16.87737000000004
2022-05-26 17:00:00,27.0,89.0,283.59564,287.84842,10.445640000000026,14.698419999999999
2022-05-26 17:00:00,27.0,89.25,282.01578,286.22943,8.86578000000003,13.079430000000002
2022-05-26 17:00:00,27.0,89.5,280.64218,284.9042,7.492180000000019,11.754200000000026
2022-05-26 17:00:00,27.0,89.75,279.35422,283.64792,6.204220000000021,10.497920000000022
2022-05-26 17:00:00,27.0,90.0,280.9858,287.1807,7.835800000000006,14.030700000000024
2022-05-26 17:00:00,26.75,85.5,293.83893,299.66055,20.688930000000028,26.510550000000023
2022-05-26 17:00:00,26.75,85.75,293.59747,299.26068,20.44747000000001,26.110680000000002
2022-05-26 17:00:00,26.75,86.0,293.59747,299.26068,20.44747000000001,26.110680000000002
2022-05-26 17:00:00,26.75,86.25,293.51697,299.20587,20.366970000000038,26.055870000000027
2022-05-26 17:00:00,26.75,86.5,292.5945,297.66397,19.444500000000005,24.51397000000003
2022-05-26 17:00:00,26.75,86.75,291.4434,296.96213,18.29340000000002,23.812130000000025
2022-05-26 17:00:00,26.75,87.0,289.3465,295.18967,16.196500000000015,22.03967
2022-05-26 17:00:00,26.75,87.25,288.03,294.2917,14.879999999999995,21.141700000000014
2022-05-26 17:00:00,26.75,87.5,287.47275,293.39706,14.322750000000042,20.247060000000033
2022-05-26 17:00:00,26.75,87.75,287.24274,292.66238,14.092740000000049,19.512380000000007
2022-05-26 17:00:00,26.75,88.0,287.7908,293.11136,14.640800000000013,19.961360000000013
2022-05-26 17:00:00,26.75,88.25,287.7908,293.11136,14.640800000000013,19.961360000000013
2022-05-26 17:00:00,26.75,88.5,289.3069,295.63336,16.156900000000007,22.483360000000005
2022-05-26 17:00:00,26.75,88.75,290.4957,298.03485,17.345700000000022,24.88485000000003
2022-05-26 17:00:00,26.75,89.0,290.01694,296.34613,16.86694,23.19613000000004
2022-05-26 17:00:00,26.75,89.25,288.9475,295.30115,15.797500000000014,22.15115000000003
2022-05-26 17:00:00,26.75,89.5,287.6689,294.74274,14.51890000000003,21.59274000000005
2022-05-26 17:00:00,26.75,89.75,286.3597,291.46124,13.209699999999998,18.311239999999998
2022-05-26 17:00:00,26.75,90.0,287.17947,293.84964,14.029470000000003,20.699640000000045
2022-05-26 17:00:00,26.5,85.5,293.9686,298.2257,20.818600000000004,25.07570000000004
2022-05-26 17:00:00,26.5,85.75,293.96283,299.78714,20.81283000000002,26.637140000000045
2022-05-26 17:00:00,26.5,86.0,293.96283,299.78714,20.81283000000002,26.637140000000045
2022-05-26 17:00:00,26.5,86.25,294.45175,299.48953,21.301750000000027,26.339530000000025
2022-05-26 17:00:00,26.5,86.5,294.36508,298.9085,21.21508,25.758500000000026
2022-05-26 17:00:00,26.5,86.75,293.57983,298.6292,20.429830000000038,25.47920000000005
2022-05-26 17:00:00,26.5,87.0,293.2527,299.2396,20.102700000000027,26.08960000000002
2022-05-26 17:00:00,26.5,87.25,292.92285,299.1055,19.772850000000005,25.95550000000003
2022-05-26 17:00:00,26.5,87.5,292.18478,298.13846,19.034780000000012,24.988460000000032
2022-05-26 17:00:00,26.5,87.75,291.95923,297.88278,18.809230000000014,24.732780000000048
2022-05-26 17:00:00,26.5,88.0,292.36234,298.41428,19.21234000000004,25.264280000000042
2022-05-26 17:00:00,26.5,88.25,292.36234,298.41428,19.21234000000004,25.264280000000042
2022-05-26 17:00:00,26.5,88.5,292.69424,298.38782,19.544240000000002,25.23782
2022-05-26 17:00:00,26.5,88.75,292.68524,297.98682,19.535240000000044,24.836820000000046
2022-05-26 17:00:00,26.5,89.0,292.25296,298.7256,19.102959999999996,25.57560000000001
2022-05-26 17:00:00,26.5,89.25,291.97214,300.05273,18.822140000000047,26.90273000000002
2022-05-26 17:00:00,26.5,89.5,292.02502,300.4894,18.875020000000006,27.339400000000012
2022-05-26 17:00:00,26.5,89.75,291.71066,299.70242,18.56066000000004,26.55242000000004
2022-05-26 17:00:00,26.5,90.0,291.51434,298.9609,18.364340000000027,25.810900000000004
2022-05-26 17:00:00,26.25,85.5,293.7346,298.17465,20.584600000000023,25.02465000000001
2022-05-26 17:00:00,26.25,85.75,294.22693,299.20526,21.076930000000004,26.055260000000033
2022-05-26 17:00:00,26.25,86.0,294.22693,299.20526,21.076930000000004,26.055260000000033
2022-05-26 17:00:00,26.25,86.25,294.77237,299.48962,21.622370000000046,26.339620000000025
2022-05-26 17:00:00,26.25,86.5,295.16238,299.5112,22.012380000000007,26.361199999999997
2022-05-26 17:00:00,26.25,86.75,295.2549,299.48425,22.104900000000043,26.334249999999997
2022-05-26 17:00:00,26.25,87.0,295.00916,299.8257,21.85916000000003,26.675700000000006
2022-05-26 17:00:00,26.25,87.25,294.89166,300.30414,21.741660000000024,27.15414000000004
2022-05-26 17:00:00,26.25,87.5,294.78925,301.02438,21.639250000000004,27.87438000000003
2022-05-26 17:00:00,26.25,87.75,294.56644,300.5838,21.416440000000023,27.43380000000002
2022-05-26 17:00:00,26.25,88.0,294.3348,299.7924,21.184799999999996,26.64240000000001
2022-05-26 17:00:00,26.25,88.25,294.3348,299.7924,21.184799999999996,26.64240000000001
2022-05-26 17:00:00,26.25,88.5,294.1957,299.50433,21.04570000000001,26.354330000000004
2022-05-26 17:00:00,26.25,88.75,294.0934,299.1096,20.943399999999997,25.959600000000023
2022-05-26 17:00:00,26.25,89.0,293.89734,299.43887,20.74734000000001,26.28887000000003
2022-05-26 17:00:00,26.25,89.25,293.70618,299.0509,20.55618000000004,25.900900000000036
2022-05-26 17:00:00,26.25,89.5,293.79758,299.20383,20.647580000000005,26.053830000000005
2022-05-26 17:00:00,26.25,89.75,293.85687,299.09042,20.706870000000038,25.940420000000017
2022-05-26 17:00:00,26.25,90.0,294.3812,299.82846,21.2312,26.67846000000003
2022-05-26 17:00:00,26.0,85.5,294.83105,299.60373,21.681050000000027,26.453730000000007
2022-05-26 17:00:00,26.0,85.75,294.7213,299.67197,21.571300000000008,26.52197000000001
2022-05-26 17:00:00,26.0,86.0,294.7213,299.67197,21.571300000000008,26.52197000000001
2022-05-26 17:00:00,26.0,86.25,294.83115,299.9258,21.681150000000002,26.775800000000004
2022-05-26 17:00:00,26.0,86.5,295.21045,300.65018,22.060450000000003,27.50018
2022-05-26 17:00:00,26.0,86.75,295.60852,300.52725,22.45852000000002,27.377250000000004
2022-05-26 17:00:00,26.0,87.0,295.73572,300.43802,22.585720000000038,27.288020000000017
2022-05-26 17:00:00,26.0,87.25,296.0496,300.99478,22.89960000000002,27.844780000000014
2022-05-26 17:00:00,26.0,87.5,296.2212,301.42502,23.071200000000033,28.27502000000004
2022-05-26 17:00:00,26.0,87.75,295.97223,301.27075,22.822230000000047,28.120750000000044
2022-05-26 17:00:00,26.0,88.0,295.42078,300.72366,22.270780000000002,27.573660000000018
2022-05-26 17:00:00,26.0,88.25,295.42078,300.72366,22.270780000000002,27.573660000000018
2022-05-26 17:00:00,26.0,88.5,294.71176,299.96497,21.56176000000005,26.814970000000017
2022-05-26 17:00:00,26.0,88.75,294.08917,299.26367,20.939170000000047,26.113670000000013
2022-05-26 17:00:00,26.0,89.0,293.86847,299.07816,20.718470000000025,25.928160000000048
2022-05-26 17:00:00,26.0,89.25,293.93878,299.3431,20.78878000000003,26.193100000000015
2022-05-26 17:00:00,26.0,89.5,294.0803,299.55664,20.930300000000045,26.40664000000004
2022-05-26 17:00:00,26.0,89.75,294.2561,299.4085,21.106100000000026,26.258500000000026
2022-05-26 17:00:00,26.0,90.0,294.80124,300.04474,21.65124000000003,26.894740000000013
2022-05-26 17:00:00,25.75,85.5,295.40137,301.68967,22.25137000000001,28.53967
2022-05-26 17:00:00,25.75,85.75,294.93192,301.00406,21.781920000000014,27.854060000000004
2022-05-26 17:00:00,25.75,86.0,294.93192,301.00406,21.781920000000014,27.854060000000004
2022-05-26 17:00:00,25.75,86.25,294.75543,300.21603,21.605430000000013,27.066030000000012
2022-05-26 17:00:00,25.75,86.5,294.83224,300.0995,21.682240000000036,26.9495
2022-05-26 17:00:00,25.75,86.75,295.39743,300.43213,22.24743000000001,27.282129999999995
2022-05-26 17:00:00,25.75,87.0,295.96173,300.77206,22.81173000000001,27.622060000000033
2022-05-26 17:00:00,25.75,87.25,296.40283,301.52484,23.252830000000017,28.374840000000006
2022-05-26 17:00:00,25.75,87.5,296.61658,302.05734,23.46658000000002,28.907340000000033
2022-05-26 17:00:00,25.75,87.75,296.41602,301.7749,23.266020000000026,28.624900000000025
2022-05-26 17:00:00,25.75,88.0,295.68857,300.968,22.53857000000005,27.81800000000004
2022-05-26 17:00:00,25.75,88.25,295.68857,300.968,22.53857000000005,27.81800000000004
2022-05-26 17:00:00,25.75,88.5,294.67743,300.06488,21.527430000000038,26.91488000000004
2022-05-26 17:00:00,25.75,88.75,293.88962,299.29953,20.739620000000002,26.149530000000027
2022-05-26 17:00:00,25.75,89.0,293.58078,298.98938,20.430780000000027,25.839380000000006
2022-05-26 17:00:00,25.75,89.25,293.6275,299.01846,20.47750000000002,25.868460000000027
2022-05-26 17:00:00,25.75,89.5,293.86337,299.04895,20.713369999999998,25.898950000000013
2022-05-26 17:00:00,25.75,89.75,294.47214,299.3271,21.322140000000047,26.177099999999996
2022-05-26 17:00:00,25.75,90.0,294.5462,299.79593,21.39620000000002,26.64593000000002
2022-05-26 17:00:00,25.5,85.5,295.8269,301.97644,22.676900000000046,28.826440000000048
2022-05-26 17:00:00,25.5,85.75,295.5099,302.11844,22.35990000000004,28.968440000000044
2022-05-26 17:00:00,25.5,86.0,295.5099,302.11844,22.35990000000004,28.968440000000044
2022-05-26 17:00:00,25.5,86.25,295.13513,300.60153,21.985130000000026,27.451530000000048
2022-05-26 17:00:00,25.5,86.5,295.26535,300.87952,22.115350000000035,27.729520000000036
2022-05-26 17:00:00,25.5,86.75,295.65265,301.32385,22.502650000000017,28.173850000000016
2022-05-26 17:00:00,25.5,87.0,296.05676,301.82846,22.90676000000002,28.67846000000003
2022-05-26 17:00:00,25.5,87.25,296.41016,302.0623,23.26016000000004,28.912300000000016
2022-05-26 17:00:00,25.5,87.5,296.6017,301.9236,23.451700000000017,28.773600000000044
2022-05-26 17:00:00,25.5,87.75,296.433,301.72018,23.283000000000015,28.57018000000005
2022-05-26 17:00:00,25.5,88.0,295.99277,301.27942,22.84277000000003,28.12942000000004
2022-05-26 17:00:00,25.5,88.25,295.99277,301.27942,22.84277000000003,28.12942000000004
2022-05-26 17:00:00,25.5,88.5,295.49475,300.53824,22.344750000000033,27.388239999999996
2022-05-26 17:00:00,25.5,88.75,295.01956,299.97342,21.869560000000035,26.82342
2022-05-26 17:00:00,25.5,89.0,294.634,299.6626,21.484000000000037,26.51260000000002
2022-05-26 17:00:00,25.5,89.25,294.35968,299.6854,21.20968000000005,26.53540000000004
2022-05-26 17:00:00,25.5,89.5,294.61728,300.36984,21.467280000000017,27.219840000000033
2022-05-26 17:00:00,25.5,89.75,295.6374,300.7557,22.487400000000036,27.605700000000013
2022-05-26 17:00:00,25.5,90.0,295.4196,298.08627,22.269600000000025,24.936270000000036
2022-05-26 17:00:00,25.25,85.5,295.9268,300.63577,22.776800000000037,27.485770000000002
2022-05-26 17:00:00,25.25,85.75,295.66055,301.55344,22.510550000000023,28.403440000000046
2022-05-26 17:00:00,25.25,86.0,295.66055,301.55344,22.510550000000023,28.403440000000046
2022-05-26 17:00:00,25.25,86.25,295.40823,300.7607,22.258230000000026,27.61070000000001
2022-05-26 17:00:00,25.25,86.5,295.48648,300.5383,22.336479999999995,27.388300000000015
2022-05-26 17:00:00,25.25,86.75,295.53278,300.30762,22.382780000000025,27.15762000000001
2022-05-26 17:00:00,25.25,87.0,295.68976,300.37564,22.53976,27.22564
2022-05-26 17:00:00,25.25,87.25,295.51562,300.1738,22.365620000000035,27.02380000000005
2022-05-26 17:00:00,25.25,87.5,295.4907,300.2549,22.340700000000027,27.104900000000043
2022-05-26 17:00:00,25.25,87.75,296.05975,301.53967,22.90975000000003,28.389670000000024
2022-05-26 17:00:00,25.25,88.0,296.4637,302.07095,23.31370000000004,28.920950000000005
2022-05-26 17:00:00,25.25,88.25,296.4637,302.07095,23.31370000000004,28.920950000000005
2022-05-26 17:00:00,25.25,88.5,296.20413,301.2316,23.054130000000043,28.081600000000037
2022-05-26 17:00:00,25.25,88.75,295.75317,300.99652,22.603170000000034,27.846519999999998
2022-05-26 17:00:00,25.25,89.0,295.38654,300.77054,22.236540000000048,27.620540000000005
2022-05-26 17:00:00,25.25,89.25,295.47025,300.4082,22.320250000000044,27.258200000000045
2022-05-26 17:00:00,25.25,89.5,295.8116,300.30063,22.66160000000002,27.150630000000035
2022-05-26 17:00:00,25.25,89.75,296.57535,300.16727,23.425350000000037,27.017269999999996
2022-05-26 17:00:00,25.25,90.0,296.277,299.10516,23.12700000000001,25.955160000000035
2022-05-26 17:00:00,25.0,85.5,295.3139,299.9531,22.163900000000012,26.80310000000003
2022-05-26 17:00:00,25.0,85.75,295.33813,300.85916,22.18813,27.709159999999997
2022-05-26 17:00:00,25.0,86.0,295.33813,300.85916,22.18813,27.709159999999997
2022-05-26 17:00:00,25.0,86.25,295.4628,300.7991,22.31280000000004,27.649100000000033
2022-05-26 17:00:00,25.0,86.5,295.12595,300.06726,21.97595000000001,26.91726
2022-05-26 17:00:00,25.0,86.75,294.94568,299.42657,21.795680000000004,26.27657000000005
2022-05-26 17:00:00,25.0,87.0,294.95065,299.37543,21.80065000000002,26.225430000000017
2022-05-26 17:00:00,25.0,87.25,294.85895,299.35638,21.708950000000016,26.206380000000024
2022-05-26 17:00:00,25.0,87.5,294.82025,299.25662,21.67025000000001,26.10662000000002
2022-05-26 17:00:00,25.0,87.75,295.6456,300.74017,22.495600000000024,27.59017
2022-05-26 17:00:00,25.0,88.0,296.64062,302.11032,23.490620000000035,28.960320000000024
2022-05-26 17:00:00,25.0,88.25,296.64062,302.11032,23.490620000000035,28.960320000000024
2022-05-26 17:00:00,25.0,88.5,296.9259,301.28433,23.775900000000036,28.134330000000034
2022-05-26 17:00:00,25.0,88.75,296.70438,300.11557,23.554380000000037,26.965570000000014
2022-05-26 17:00:00,25.0,89.0,296.09506,299.70892,22.945060000000012,26.55892
2022-05-26 17:00:00,25.0,89.25,296.2774,299.40616,23.127400000000023,26.256160000000023
2022-05-26 17:00:00,25.0,89.5,296.81125,299.64526,23.661249999999995,26.49526000000003
2022-05-26 17:00:00,25.0,89.75,297.37308,300.23743,24.22308000000004,27.08743000000004
2022-05-26 17:00:00,25.0,90.0,296.91168,300.146,23.761680000000013,26.996000000000038
2022-05-26 17:00:00,24.75,85.5,295.3139,299.9531,22.163900000000012,26.80310000000003
2022-05-26 17:00:00,24.75,85.75,295.33813,300.85916,22.18813,27.709159999999997
2022-05-26 17:00:00,24.75,86.0,295.33813,300.85916,22.18813,27.709159999999997
2022-05-26 17:00:00,24.75,86.25,295.4628,300.7991,22.31280000000004,27.649100000000033
2022-05-26 17:00:00,24.75,86.5,295.12595,300.06726,21.97595000000001,26.91726
2022-05-26 17:00:00,24.75,86.75,294.94568,299.42657,21.795680000000004,26.27657000000005
2022-05-26 17:00:00,24.75,87.0,294.95065,299.37543,21.80065000000002,26.225430000000017
2022-05-26 17:00:00,24.75,87.25,294.85895,299.35638,21.708950000000016,26.206380000000024
2022-05-26 17:00:00,24.75,87.5,294.82025,299.25662,21.67025000000001,26.10662000000002
2022-05-26 17:00:00,24.75,87.75,295.6456,300.74017,22.495600000000024,27.59017
2022-05-26 17:00:00,24.75,88.0,296.64062,302.11032,23.490620000000035,28.960320000000024
2022-05-26 17:00:00,24.75,88.25,296.64062,302.11032,23.490620000000035,28.960320000000024
2022-05-26 17:00:00,24.75,88.5,296.9259,301.28433,23.775900000000036,28.134330000000034
2022-05-26 17:00:00,24.75,88.75,296.70438,300.11557,23.554380000000037,26.965570000000014
2022-05-26 17:00:00,24.75,89.0,296.09506,299.70892,22.945060000000012,26.55892
2022-05-26 17:00:00,24.75,89.25,296.2774,299.40616,23.127400000000023,26.256160000000023
2022-05-26 17:00:00,24.75,89.5,296.81125,299.64526,23.661249999999995,26.49526000000003
2022-05-26 17:00:00,24.75,89.75,297.37308,300.23743,24.22308000000004,27.08743000000004
2022-05-26 17:00:00,24.75,90.0,296.91168,300.146,23.761680000000013,26.996000000000038
2022-05-26 17:00:00,24.5,85.5,295.02814,300.48132,21.87814000000003,27.331320000000005
2022-05-26 17:00:00,24.5,85.75,295.1311,300.74274,21.981100000000026,27.59274000000005
2022-05-26 17:00:00,24.5,86.0,295.1311,300.74274,21.981100000000026,27.59274000000005
2022-05-26 17:00:00,24.5,86.25,294.33655,299.51703,21.18655000000001,26.36703
2022-05-26 17:00:00,24.5,86.5,294.54398,299.00183,21.39398,25.851830000000007
2022-05-26 17:00:00,24.5,86.75,294.5625,298.53485,21.412500000000023,25.38485000000003
2022-05-26 17:00:00,24.5,87.0,294.15634,298.59897,21.006340000000023,25.44897000000003
2022-05-26 17:00:00,24.5,87.25,293.8093,298.80185,20.65930000000003,25.651850000000024
2022-05-26 17:00:00,24.5,87.5,294.12888,299.67117,20.978880000000004,26.52117000000004
2022-05-26 17:00:00,24.5,87.75,295.14813,300.65536,21.998130000000003,27.505359999999996
2022-05-26 17:00:00,24.5,88.0,296.3057,301.4496,23.155700000000024,28.299599999999998
2022-05-26 17:00:00,24.5,88.25,296.3057,301.4496,23.155700000000024,28.299599999999998
2022-05-26 17:00:00,24.5,88.5,296.61282,301.42697,23.462820000000022,28.276970000000006
2022-05-26 17:00:00,24.5,88.75,296.21796,300.57004,23.067960000000028,27.42004000000003
2022-05-26 17:00:00,24.5,89.0,296.4169,300.67484,23.26690000000002,27.52484000000004
2022-05-26 17:00:00,24.5,89.25,296.45618,300.26453,23.30618000000004,27.114530000000002
2022-05-26 17:00:00,24.5,89.5,296.80692,300.22327,23.656920000000014,27.073270000000036
2022-05-26 17:00:00,24.5,89.75,297.47797,300.30518,24.32797000000005,27.15518000000003
2022-05-26 17:00:00,24.5,90.0,297.0598,299.7681,23.90980000000002,26.618100000000027
2022-05-26 17:00:00,24.25,85.5,293.38214,299.8789,20.232140000000015,26.72890000000001
2022-05-26 17:00:00,24.25,85.75,293.7546,299.1437,20.604600000000005,25.993700000000047
2022-05-26 17:00:00,24.25,86.0,293.7546,299.1437,20.604600000000005,25.993700000000047
2022-05-26 17:00:00,24.25,86.25,293.95102,298.79126,20.80102000000005,25.641260000000045
2022-05-26 17:00:00,24.25,86.5,294.2633,298.82166,21.113300000000038,25.67166000000003
2022-05-26 17:00:00,24.25,86.75,294.37695,298.99762,21.226950000000045,25.847620000000006
2022-05-26 17:00:00,24.25,87.0,294.0974,299.0654,20.947400000000016,25.915400000000034
2022-05-26 17:00:00,24.25,87.25,293.95547,299.25793,20.805470000000014,26.10793000000001
2022-05-26 17:00:00,24.25,87.5,294.39304,299.9727,21.243040000000008,26.822699999999998
2022-05-26 17:00:00,24.25,87.75,295.37836,300.61737,22.22836000000001,27.467370000000017
2022-05-26 17:00:00,24.25,88.0,296.11417,301.2286,22.964170000000024,28.078599999999994
2022-05-26 17:00:00,24.25,88.25,296.11417,301.2286,22.964170000000024,28.078599999999994
2022-05-26 17:00:00,24.25,88.5,296.45062,302.0908,23.300620000000038,28.940800000000024
2022-05-26 17:00:00,24.25,88.75,297.02216,302.68137,23.872160000000008,29.531370000000038
2022-05-26 17:00:00,24.25,89.0,297.4837,302.55258,24.33370000000002,29.40258
2022-05-26 17:00:00,24.25,89.25,297.4235,301.51096,24.273500000000013,28.360960000000034
2022-05-26 17:00:00,24.25,89.5,297.31076,301.20102,24.16076000000004,28.05102000000005
2022-05-26 17:00:00,24.25,89.75,297.66995,301.38965,24.519949999999994,28.23965000000004
2022-05-26 17:00:00,24.25,90.0,297.41055,301.14838,24.260550000000023,27.998379999999997
2022-05-26 17:00:00,24.0,85.5,292.21033,298.3553,19.06033000000002,25.205300000000022
2022-05-26 17:00:00,24.0,85.75,293.13193,299.1714,19.981930000000034,26.02140000000003
2022-05-26 17:00:00,24.0,86.0,293.13193,299.1714,19.981930000000034,26.02140000000003
2022-05-26 17:00:00,24.0,86.25,293.7346,298.63156,20.584600000000023,25.48156
2022-05-26 17:00:00,24.0,86.5,294.21762,299.13794,21.067620000000034,25.987940000000037
2022-05-26 17:00:00,24.0,86.75,294.48288,299.68726,21.332880000000046,26.537260000000003
2022-05-26 17:00:00,24.0,87.0,294.31934,299.6117,21.169340000000034,26.461700000000008
2022-05-26 17:00:00,24.0,87.25,294.32324,300.03607,21.17324000000002,26.886070000000018
2022-05-26 17:00:00,24.0,87.5,294.62378,300.2421,21.473780000000033,27.092100000000016
2022-05-26 17:00:00,24.0,87.75,295.49698,300.9782,22.34698000000003,27.828200000000038
2022-05-26 17:00:00,24.0,88.0,296.0489,301.63416,22.898900000000026,28.48416000000003
2022-05-26 17:00:00,24.0,88.25,296.0489,301.63416,22.898900000000026,28.48416000000003
2022-05-26 17:00:00,24.0,88.5,296.0592,301.3552,22.9092,28.205200000000048
2022-05-26 17:00:00,24.0,88.75,296.73483,301.38306,23.58483000000001,28.233060000000023
2022-05-26 17:00:00,24.0,89.0,297.43756,301.614,24.287560000000042,28.464
2022-05-26 17:00:00,24.0,89.25,297.1033,301.32318,23.953300000000013,28.173180000000002
2022-05-26 17:00:00,24.0,89.5,297.10562,301.24585,23.95562000000001,28.09585000000004
2022-05-26 17:00:00,24.0,89.75,297.76767,301.93555,24.617670000000032,28.78555
2022-05-26 17:00:00,24.0,90.0,297.3144,302.1426,24.1644,28.99260000000004
2022-05-26 17:00:00,23.75,85.5,292.63275,299.0702,19.48275000000001,25.920200000000023
2022-05-26 17:00:00,23.75,85.75,293.80914,300.3359,20.659140000000036,27.185900000000004
2022-05-26 17:00:00,23.75,86.0,293.80914,300.3359,20.659140000000036,27.185900000000004
2022-05-26 17:00:00,23.75,86.25,294.29193,299.17227,21.141930000000002,26.02227000000005
2022-05-26 17:00:00,23.75,86.5,294.81036,299.98114,21.660360000000026,26.831140000000005
2022-05-26 17:00:00,23.75,86.75,294.8949,300.40228,21.74490000000003,27.25228000000004
2022-05-26 17:00:00,23.75,87.0,294.92493,300.19928,21.77493000000004,27.04928000000001
2022-05-26 17:00:00,23.75,87.25,294.84442,300.23486,21.694420000000036,27.08486000000005
2022-05-26 17:00:00,23.75,87.5,295.29608,300.64102,22.14608000000004,27.49102000000005
2022-05-26 17:00:00,23.75,87.75,295.82532,301.11792,22.67532,27.96792000000005
2022-05-26 17:00:00,23.75,88.0,296.18604,301.63177,23.036040000000014,28.48177000000004
2022-05-26 17:00:00,23.75,88.25,296.18604,301.63177,23.036040000000014,28.48177000000004
2022-05-26 17:00:00,23.75,88.5,296.41064,301.86877,23.260640000000024,28.718770000000006
2022-05-26 17:00:00,23.75,88.75,296.37698,301.69406,23.226980000000026,28.54406
2022-05-26 17:00:00,23.75,89.0,296.58435,301.76068,23.434349999999995,28.610680000000002
2022-05-26 17:00:00,23.75,89.25,296.80246,301.87708,23.65246000000002,28.72708
2022-05-26 17:00:00,23.75,89.5,297.40277,302.46436,24.252769999999998,29.314360000000022
2022-05-26 17:00:00,23.75,89.75,297.62582,303.2486,24.47582,30.098600000000033
2022-05-26 17:00:00,23.75,90.0,297.71844,303.18567,24.56844000000001,30.03567000000004
2022-05-26 17:00:00,23.5,85.5,292.32416,298.864,19.17416000000003,25.714
2022-05-26 17:00:00,23.5,85.75,293.75006,299.5814,20.600060000000042,26.431399999999996
2022-05-26 17:00:00,23.5,86.0,293.75006,299.5814,20.600060000000042,26.431399999999996
2022-05-26 17:00:00,23.5,86.25,294.2826,298.7832,21.132600000000025,25.633200000000045
2022-05-26 17:00:00,23.5,86.5,294.55396,299.4571,21.40396000000004,26.307100000000048
2022-05-26 17:00:00,23.5,86.75,294.47562,299.651,21.325620000000015,26.501000000000033
2022-05-26 17:00:00,23.5,87.0,294.62054,300.13907,21.470540000000028,26.989070000000027
2022-05-26 17:00:00,23.5,87.25,294.9625,300.65997,21.8125,27.50997000000001
2022-05-26 17:00:00,23.5,87.5,295.52554,300.82364,22.37554,27.673640000000034
2022-05-26 17:00:00,23.5,87.75,296.21378,301.13647,23.06378000000001,27.986469999999997
2022-05-26 17:00:00,23.5,88.0,296.51624,301.65286,23.366240000000005,28.50286
2022-05-26 17:00:00,23.5,88.25,296.51624,301.65286,23.366240000000005,28.50286
2022-05-26 17:00:00,23.5,88.5,296.40033,301.95886,23.25033000000002,28.80886000000004
2022-05-26 17:00:00,23.5,88.75,296.27084,301.95184,23.120840000000044,28.801840000000027
2022-05-26 17:00:00,23.5,89.0,296.16177,301.78833,23.011770000000013,28.638329999999996
2022-05-26 17:00:00,23.5,89.25,296.4688,302.06833,23.31880000000001,28.918330000000026
2022-05-26 17:00:00,23.5,89.5,296.93378,302.29315,23.783780000000036,29.14315000000005
2022-05-26 17:00:00,23.5,89.75,297.27225,302.2162,24.122250000000008,29.066200000000038
2022-05-26 17:00:00,23.5,90.0,297.27786,301.66824,24.12786,28.51824000000005
2022-05-26 17:00:00,23.25,85.5,292.9505,297.12054,19.8005,23.970540000000028
2022-05-26 17:00:00,23.25,85.75,293.57172,298.61478,20.42172000000005,25.46478000000002
2022-05-26 17:00:00,23.25,86.0,293.57172,298.61478,20.42172000000005,25.46478000000002
2022-05-26 17:00:00,23.25,86.25,294.50873,298.94977,21.358730000000037,25.799770000000024
2022-05-26 17:00:00,23.25,86.5,294.41162,299.1531,21.26162000000005,26.003100000000018
2022-05-26 17:00:00,23.25,86.75,294.40002,299.73105,21.250020000000006,26.581050000000005
2022-05-26 17:00:00,23.25,87.0,294.38864,300.0606,21.238640000000032,26.910600000000045
2022-05-26 17:00:00,23.25,87.25,294.73447,300.67242,21.58447000000001,27.52242000000001
2022-05-26 17:00:00,23.25,87.5,295.2089,301.11386,22.05890000000005,27.96386000000001
2022-05-26 17:00:00,23.25,87.75,295.77475,301.4243,22.624750000000006,28.27430000000004
2022-05-26 17:00:00,23.25,88.0,296.21216,301.5036,23.062160000000006,28.35360000000003
2022-05-26 17:00:00,23.25,88.25,296.21216,301.5036,23.062160000000006,28.35360000000003
2022-05-26 17:00:00,23.25,88.5,296.35458,301.4607,23.20458000000002,28.310699999999997
2022-05-26 17:00:00,23.25,88.75,296.48508,301.8239,23.335080000000005,28.673900000000003
2022-05-26 17:00:00,23.25,89.0,296.72726,302.26016,23.577260000000024,29.110160000000008
2022-05-26 17:00:00,23.25,89.25,297.15985,302.79248,24.00985000000003,29.642480000000035
2022-05-26 17:00:00,23.25,89.5,297.39633,303.07825,24.24633,29.928250000000048
2022-05-26 17:00:00,23.25,89.75,297.62982,302.21713,24.479820000000018,29.06713000000002
2022-05-26 17:00:00,23.25,90.0,296.99103,300.92383,23.841030000000046,27.773830000000032
2022-05-26 17:00:00,23.0,85.5,294.01718,299.74988,20.86718000000002,26.59988000000004
2022-05-26 17:00:00,23.0,85.75,294.50955,300.65814,21.359550000000013,27.508140000000026
2022-05-26 17:00:00,23.0,86.0,294.50955,300.65814,21.359550000000013,27.508140000000026
2022-05-26 17:00:00,23.0,86.25,294.8144,299.7702,21.6644,26.62020000000001
2022-05-26 17:00:00,23.0,86.5,295.25595,300.2413,22.105950000000007,27.091300000000047
2022-05-26 17:00:00,23.0,86.75,295.29468,300.85056,22.14468000000005,27.700559999999996
2022-05-26 17:00:00,23.0,87.0,294.75916,300.8334,21.60916000000003,27.683400000000006
2022-05-26 17:00:00,23.0,87.25,294.77036,300.7731,21.620360000000005,27.623100000000022
2022-05-26 17:00:00,23.0,87.5,295.36075,301.07047,22.21075000000002,27.920470000000023
2022-05-26 17:00:00,23.0,87.75,296.18878,301.54153,23.03878000000003,28.391530000000046
2022-05-26 17:00:00,23.0,88.0,296.81647,301.8915,23.666470000000004,28.74150000000003
2022-05-26 17:00:00,23.0,88.25,296.81647,301.8915,23.666470000000004,28.74150000000003
2022-05-26 17:00:00,23.0,88.5,297.03204,302.2264,23.882040000000018,29.076400000000035
2022-05-26 17:00:00,23.0,88.75,297.19675,302.6265,24.04675000000003,29.476500000000044
2022-05-26 17:00:00,23.0,89.0,297.5446,302.93246,24.394600000000025,29.782460000000015
2022-05-26 17:00:00,23.0,89.25,297.8768,303.51312,24.726800000000026,30.363120000000038
2022-05-26 17:00:00,23.0,89.5,298.00055,303.57523,24.85055,30.42523
2022-05-26 17:00:00,23.0,89.75,297.6353,302.29453,24.485299999999995,29.14453000000003
2022-05-26 17:00:00,23.0,90.0,297.17935,301.56976,24.029350000000022,28.419759999999997
2022-05-26 17:00:00,22.75,85.5,293.87445,300.65103,20.724450000000047,27.501030000000014
2022-05-26 17:00:00,22.75,85.75,293.9392,300.32352,20.78920000000005,27.173519999999996
2022-05-26 17:00:00,22.75,86.0,293.9392,300.32352,20.78920000000005,27.173519999999996
2022-05-26 17:00:00,22.75,86.25,294.49643,299.46124,21.346429999999998,26.311239999999998
2022-05-26 17:00:00,22.75,86.5,295.13925,300.05426,21.989250000000027,26.904260000000022
2022-05-26 17:00:00,22.75,86.75,295.89413,301.04797,22.74413000000004,27.897970000000043
2022-05-26 17:00:00,22.75,87.0,295.77823,301.07324,22.62823000000003,27.92324000000002
2022-05-26 17:00:00,22.75,87.25,295.9481,301.30334,22.798100000000034,28.153340000000014
2022-05-26 17:00:00,22.75,87.5,296.40115,301.92007,23.251149999999996,28.770070000000032
2022-05-26 17:00:00,22.75,87.75,296.9892,302.83154,23.839200000000005,29.68154000000004
2022-05-26 17:00:00,22.75,88.0,297.70367,303.85806,24.55367000000001,30.708060000000046
2022-05-26 17:00:00,22.75,88.25,297.70367,303.85806,24.55367000000001,30.708060000000046
2022-05-26 17:00:00,22.75,88.5,298.3594,304.44415,25.209400000000016,31.294150000000002
2022-05-26 17:00:00,22.75,88.75,298.62506,304.34946,25.475060000000042,31.199460000000045
2022-05-26 17:00:00,22.75,89.0,298.7226,304.1747,25.572600000000023,31.024699999999996
2022-05-26 17:00:00,22.75,89.25,298.71252,304.1196,25.562520000000006,30.969600000000014
2022-05-26 17:00:00,22.75,89.5,298.25513,303.53568,25.10513000000003,30.385680000000036
2022-05-26 17:00:00,22.75,89.75,297.65317,302.71588,24.50317000000001,29.56588000000005
2022-05-26 17:00:00,22.75,90.0,297.3056,302.55835,24.15560000000005,29.40835000000004
2022-05-26 17:00:00,22.5,85.5,293.87445,300.65103,20.724450000000047,27.501030000000014
2022-05-26 17:00:00,22.5,85.75,293.9392,300.32352,20.78920000000005,27.173519999999996
2022-05-26 17:00:00,22.5,86.0,293.9392,300.32352,20.78920000000005,27.173519999999996
2022-05-26 17:00:00,22.5,86.25,294.49643,299.46124,21.346429999999998,26.311239999999998
2022-05-26 17:00:00,22.5,86.5,295.13925,300.05426,21.989250000000027,26.904260000000022
2022-05-26 17:00:00,22.5,86.75,295.89413,301.04797,22.74413000000004,27.897970000000043
2022-05-26 17:00:00,22.5,87.0,295.77823,301.07324,22.62823000000003,27.92324000000002
2022-05-26 17:00:00,22.5,87.25,295.9481,301.30334,22.798100000000034,28.153340000000014
2022-05-26 17:00:00,22.5,87.5,296.40115,301.92007,23.251149999999996,28.770070000000032
2022-05-26 17:00:00,22.5,87.75,296.9892,302.83154,23.839200000000005,29.68154000000004
2022-05-26 17:00:00,22.5,88.0,297.70367,303.85806,24.55367000000001,30.708060000000046
2022-05-26 17:00:00,22.5,88.25,297.70367,303.85806,24.55367000000001,30.708060000000046
2022-05-26 17:00:00,22.5,88.5,298.3594,304.44415,25.209400000000016,31.294150000000002
2022-05-26 17:00:00,22.5,88.75,298.62506,304.34946,25.475060000000042,31.199460000000045
2022-05-26 17:00:00,22.5,89.0,298.7226,304.1747,25.572600000000023,31.024699999999996
2022-05-26 17:00:00,22.5,89.25,298.71252,304.1196,25.562520000000006,30.969600000000014
2022-05-26 17:00:00,22.5,89.5,298.25513,303.53568,25.10513000000003,30.385680000000036
2022-05-26 17:00:00,22.5,89.75,297.65317,302.71588,24.50317000000001,29.56588000000005
2022-05-26 17:00:00,22.5,90.0,297.3056,302.55835,24.15560000000005,29.40835000000004
2022-05-26 17:00:00,22.25,85.5,293.54254,297.75754,20.392539999999997,24.60754000000003
2022-05-26 17:00:00,22.25,85.75,293.73062,298.08038,20.58062000000001,24.930380000000014
2022-05-26 17:00:00,22.25,86.0,293.73062,298.08038,20.58062000000001,24.930380000000014
2022-05-26 17:00:00,22.25,86.25,294.0355,298.22006,20.885500000000036,25.070060000000012
2022-05-26 17:00:00,22.25,86.5,294.04523,299.90378,20.895230000000026,26.753780000000006
2022-05-26 17:00:00,22.25,86.75,295.8789,301.5024,22.72890000000001,28.352400000000046
2022-05-26 17:00:00,22.25,87.0,296.4937,301.55878,23.343700000000013,28.408780000000036
2022-05-26 17:00:00,22.25,87.25,296.728,302.18372,23.57800000000003,29.033720000000017
2022-05-26 17:00:00,22.25,87.5,296.96912,303.62024,23.819119999999998,30.470240000000047
2022-05-26 17:00:00,22.25,87.75,297.75784,305.10498,24.60784000000001,31.954980000000035
2022-05-26 17:00:00,22.25,88.0,298.49225,305.07498,25.342250000000035,31.924980000000005
2022-05-26 17:00:00,22.25,88.25,298.49225,305.07498,25.342250000000035,31.924980000000005
2022-05-26 17:00:00,22.25,88.5,299.0046,304.57288,25.854600000000005,31.42288000000002
2022-05-26 17:00:00,22.25,88.75,299.18283,304.4994,26.032830000000047,31.349400000000003
2022-05-26 17:00:00,22.25,89.0,299.00076,304.22495,25.850760000000037,31.07495
2022-05-26 17:00:00,22.25,89.25,298.5282,303.8263,25.37820000000005,30.676300000000026
2022-05-26 17:00:00,22.25,89.5,297.85733,303.606,24.707330000000013,30.456000000000017
2022-05-26 17:00:00,22.25,89.75,297.33014,303.06882,24.180139999999994,29.91882000000004
2022-05-26 17:00:00,22.25,90.0,297.05215,302.70044,23.902150000000006,29.550440000000037
2022-05-26 17:00:00,22.0,85.5,292.5348,296.88754,19.38480000000004,23.737540000000024
2022-05-26 17:00:00,22.0,85.75,293.27298,297.2963,20.12298000000004,24.146299999999997
2022-05-26 17:00:00,22.0,86.0,293.27298,297.2963,20.12298000000004,24.146299999999997
2022-05-26 17:00:00,22.0,86.25,293.30026,297.65753,20.150260000000003,24.50753000000003
2022-05-26 17:00:00,22.0,86.5,293.6485,300.25323,20.498500000000035,27.103229999999996
2022-05-26 17:00:00,22.0,86.75,295.95364,302.33203,22.80364000000003,29.182029999999997
2022-05-26 17:00:00,22.0,87.0,297.1341,304.12073,23.984100000000012,30.970730000000003
2022-05-26 17:00:00,22.0,87.25,297.34875,304.39438,24.198750000000018,31.244380000000035
2022-05-26 17:00:00,22.0,87.5,297.7293,305.2039,24.579300000000046,32.0539
2022-05-26 17:00:00,22.0,87.75,298.2894,305.19675,25.139400000000023,32.04675000000003
2022-05-26 17:00:00,22.0,88.0,298.89972,305.06436,25.749720000000025,31.914360000000045
2022-05-26 17:00:00,22.0,88.25,298.89972,305.06436,25.749720000000025,31.914360000000045
2022-05-26 17:00:00,22.0,88.5,299.40128,304.46484,26.25128000000001,31.314840000000004
2022-05-26 17:00:00,22.0,88.75,299.4494,304.16403,26.29940000000005,31.014030000000048
2022-05-26 17:00:00,22.0,89.0,299.0066,304.2287,25.856600000000014,31.078700000000026
2022-05-26 17:00:00,22.0,89.25,298.49008,303.81284,25.34008,30.662840000000017
2022-05-26 17:00:00,22.0,89.5,298.04398,303.18997,24.89398,30.03997000000004
2022-05-26 17:00:00,22.0,89.75,297.57703,302.57016,24.427030000000002,29.42016000000001
2022-05-26 17:00:00,22.0,90.0,297.3988,302.27487,24.248800000000017,29.124870000000044
2022-05-26 17:00:00,21.75,85.5,293.68185,297.89743,20.53185000000002,24.74743000000001
2022-05-26 17:00:00,21.75,85.75,294.02078,297.80182,20.870780000000025,24.651820000000043
2022-05-26 17:00:00,21.75,86.0,294.02078,297.80182,20.870780000000025,24.651820000000043
2022-05-26 17:00:00,21.75,86.25,293.43793,297.9782,20.287930000000017,24.828200000000038
2022-05-26 17:00:00,21.75,86.5,293.81268,299.9189,20.662680000000023,26.76890000000003
2022-05-26 17:00:00,21.75,86.75,295.96063,302.97235,22.810630000000003,29.82235000000003
2022-05-26 17:00:00,21.75,87.0,297.08392,304.91962,23.93392,31.76962000000003
2022-05-26 17:00:00,21.75,87.25,297.69995,305.01266,24.549950000000024,31.862660000000005
2022-05-26 17:00:00,21.75,87.5,298.01602,304.59668,24.86602000000005,31.446680000000015
2022-05-26 17:00:00,21.75,87.75,298.78476,304.07944,25.63476000000003,30.92944
2022-05-26 17:00:00,21.75,88.0,299.01965,303.8688,25.869650000000036,30.718800000000044
2022-05-26 17:00:00,21.75,88.25,299.01965,303.8688,25.869650000000036,30.718800000000044
2022-05-26 17:00:00,21.75,88.5,299.56186,303.26773,26.411860000000047,30.117729999999995
2022-05-26 17:00:00,21.75,88.75,299.67465,302.99753,26.52465000000001,29.847530000000006
2022-05-26 17:00:00,21.75,89.0,299.20248,303.02176,26.052480000000003,29.871759999999995
2022-05-26 17:00:00,21.75,89.25,299.39844,302.54303,26.248440000000016,29.39303000000001
2022-05-26 17:00:00,21.75,89.5,299.76877,302.00592,26.61877000000004,28.855920000000026
2022-05-26 17:00:00,21.75,89.75,299.54666,301.65536,26.396659999999997,28.505359999999996
2022-05-26 17:00:00,21.75,90.0,299.27078,301.51654,26.120780000000025,28.366540000000043
2022-05-26 17:00:00,21.5,85.5,295.3223,299.14902,22.172300000000007,25.99902000000003
2022-05-26 17:00:00,21.5,85.75,295.24716,301.56747,22.09716000000003,28.417470000000037
2022-05-26 17:00:00,21.5,86.0,295.24716,301.56747,22.09716000000003,28.417470000000037
2022-05-26 17:00:00,21.5,86.25,295.5769,299.63602,22.426900000000046,26.486019999999996
2022-05-26 17:00:00,21.5,86.5,295.4135,300.8183,22.263500000000022,27.668300000000045
2022-05-26 17:00:00,21.5,86.75,296.21527,303.21692,23.065269999999998,30.06692000000004
2022-05-26 17:00:00,21.5,87.0,297.99142,303.88336,24.841420000000028,30.733360000000005
2022-05-26 17:00:00,21.5,87.25,298.62347,303.48218,25.47347000000002,30.33218000000005
2022-05-26 17:00:00,21.5,87.5,298.82278,303.18842,25.672780000000046,30.03842000000003
2022-05-26 17:00:00,21.5,87.75,298.84857,302.87024,25.698570000000018,29.720240000000047
2022-05-26 17:00:00,21.5,88.0,298.93878,302.62598,25.78878000000003,29.47598000000005
2022-05-26 17:00:00,21.5,88.25,298.93878,302.62598,25.78878000000003,29.47598000000005
2022-05-26 17:00:00,21.5,88.5,299.17725,302.411,26.027250000000038,29.261000000000024
2022-05-26 17:00:00,21.5,88.75,299.53818,302.29193,26.388180000000034,29.141930000000002
2022-05-26 17:00:00,21.5,89.0,299.94598,302.27924,26.795980000000043,29.12924000000004
2022-05-26 17:00:00,21.5,89.25,300.26266,302.28302,27.112660000000005,29.133020000000045
2022-05-26 17:00:00,21.5,89.5,300.34265,302.34,27.192650000000015,29.189999999999998
2022-05-26 17:00:00,21.5,89.75,300.11404,302.3111,26.96404000000001,29.161100000000033
2022-05-26 17:00:00,21.5,90.0,299.69168,302.0753,26.541680000000042,28.92530000000005
2022-05-26 17:00:00,21.25,85.5,296.94836,300.61386,23.798360000000002,27.46386000000001
2022-05-26 17:00:00,21.25,85.75,297.04007,301.18295,23.890070000000037,28.032950000000028
2022-05-26 17:00:00,21.25,86.0,297.04007,301.18295,23.890070000000037,28.032950000000028
2022-05-26 17:00:00,21.25,86.25,297.19678,301.62207,24.046780000000012,28.47207000000003
2022-05-26 17:00:00,21.25,86.5,296.8008,301.46802,23.650800000000004,28.318020000000047
2022-05-26 17:00:00,21.25,86.75,297.53275,302.55878,24.382750000000044,29.408780000000036
2022-05-26 17:00:00,21.25,87.0,297.8397,302.17776,24.689700000000016,29.02776
2022-05-26 17:00:00,21.25,87.25,298.22717,302.31262,25.077170000000024,29.162620000000004
2022-05-26 17:00:00,21.25,87.5,298.55978,302.46674,25.409780000000012,29.31674000000004
2022-05-26 17:00:00,21.25,87.75,298.72098,302.43164,25.57098000000002,29.28164000000004
2022-05-26 17:00:00,21.25,88.0,298.8176,302.35873,25.66760000000005,29.208730000000003
2022-05-26 17:00:00,21.25,88.25,298.8176,302.35873,25.66760000000005,29.208730000000003
2022-05-26 17:00:00,21.25,88.5,298.90747,302.2385,25.757470000000012,29.08850000000001
2022-05-26 17:00:00,21.25,88.75,299.07315,302.12637,25.92315000000002,28.97637000000003
2022-05-26 17:00:00,21.25,89.0,299.46738,302.1355,26.317380000000014,28.985500000000002
2022-05-26 17:00:00,21.25,89.25,299.92596,302.14288,26.775959999999998,28.992880000000014
2022-05-26 17:00:00,21.25,89.5,300.20804,302.11685,27.058040000000005,28.966850000000022
2022-05-26 17:00:00,21.25,89.75,300.31784,302.16202,27.167840000000012,29.012020000000007
2022-05-26 17:00:00,21.25,90.0,300.0815,302.0605,26.931500000000028,28.910500000000013
2022-05-26 17:00:00,21.0,85.5,298.15988,302.087,25.00988000000001,28.937000000000012
2022-05-26 17:00:00,21.0,85.75,298.16882,301.9859,25.018820000000005,28.835900000000038
2022-05-26 17:00:00,21.0,86.0,298.16882,301.9859,25.018820000000005,28.835900000000038
2022-05-26 17:00:00,21.0,86.25,298.21933,301.89267,25.069330000000036,28.742670000000032
2022-05-26 17:00:00,21.0,86.5,297.99384,301.241,24.84384,28.091000000000008
2022-05-26 17:00:00,21.0,86.75,297.89304,301.1665,24.743040000000008,28.016500000000008
2022-05-26 17:00:00,21.0,87.0,297.94492,301.60587,24.794920000000047,28.455870000000004
2022-05-26 17:00:00,21.0,87.25,298.01862,301.8905,24.86862000000002,28.740499999999997
2022-05-26 17:00:00,21.0,87.5,298.28958,302.07388,25.139580000000024,28.923879999999997
2022-05-26 17:00:00,21.0,87.75,298.54547,302.1669,25.395470000000046,29.01690000000002
2022-05-26 17:00:00,21.0,88.0,298.6924,302.16043,25.542400000000043,29.010430000000042
2022-05-26 17:00:00,21.0,88.25,298.6924,302.16043,25.542400000000043,29.010430000000042
2022-05-26 17:00:00,21.0,88.5,298.8172,302.12982,25.667200000000037,28.979820000000018
2022-05-26 17:00:00,21.0,88.75,298.91708,302.0749,25.76708000000002,28.924900000000036
2022-05-26 17:00:00,21.0,89.0,299.08075,302.0127,25.930750000000046,28.862700000000018
2022-05-26 17:00:00,21.0,89.25,299.40454,302.0396,26.25454000000002,28.88960000000003
2022-05-26 17:00:00,21.0,89.5,299.8883,302.13235,26.738300000000038,28.982349999999997
2022-05-26 17:00:00,21.0,89.75,300.39276,302.1433,27.242760000000033,28.993300000000033
2022-05-26 17:00:00,21.0,90.0,300.43204,302.0689,27.282039999999995,28.918900000000008
2022-05-26 18:00:00,27.5,85.5,286.2956,290.47147,13.145600000000002,17.321470000000033
2022-05-26 18:00:00,27.5,85.75,284.92206,289.79648,11.77206000000001,16.646479999999997
2022-05-26 18:00:00,27.5,86.0,284.92206,289.79648,11.77206000000001,16.646479999999997
2022-05-26 18:00:00,27.5,86.25,283.0901,287.50073,9.94010000000003,14.350729999999999
2022-05-26 18:00:00,27.5,86.5,280.27545,284.63208,7.125450000000001,11.482079999999996
2022-05-26 18:00:00,27.5,86.75,276.64874,282.31137,3.498739999999998,9.161370000000034
2022-05-26 18:00:00,27.5,87.0,273.86923,281.65347,0.7192300000000387,8.50347000000005
2022-05-26 18:00:00,27.5,87.25,272.14688,283.7724,-1.0031199999999671,10.622400000000027
2022-05-26 18:00:00,27.5,87.5,270.87976,284.35742,-2.270240000000001,11.207420000000013
2022-05-26 18:00:00,27.5,87.75,270.46262,281.25354,-2.687379999999962,8.10354000000001
2022-05-26 18:00:00,27.5,88.0,272.90402,279.76883,-0.24597999999997455,6.618830000000003
2022-05-26 18:00:00,27.5,88.25,272.90402,279.76883,-0.24597999999997455,6.618830000000003
2022-05-26 18:00:00,27.5,88.5,277.87717,282.913,4.727170000000001,9.763000000000034
2022-05-26 18:00:00,27.5,88.75,280.41455,284.14865,7.2645500000000425,10.998649999999998
2022-05-26 18:00:00,27.5,89.0,277.91888,279.29404,4.768880000000024,6.144040000000018
2022-05-26 18:00:00,27.5,89.25,276.2498,276.7561,3.099800000000016,3.6061000000000263
2022-05-26 18:00:00,27.5,89.5,278.2446,280.18597,5.094600000000014,7.03597000000002
2022-05-26 18:00:00,27.5,89.75,279.76495,282.9561,6.614950000000022,9.806100000000015
2022-05-26 18:00:00,27.5,90.0,281.23163,284.79547,8.081630000000018,11.645470000000046
2022-05-26 18:00:00,27.25,85.5,291.13205,295.8885,17.982050000000015,22.738500000000045
2022-05-26 18:00:00,27.25,85.75,290.59067,295.48477,17.44067000000001,22.33477000000005
2022-05-26 18:00:00,27.25,86.0,290.59067,295.48477,17.44067000000001,22.33477000000005
2022-05-26 18:00:00,27.25,86.25,288.55563,293.7171,15.40563000000003,20.56710000000004
2022-05-26 18:00:00,27.25,86.5,286.34082,291.5854,13.19082000000003,18.435400000000016
2022-05-26 18:00:00,27.25,86.75,284.79785,289.8504,11.647850000000005,16.700400000000002
2022-05-26 18:00:00,27.25,87.0,282.6116,288.83243,9.461600000000033,15.68243000000001
2022-05-26 18:00:00,27.25,87.25,280.53937,289.20258,7.389370000000042,16.052580000000034
2022-05-26 18:00:00,27.25,87.5,279.49628,288.77798,6.346280000000036,15.627980000000036
2022-05-26 18:00:00,27.25,87.75,279.1519,286.34958,6.001900000000035,13.199580000000026
2022-05-26 18:00:00,27.25,88.0,280.2421,285.6965,7.092100000000016,12.546500000000037
2022-05-26 18:00:00,27.25,88.25,280.2421,285.6965,7.092100000000016,12.546500000000037
2022-05-26 18:00:00,27.25,88.5,283.26306,288.48615,10.113060000000019,15.336150000000032
2022-05-26 18:00:00,27.25,88.75,285.13007,289.86133,11.980070000000012,16.711330000000032
2022-05-26 18:00:00,27.25,89.0,283.40735,287.6064,10.25735000000003,14.45640000000003
2022-05-26 18:00:00,27.25,89.25,282.10007,286.06165,8.95007000000004,12.911650000000009
2022-05-26 18:00:00,27.25,89.5,282.16162,285.3789,9.01162000000005,12.22890000000001
2022-05-26 18:00:00,27.25,89.75,283.31387,285.32272,10.163870000000031,12.172720000000027
2022-05-26 18:00:00,27.25,90.0,286.31396,288.9334,13.163960000000031,15.783400000000029
2022-05-26 18:00:00,27.0,85.5,291.13205,295.8885,17.982050000000015,22.738500000000045
2022-05-26 18:00:00,27.0,85.75,290.59067,295.48477,17.44067000000001,22.33477000000005
2022-05-26 18:00:00,27.0,86.0,290.59067,295.48477,17.44067000000001,22.33477000000005
2022-05-26 18:00:00,27.0,86.25,288.55563,293.7171,15.40563000000003,20.56710000000004
2022-05-26 18:00:00,27.0,86.5,286.34082,291.5854,13.19082000000003,18.435400000000016
2022-05-26 18:00:00,27.0,86.75,284.79785,289.8504,11.647850000000005,16.700400000000002
2022-05-26 18:00:00,27.0,87.0,282.6116,288.83243,9.461600000000033,15.68243000000001
2022-05-26 18:00:00,27.0,87.25,280.53937,289.20258,7.389370000000042,16.052580000000034
2022-05-26 18:00:00,27.0,87.5,279.49628,288.77798,6.346280000000036,15.627980000000036
2022-05-26 18:00:00,27.0,87.75,279.1519,286.34958,6.001900000000035,13.199580000000026
2022-05-26 18:00:00,27.0,88.0,280.2421,285.6965,7.092100000000016,12.546500000000037
2022-05-26 18:00:00,27.0,88.25,280.2421,285.6965,7.092100000000016,12.546500000000037
2022-05-26 18:00:00,27.0,88.5,283.26306,288.48615,10.113060000000019,15.336150000000032
2022-05-26 18:00:00,27.0,88.75,285.13007,289.86133,11.980070000000012,16.711330000000032
2022-05-26 18:00:00,27.0,89.0,283.40735,287.6064,10.25735000000003,14.45640000000003
2022-05-26 18:00:00,27.0,89.25,282.10007,286.06165,8.95007000000004,12.911650000000009
2022-05-26 18:00:00,27.0,89.5,282.16162,285.3789,9.01162000000005,12.22890000000001
2022-05-26 18:00:00,27.0,89.75,283.31387,285.32272,10.163870000000031,12.172720000000027
2022-05-26 18:00:00,27.0,90.0,286.31396,288.9334,13.163960000000031,15.783400000000029
2022-05-26 18:00:00,26.75,85.5,293.16202,299.127,20.012020000000007,25.977000000000032
2022-05-26 18:00:00,26.75,85.75,292.51883,297.0636,19.368830000000003,23.91360000000003
2022-05-26 18:00:00,26.75,86.0,292.51883,297.0636,19.368830000000003,23.91360000000003
2022-05-26 18:00:00,26.75,86.25,292.18005,297.9938,19.030050000000017,24.843800000000044
2022-05-26 18:00:00,26.75,86.5,291.329,296.89243,18.17900000000003,23.742430000000013
2022-05-26 18:00:00,26.75,86.75,290.75482,296.2672,17.604820000000018,23.117200000000025
2022-05-26 18:00:00,26.75,87.0,289.3607,294.90506,16.21070000000003,21.755060000000014
2022-05-26 18:00:00,26.75,87.25,288.09985,294.02814,14.949850000000026,20.87814000000003
2022-05-26 18:00:00,26.75,87.5,287.1879,292.5121,14.037900000000036,19.362099999999998
2022-05-26 18:00:00,26.75,87.75,286.72177,291.67535,13.571770000000015,18.525350000000003
2022-05-26 18:00:00,26.75,88.0,287.19418,292.5499,14.04418000000004,19.399900000000002
2022-05-26 18:00:00,26.75,88.25,287.19418,292.5499,14.04418000000004,19.399900000000002
2022-05-26 18:00:00,26.75,88.5,288.65707,294.54266,15.507069999999999,21.392660000000035
2022-05-26 18:00:00,26.75,88.75,289.77585,296.33234,16.625850000000014,23.18234000000001
2022-05-26 18:00:00,26.75,89.0,289.21933,296.03333,16.069330000000036,22.88333
2022-05-26 18:00:00,26.75,89.25,288.46597,295.60736,15.31597000000005,22.45736000000005
2022-05-26 18:00:00,26.75,89.5,288.41837,295.0151,15.268370000000004,21.86510000000004
2022-05-26 18:00:00,26.75,89.75,288.93134,293.3033,15.78134,20.1533
2022-05-26 18:00:00,26.75,90.0,291.10345,296.07236,17.953450000000032,22.922360000000026
2022-05-26 18:00:00,26.5,85.5,293.30734,299.4909,20.157340000000033,26.340900000000033
2022-05-26 18:00:00,26.5,85.75,292.92578,298.34082,19.775779999999997,25.19082000000003
2022-05-26 18:00:00,26.5,86.0,292.92578,298.34082,19.775779999999997,25.19082000000003
2022-05-26 18:00:00,26.5,86.25,293.1987,298.11758,20.048699999999997,24.967579999999998
2022-05-26 18:00:00,26.5,86.5,293.11746,298.10516,19.967460000000017,24.955160000000035
2022-05-26 18:00:00,26.5,86.75,292.70258,297.61053,19.552580000000034,24.460530000000006
2022-05-26 18:00:00,26.5,87.0,292.88724,298.70056,19.737240000000043,25.55056000000002
2022-05-26 18:00:00,26.5,87.25,292.89328,298.5264,19.743280000000027,25.376400000000046
2022-05-26 18:00:00,26.5,87.5,292.34842,297.39807,19.19842,24.24807000000004
2022-05-26 18:00:00,26.5,87.75,292.162,297.4387,19.012,24.288700000000006
2022-05-26 18:00:00,26.5,88.0,292.31815,298.02493,19.168150000000026,24.874930000000006
2022-05-26 18:00:00,26.5,88.25,292.31815,298.02493,19.168150000000026,24.874930000000006
2022-05-26 18:00:00,26.5,88.5,292.22614,297.91556,19.07614000000001,24.76556000000005
2022-05-26 18:00:00,26.5,88.75,291.94595,297.54663,18.795950000000005,24.396630000000016
2022-05-26 18:00:00,26.5,89.0,291.52747,297.75494,18.377470000000017,24.60494
2022-05-26 18:00:00,26.5,89.25,291.48843,299.58984,18.338430000000017,26.439840000000004
2022-05-26 18:00:00,26.5,89.5,292.13776,300.36575,18.987760000000037,27.215750000000014
2022-05-26 18:00:00,26.5,89.75,292.7188,299.6908,19.56880000000001,26.540800000000047
2022-05-26 18:00:00,26.5,90.0,293.2631,298.94492,20.11310000000003,25.794920000000047
2022-05-26 18:00:00,26.25,85.5,292.96973,298.8275,19.81973000000005,25.67750000000001
2022-05-26 18:00:00,26.25,85.75,293.16458,299.8886,20.014580000000024,26.73860000000002
2022-05-26 18:00:00,26.25,86.0,293.16458,299.8886,20.014580000000024,26.73860000000002
2022-05-26 18:00:00,26.25,86.25,293.4812,298.9629,20.331200000000024,25.812900000000013
2022-05-26 18:00:00,26.25,86.5,293.88513,298.76254,20.735130000000026,25.612540000000024
2022-05-26 18:00:00,26.25,86.75,294.15903,299.04398,21.009029999999996,25.89398
2022-05-26 18:00:00,26.25,87.0,294.22046,299.32605,21.070460000000026,26.176050000000032
2022-05-26 18:00:00,26.25,87.25,294.5786,299.74368,21.428600000000017,26.593680000000006
2022-05-26 18:00:00,26.25,87.5,294.9741,300.05313,21.824100000000044,26.903130000000033
2022-05-26 18:00:00,26.25,87.75,294.99423,300.3162,21.84423000000004,27.166200000000003
2022-05-26 18:00:00,26.25,88.0,294.5872,300.24304,21.43720000000002,27.09304000000003
2022-05-26 18:00:00,26.25,88.25,294.5872,300.24304,21.43720000000002,27.09304000000003
2022-05-26 18:00:00,26.25,88.5,293.989,299.42978,20.839,26.279780000000017
2022-05-26 18:00:00,26.25,88.75,293.56653,298.7012,20.416530000000023,25.551199999999994
2022-05-26 18:00:00,26.25,89.0,293.4509,298.84348,20.300900000000013,25.693480000000022
2022-05-26 18:00:00,26.25,89.25,293.41135,298.7918,20.26135000000005,25.641800000000046
2022-05-26 18:00:00,26.25,89.5,293.5702,299.2134,20.420200000000023,26.0634
2022-05-26 18:00:00,26.25,89.75,293.5762,299.1206,20.426199999999994,25.970600000000047
2022-05-26 18:00:00,26.25,90.0,293.9205,300.27502,20.770500000000027,27.125020000000006
2022-05-26 18:00:00,26.0,85.5,293.76526,300.06973,20.615260000000035,26.919730000000015
2022-05-26 18:00:00,26.0,85.75,293.60498,299.99326,20.454980000000035,26.843260000000043
2022-05-26 18:00:00,26.0,86.0,293.60498,299.99326,20.454980000000035,26.843260000000043
2022-05-26 18:00:00,26.0,86.25,293.71344,298.9399,20.563440000000014,25.789900000000046
2022-05-26 18:00:00,26.0,86.5,294.22714,299.8819,21.077140000000043,26.731899999999996
2022-05-26 18:00:00,26.0,86.75,294.6024,300.00577,21.45240000000001,26.855770000000007
2022-05-26 18:00:00,26.0,87.0,294.82074,299.8646,21.670740000000023,26.71460000000002
2022-05-26 18:00:00,26.0,87.25,295.2847,300.2948,22.13470000000001,27.144800000000032
2022-05-26 18:00:00,26.0,87.5,295.66797,300.81305,22.517970000000048,27.66305
2022-05-26 18:00:00,26.0,87.75,295.69104,300.8198,22.54104000000001,27.66980000000001
2022-05-26 18:00:00,26.0,88.0,295.35864,300.3908,22.208640000000003,27.240800000000036
2022-05-26 18:00:00,26.0,88.25,295.35864,300.3908,22.208640000000003,27.240800000000036
2022-05-26 18:00:00,26.0,88.5,294.77878,299.75375,21.628780000000006,26.603750000000048
2022-05-26 18:00:00,26.0,88.75,294.2541,299.135,21.104100000000017,25.985000000000014
2022-05-26 18:00:00,26.0,89.0,294.09186,298.98663,20.94186000000002,25.836630000000014
2022-05-26 18:00:00,26.0,89.25,294.17117,299.25803,21.02117000000004,26.108030000000042
2022-05-26 18:00:00,26.0,89.5,294.1524,299.40427,21.002400000000023,26.25427000000002
2022-05-26 18:00:00,26.0,89.75,293.9548,299.13702,20.8048,25.98702000000003
2022-05-26 18:00:00,26.0,90.0,294.0755,299.40872,20.9255,26.25872000000004
2022-05-26 18:00:00,25.75,85.5,294.14252,301.04752,20.992520000000013,27.897520000000043
2022-05-26 18:00:00,25.75,85.75,293.8381,299.7303,20.68810000000002,26.580300000000022
2022-05-26 18:00:00,25.75,86.0,293.8381,299.7303,20.68810000000002,26.580300000000022
2022-05-26 18:00:00,25.75,86.25,293.88403,299.0516,20.73403000000002,25.90160000000003
2022-05-26 18:00:00,25.75,86.5,294.10022,299.8711,20.95022,26.721100000000035
2022-05-26 18:00:00,25.75,86.75,294.62854,299.9333,21.47854000000001,26.783299999999997
2022-05-26 18:00:00,25.75,87.0,295.0009,300.2077,21.850900000000024,27.05770000000001
2022-05-26 18:00:00,25.75,87.25,295.2192,300.62326,22.069200000000023,27.47326000000004
2022-05-26 18:00:00,25.75,87.5,295.3026,300.83234,22.152600000000007,27.68234000000001
2022-05-26 18:00:00,25.75,87.75,295.2577,300.71454,22.107700000000023,27.564540000000022
2022-05-26 18:00:00,25.75,88.0,295.1147,300.40988,21.96470000000005,27.25988000000001
2022-05-26 18:00:00,25.75,88.25,295.1147,300.40988,21.96470000000005,27.25988000000001
2022-05-26 18:00:00,25.75,88.5,294.91464,299.95087,21.764640000000043,26.80087000000003
2022-05-26 18:00:00,25.75,88.75,294.67148,299.34637,21.521479999999997,26.19637
2022-05-26 18:00:00,25.75,89.0,294.4178,299.03845,21.267800000000022,25.888450000000034
2022-05-26 18:00:00,25.75,89.25,294.32272,299.29977,21.172720000000027,26.149770000000046
2022-05-26 18:00:00,25.75,89.5,294.29764,299.9251,21.147640000000024,26.77510000000001
2022-05-26 18:00:00,25.75,89.75,294.46964,300.28952,21.31964000000005,27.139520000000005
2022-05-26 18:00:00,25.75,90.0,294.1764,298.85764,21.026400000000024,25.707640000000026
2022-05-26 18:00:00,25.5,85.5,294.77267,301.51764,21.622670000000028,28.367639999999994
2022-05-26 18:00:00,25.5,85.75,294.65714,300.77502,21.50714000000005,27.625020000000006
2022-05-26 18:00:00,25.5,86.0,294.65714,300.77502,21.50714000000005,27.625020000000006
2022-05-26 18:00:00,25.5,86.25,294.49847,300.20102,21.34847000000002,27.05102000000005
2022-05-26 18:00:00,25.5,86.5,294.71786,300.80826,21.567859999999996,27.65826000000004
2022-05-26 18:00:00,25.5,86.75,295.01178,301.1195,21.86178000000001,27.96950000000004
2022-05-26 18:00:00,25.5,87.0,295.20227,300.9583,22.05227000000002,27.80830000000003
2022-05-26 18:00:00,25.5,87.25,295.2675,300.6907,22.117500000000007,27.540700000000015
2022-05-26 18:00:00,25.5,87.5,295.1662,300.42044,22.016200000000026,27.270440000000008
2022-05-26 18:00:00,25.5,87.75,295.00916,300.38147,21.85916000000003,27.23147
2022-05-26 18:00:00,25.5,88.0,295.10156,300.4337,21.95156000000003,27.28370000000001
2022-05-26 18:00:00,25.5,88.25,295.10156,300.4337,21.95156000000003,27.28370000000001
2022-05-26 18:00:00,25.5,88.5,295.45593,300.39072,22.305930000000046,27.24072000000001
2022-05-26 18:00:00,25.5,88.75,295.67667,300.36157,22.526670000000024,27.211569999999995
2022-05-26 18:00:00,25.5,89.0,295.5362,300.25174,22.38620000000003,27.101740000000007
2022-05-26 18:00:00,25.5,89.25,295.22266,300.20895,22.07266000000004,27.05895000000004
2022-05-26 18:00:00,25.5,89.5,295.24368,300.2023,22.093680000000006,27.052300000000002
2022-05-26 18:00:00,25.5,89.75,295.8624,299.59552,22.712400000000002,26.445520000000045
2022-05-26 18:00:00,25.5,90.0,295.1385,297.38202,21.988500000000045,24.232020000000034
2022-05-26 18:00:00,25.25,85.5,295.2809,300.34573,22.130899999999997,27.195730000000026
2022-05-26 18:00:00,25.25,85.75,295.01794,300.17163,21.867940000000033,27.021630000000016
2022-05-26 18:00:00,25.25,86.0,295.01794,300.17163,21.867940000000033,27.021630000000016
2022-05-26 18:00:00,25.25,86.25,294.80984,299.70813,21.65984000000003,26.558130000000006
2022-05-26 18:00:00,25.25,86.5,294.88947,299.70505,21.73947000000004,26.55505000000005
2022-05-26 18:00:00,25.25,86.75,294.90784,299.66675,21.757840000000044,26.516750000000002
2022-05-26 18:00:00,25.25,87.0,295.00073,299.77496,21.85073,26.624960000000044
2022-05-26 18:00:00,25.25,87.25,294.7437,299.5466,21.593700000000013,26.396600000000035
2022-05-26 18:00:00,25.25,87.5,294.49237,299.358,21.342370000000017,26.208000000000027
2022-05-26 18:00:00,25.25,87.75,294.87646,300.49362,21.72646000000003,27.343620000000044
2022-05-26 18:00:00,25.25,88.0,295.37515,301.37292,22.225150000000042,28.222920000000045
2022-05-26 18:00:00,25.25,88.25,295.37515,301.37292,22.225150000000042,28.222920000000045
2022-05-26 18:00:00,25.25,88.5,295.6587,300.92426,22.508700000000033,27.774260000000027
2022-05-26 18:00:00,25.25,88.75,296.0372,300.65036,22.887200000000007,27.50036
2022-05-26 18:00:00,25.25,89.0,296.1384,300.37906,22.988400000000013,27.229060000000004
2022-05-26 18:00:00,25.25,89.25,296.22256,300.1633,23.07256000000001,27.013300000000015
2022-05-26 18:00:00,25.25,89.5,296.26218,299.75763,23.112180000000023,26.60763000000003
2022-05-26 18:00:00,25.25,89.75,296.59827,299.5781,23.448270000000036,26.42810000000003
2022-05-26 18:00:00,25.25,90.0,296.12897,298.6994,22.978970000000004,25.54940000000005
2022-05-26 18:00:00,25.0,85.5,295.12552,299.83774,21.975520000000017,26.68774000000002
2022-05-26 18:00:00,25.0,85.75,294.91373,300.02094,21.76373000000001,26.87094000000002
2022-05-26 18:00:00,25.0,86.0,294.91373,300.02094,21.76373000000001,26.87094000000002
2022-05-26 18:00:00,25.0,86.25,294.86417,299.79434,21.714170000000024,26.64434
2022-05-26 18:00:00,25.0,86.5,294.58786,299.4551,21.43786,26.30510000000004
2022-05-26 18:00:00,25.0,86.75,294.43832,298.89853,21.28832,25.748530000000017
2022-05-26 18:00:00,25.0,87.0,294.48428,298.96667,21.334280000000035,25.816670000000045
2022-05-26 18:00:00,25.0,87.25,294.42285,298.99582,21.272850000000005,25.845820000000003
2022-05-26 18:00:00,25.0,87.5,294.2232,298.7301,21.073200000000043,25.580100000000016
2022-05-26 18:00:00,25.0,87.75,294.7564,300.0385,21.606400000000008,26.888500000000022
2022-05-26 18:00:00,25.0,88.0,295.59613,301.18448,22.44613000000004,28.03448000000003
2022-05-26 18:00:00,25.0,88.25,295.59613,301.18448,22.44613000000004,28.03448000000003
2022-05-26 18:00:00,25.0,88.5,296.07617,300.39227,22.926170000000013,27.24227000000002
2022-05-26 18:00:00,25.0,88.75,296.41626,299.75375,23.266260000000045,26.603750000000048
2022-05-26 18:00:00,25.0,89.0,296.38647,299.6528,23.236469999999997,26.502800000000036
2022-05-26 18:00:00,25.0,89.25,296.60922,299.56454,23.459220000000016,26.414540000000045
2022-05-26 18:00:00,25.0,89.5,296.86105,299.56573,23.71105,26.415729999999996
2022-05-26 18:00:00,25.0,89.75,297.2304,299.7911,24.080399999999997,26.641099999999994
2022-05-26 18:00:00,25.0,90.0,296.81332,299.62878,23.66332,26.47878000000003
2022-05-26 18:00:00,24.75,85.5,295.12552,299.83774,21.975520000000017,26.68774000000002
2022-05-26 18:00:00,24.75,85.75,294.91373,300.02094,21.76373000000001,26.87094000000002
2022-05-26 18:00:00,24.75,86.0,294.91373,300.02094,21.76373000000001,26.87094000000002
2022-05-26 18:00:00,24.75,86.25,294.86417,299.79434,21.714170000000024,26.64434
2022-05-26 18:00:00,24.75,86.5,294.58786,299.4551,21.43786,26.30510000000004
2022-05-26 18:00:00,24.75,86.75,294.43832,298.89853,21.28832,25.748530000000017
2022-05-26 18:00:00,24.75,87.0,294.48428,298.96667,21.334280000000035,25.816670000000045
2022-05-26 18:00:00,24.75,87.25,294.42285,298.99582,21.272850000000005,25.845820000000003
2022-05-26 18:00:00,24.75,87.5,294.2232,298.7301,21.073200000000043,25.580100000000016
2022-05-26 18:00:00,24.75,87.75,294.7564,300.0385,21.606400000000008,26.888500000000022
2022-05-26 18:00:00,24.75,88.0,295.59613,301.18448,22.44613000000004,28.03448000000003
2022-05-26 18:00:00,24.75,88.25,295.59613,301.18448,22.44613000000004,28.03448000000003
2022-05-26 18:00:00,24.75,88.5,296.07617,300.39227,22.926170000000013,27.24227000000002
2022-05-26 18:00:00,24.75,88.75,296.41626,299.75375,23.266260000000045,26.603750000000048
2022-05-26 18:00:00,24.75,89.0,296.38647,299.6528,23.236469999999997,26.502800000000036
2022-05-26 18:00:00,24.75,89.25,296.60922,299.56454,23.459220000000016,26.414540000000045
2022-05-26 18:00:00,24.75,89.5,296.86105,299.56573,23.71105,26.415729999999996
2022-05-26 18:00:00,24.75,89.75,297.2304,299.7911,24.080399999999997,26.641099999999994
2022-05-26 18:00:00,24.75,90.0,296.81332,299.62878,23.66332,26.47878000000003
2022-05-26 18:00:00,24.5,85.5,294.96072,299.63275,21.810720000000003,26.48275000000001
2022-05-26 18:00:00,24.5,85.75,294.5956,299.71646,21.445600000000013,26.566460000000006
2022-05-26 18:00:00,24.5,86.0,294.5956,299.71646,21.445600000000013,26.566460000000006
2022-05-26 18:00:00,24.5,86.25,293.60995,298.43036,20.45995000000005,25.28036000000003
2022-05-26 18:00:00,24.5,86.5,293.84216,298.22794,20.69216,25.077940000000012
2022-05-26 18:00:00,24.5,86.75,293.93036,298.07913,20.78036000000003,24.929130000000043
2022-05-26 18:00:00,24.5,87.0,293.6698,298.27866,20.519800000000032,25.128660000000025
2022-05-26 18:00:00,24.5,87.25,293.42685,298.60657,20.276850000000024,25.45657
2022-05-26 18:00:00,24.5,87.5,293.6941,298.89136,20.544100000000014,25.741360000000043
2022-05-26 18:00:00,24.5,87.75,294.51944,299.8737,21.369439999999997,26.723700000000008
2022-05-26 18:00:00,24.5,88.0,295.5113,300.98367,22.36130000000003,27.83367000000004
2022-05-26 18:00:00,24.5,88.25,295.5113,300.98367,22.36130000000003,27.83367000000004
2022-05-26 18:00:00,24.5,88.5,295.76,300.7213,22.610000000000014,27.571300000000008
2022-05-26 18:00:00,24.5,88.75,295.44812,299.94644,22.29812000000004,26.79644000000002
2022-05-26 18:00:00,24.5,89.0,295.94086,300.21893,22.79086000000001,27.068930000000023
2022-05-26 18:00:00,24.5,89.25,296.1359,299.76083,22.985900000000015,26.61083000000002
2022-05-26 18:00:00,24.5,89.5,296.3893,299.87585,23.239300000000014,26.725850000000037
2022-05-26 18:00:00,24.5,89.75,297.03052,300.18903,23.880520000000047,27.039030000000025
2022-05-26 18:00:00,24.5,90.0,296.57245,299.05576,23.422450000000026,25.905760000000043
2022-05-26 18:00:00,24.25,85.5,293.43542,298.7542,20.285420000000045,25.60420000000005
2022-05-26 18:00:00,24.25,85.75,293.217,298.35916,20.067000000000007,25.209159999999997
2022-05-26 18:00:00,24.25,86.0,293.217,298.35916,20.067000000000007,25.209159999999997
2022-05-26 18:00:00,24.25,86.25,293.1017,298.20154,19.951700000000017,25.051540000000045
2022-05-26 18:00:00,24.25,86.5,293.40985,298.16867,20.25985000000003,25.018670000000043
2022-05-26 18:00:00,24.25,86.75,293.5656,298.47366,20.41560000000004,25.323660000000018
2022-05-26 18:00:00,24.25,87.0,293.4339,298.61127,20.283900000000017,25.461270000000013
2022-05-26 18:00:00,24.25,87.25,293.4533,298.74588,20.303300000000036,25.595880000000022
2022-05-26 18:00:00,24.25,87.5,293.97754,299.25983,20.82754,26.109830000000045
2022-05-26 18:00:00,24.25,87.75,294.97397,300.07855,21.82397000000003,26.92855000000003
2022-05-26 18:00:00,24.25,88.0,295.6694,300.93533,22.51940000000002,27.785330000000044
2022-05-26 18:00:00,24.25,88.25,295.6694,300.93533,22.51940000000002,27.785330000000044
2022-05-26 18:00:00,24.25,88.5,295.84674,301.41605,22.696740000000034,28.266050000000007
2022-05-26 18:00:00,24.25,88.75,296.08603,301.536,22.936030000000017,28.386000000000024
2022-05-26 18:00:00,24.25,89.0,296.2553,301.74277,23.1053,28.59277000000003
2022-05-26 18:00:00,24.25,89.25,296.27377,301.38647,23.123770000000036,28.236469999999997
2022-05-26 18:00:00,24.25,89.5,296.53464,301.2443,23.384640000000047,28.094300000000032
2022-05-26 18:00:00,24.25,89.75,296.9935,302.17346,23.843500000000006,29.02346
2022-05-26 18:00:00,24.25,90.0,296.72034,301.388,23.570340000000044,28.238
2022-05-26 18:00:00,24.0,85.5,292.378,298.16202,19.22800000000001,25.012020000000007
2022-05-26 18:00:00,24.0,85.75,292.93274,298.66354,19.782740000000047,25.513540000000035
2022-05-26 18:00:00,24.0,86.0,292.93274,298.66354,19.782740000000047,25.513540000000035
2022-05-26 18:00:00,24.0,86.25,293.2305,297.84518,20.08050000000003,24.69518000000005
2022-05-26 18:00:00,24.0,86.5,293.61417,298.59866,20.464170000000024,25.448660000000018
2022-05-26 18:00:00,24.0,86.75,293.7266,298.98718,20.57660000000004,25.837180000000046
2022-05-26 18:00:00,24.0,87.0,293.58255,298.70374,20.43255000000005,25.553740000000005
2022-05-26 18:00:00,24.0,87.25,293.69064,299.1348,20.540639999999996,25.984800000000007
2022-05-26 18:00:00,24.0,87.5,294.1085,299.61148,20.958500000000015,26.461479999999995
2022-05-26 18:00:00,24.0,87.75,295.07367,300.64117,21.923670000000016,27.49117000000001
2022-05-26 18:00:00,24.0,88.0,295.67538,301.39236,22.52538000000004,28.24236000000002
2022-05-26 18:00:00,24.0,88.25,295.67538,301.39236,22.52538000000004,28.24236000000002
2022-05-26 18:00:00,24.0,88.5,295.56723,301.3023,22.417230000000018,28.152300000000025
2022-05-26 18:00:00,24.0,88.75,295.87946,301.66733,22.729460000000017,28.517330000000015
2022-05-26 18:00:00,24.0,89.0,296.3289,301.89868,23.1789,28.748680000000036
2022-05-26 18:00:00,24.0,89.25,296.18634,301.72485,23.036339999999996,28.574850000000026
2022-05-26 18:00:00,24.0,89.5,296.4461,301.66754,23.296100000000024,28.517539999999997
2022-05-26 18:00:00,24.0,89.75,297.1009,302.6243,23.950900000000047,29.474300000000028
2022-05-26 18:00:00,24.0,90.0,296.81256,302.6064,23.662560000000042,29.45640000000003
2022-05-26 18:00:00,23.75,85.5,292.8075,298.42792,19.657500000000027,25.277919999999995
2022-05-26 18:00:00,23.75,85.75,294.04175,299.24036,20.891750000000002,26.090360000000032
2022-05-26 18:00:00,23.75,86.0,294.04175,299.24036,20.891750000000002,26.090360000000032
2022-05-26 18:00:00,23.75,86.25,294.42944,299.0733,21.279440000000022,25.92330000000004
2022-05-26 18:00:00,23.75,86.5,294.57278,299.87497,21.422780000000046,26.72497000000004
2022-05-26 18:00:00,23.75,86.75,294.36548,299.94443,21.215480000000014,26.794430000000034
2022-05-26 18:00:00,23.75,87.0,294.21945,299.59055,21.069450000000018,26.44055000000003
2022-05-26 18:00:00,23.75,87.25,294.08734,299.6085,20.937340000000006,26.458500000000015
2022-05-26 18:00:00,23.75,87.5,294.5917,299.99448,21.441700000000026,26.844480000000033
2022-05-26 18:00:00,23.75,87.75,295.22058,300.40802,22.070580000000007,27.258020000000045
2022-05-26 18:00:00,23.75,88.0,295.64636,301.05792,22.49636000000004,27.907920000000047
2022-05-26 18:00:00,23.75,88.25,295.64636,301.05792,22.49636000000004,27.907920000000047
2022-05-26 18:00:00,23.75,88.5,295.85944,301.4914,22.70944000000003,28.34140000000002
2022-05-26 18:00:00,23.75,88.75,295.75986,301.1984,22.609860000000026,28.048400000000015
2022-05-26 18:00:00,23.75,89.0,295.9195,301.198,22.76950000000005,28.048000000000002
2022-05-26 18:00:00,23.75,89.25,296.16922,301.54193,23.01922000000002,28.391930000000002
2022-05-26 18:00:00,23.75,89.5,296.6953,302.38803,23.545299999999997,29.238030000000037
2022-05-26 18:00:00,23.75,89.75,297.08472,303.0292,23.934720000000027,29.879200000000026
2022-05-26 18:00:00,23.75,90.0,297.59634,303.2718,24.44634000000002,30.121800000000007
2022-05-26 18:00:00,23.5,85.5,292.5198,298.71402,19.369799999999998,25.564020000000028
2022-05-26 18:00:00,23.5,85.75,294.24228,299.51562,21.092280000000017,26.365620000000035
2022-05-26 18:00:00,23.5,86.0,294.24228,299.51562,21.092280000000017,26.365620000000035
2022-05-26 18:00:00,23.5,86.25,294.66916,299.1072,21.51916,25.9572
2022-05-26 18:00:00,23.5,86.5,294.58926,299.51053,21.439260000000047,26.36053000000004
2022-05-26 18:00:00,23.5,86.75,294.10135,299.4209,20.951350000000048,26.27090000000004
2022-05-26 18:00:00,23.5,87.0,294.01562,299.712,20.865620000000035,26.562000000000012
2022-05-26 18:00:00,23.5,87.25,294.2069,300.15558,21.05690000000004,27.00558000000001
2022-05-26 18:00:00,23.5,87.5,294.6701,300.21896,21.520100000000014,27.068960000000004
2022-05-26 18:00:00,23.5,87.75,295.3467,300.45267,22.19670000000002,27.302670000000035
2022-05-26 18:00:00,23.5,88.0,295.74503,301.05008,22.59503000000001,27.900080000000003
2022-05-26 18:00:00,23.5,88.25,295.74503,301.05008,22.59503000000001,27.900080000000003
2022-05-26 18:00:00,23.5,88.5,295.81528,301.4199,22.665279999999996,28.269900000000007
2022-05-26 18:00:00,23.5,88.75,295.90588,301.37207,22.755880000000047,28.22207000000003
2022-05-26 18:00:00,23.5,89.0,295.94687,301.40875,22.796870000000013,28.25875000000002
2022-05-26 18:00:00,23.5,89.25,296.18152,301.94937,23.03152,28.79937000000001
2022-05-26 18:00:00,23.5,89.5,296.3745,302.0756,23.224500000000035,28.92560000000003
2022-05-26 18:00:00,23.5,89.75,296.69437,301.9868,23.544370000000015,28.83680000000004
2022-05-26 18:00:00,23.5,90.0,297.2388,301.74268,24.08880000000005,28.59268000000003
2022-05-26 18:00:00,23.25,85.5,292.74423,297.35928,19.59423000000004,24.209280000000035
2022-05-26 18:00:00,23.25,85.75,293.69492,299.02295,20.544920000000047,25.872950000000003
2022-05-26 18:00:00,23.25,86.0,293.69492,299.02295,20.544920000000047,25.872950000000003
2022-05-26 18:00:00,23.25,86.25,294.56418,299.47345,21.414180000000044,26.323450000000037
2022-05-26 18:00:00,23.25,86.5,294.1931,299.18716,21.043100000000038,26.03716000000003
2022-05-26 18:00:00,23.25,86.75,294.03583,299.46375,20.88583,26.313750000000027
2022-05-26 18:00:00,23.25,87.0,293.9561,299.62753,20.806100000000015,26.47753
2022-05-26 18:00:00,23.25,87.25,294.19284,300.16772,21.042840000000012,27.017719999999997
2022-05-26 18:00:00,23.25,87.5,294.5738,300.60696,21.42380000000003,27.456960000000038
2022-05-26 18:00:00,23.25,87.75,295.08072,300.97562,21.930720000000008,27.825620000000015
2022-05-26 18:00:00,23.25,88.0,295.50723,301.10754,22.357230000000015,27.957539999999995
2022-05-26 18:00:00,23.25,88.25,295.50723,301.10754,22.357230000000015,27.957539999999995
2022-05-26 18:00:00,23.25,88.5,295.77188,301.05112,22.621880000000033,27.90112000000005
2022-05-26 18:00:00,23.25,88.75,296.0851,301.32452,22.935100000000034,28.17452000000003
2022-05-26 18:00:00,23.25,89.0,296.3976,301.77158,23.247600000000034,28.621579999999994
2022-05-26 18:00:00,23.25,89.25,296.89304,302.69107,23.743040000000008,29.541070000000047
2022-05-26 18:00:00,23.25,89.5,296.96167,302.84973,23.81167000000005,29.699730000000045
2022-05-26 18:00:00,23.25,89.75,297.08603,302.09827,23.936030000000017,28.948270000000036
2022-05-26 18:00:00,23.25,90.0,296.66483,301.04553,23.514830000000018,27.895530000000008
2022-05-26 18:00:00,23.0,85.5,293.46487,299.44226,20.31487000000004,26.29226
2022-05-26 18:00:00,23.0,85.75,294.07996,300.17548,20.92996000000005,27.025480000000016
2022-05-26 18:00:00,23.0,86.0,294.07996,300.17548,20.92996000000005,27.025480000000016
2022-05-26 18:00:00,23.0,86.25,294.39212,300.21115,21.24212,27.061149999999998
2022-05-26 18:00:00,23.0,86.5,294.70486,299.9939,21.55486000000002,26.84390000000002
2022-05-26 18:00:00,23.0,86.75,294.80423,300.19296,21.65423000000004,27.04296000000005
2022-05-26 18:00:00,23.0,87.0,294.40228,300.1655,21.25228000000004,27.01550000000003
2022-05-26 18:00:00,23.0,87.25,294.42487,300.33194,21.27487000000002,27.181939999999997
2022-05-26 18:00:00,23.0,87.5,294.89874,300.71463,21.748739999999998,27.564630000000022
2022-05-26 18:00:00,23.0,87.75,295.58893,301.22507,22.438930000000028,28.07507000000004
2022-05-26 18:00:00,23.0,88.0,296.15347,301.71817,23.00347000000005,28.56817000000001
2022-05-26 18:00:00,23.0,88.25,296.15347,301.71817,23.00347000000005,28.56817000000001
2022-05-26 18:00:00,23.0,88.5,296.44308,302.18137,23.29308000000003,29.031370000000038
2022-05-26 18:00:00,23.0,88.75,296.7399,302.62018,23.5899,29.470180000000028
2022-05-26 18:00:00,23.0,89.0,297.18573,302.90405,24.03573,29.754050000000007
2022-05-26 18:00:00,23.0,89.25,297.73132,303.38312,24.581320000000005,30.233120000000042
2022-05-26 18:00:00,23.0,89.5,297.7658,303.1032,24.615800000000036,29.953200000000038
2022-05-26 18:00:00,23.0,89.75,297.19025,302.22604,24.040250000000015,29.076040000000035
2022-05-26 18:00:00,23.0,90.0,296.65207,301.75464,23.502070000000003,28.604640000000018
2022-05-26 18:00:00,22.75,85.5,293.45978,300.11264,20.309780000000046,26.96264000000002
2022-05-26 18:00:00,22.75,85.75,293.4594,300.15894,20.30940000000004,27.008939999999996
2022-05-26 18:00:00,22.75,86.0,293.4594,300.15894,20.30940000000004,27.008939999999996
2022-05-26 18:00:00,22.75,86.25,293.95786,298.38382,20.807860000000005,25.233820000000037
2022-05-26 18:00:00,22.75,86.5,294.6045,299.39572,21.454499999999996,26.245720000000006
2022-05-26 18:00:00,22.75,86.75,295.27554,300.25372,22.12554,27.10372000000001
2022-05-26 18:00:00,22.75,87.0,295.33774,300.73734,22.18774000000002,27.58734000000004
2022-05-26 18:00:00,22.75,87.25,295.54416,301.025,22.39416,27.875
2022-05-26 18:00:00,22.75,87.5,295.9255,301.68332,22.775500000000022,28.533320000000003
2022-05-26 18:00:00,22.75,87.75,296.4675,302.65167,23.317499999999995,29.501670000000047
2022-05-26 18:00:00,22.75,88.0,297.14117,303.51154,23.99117000000001,30.361540000000048
2022-05-26 18:00:00,22.75,88.25,297.14117,303.51154,23.99117000000001,30.361540000000048
2022-05-26 18:00:00,22.75,88.5,297.75485,303.83606,24.60485,30.686059999999998
2022-05-26 18:00:00,22.75,88.75,298.0719,303.92197,24.92190000000005,30.77197000000001
2022-05-26 18:00:00,22.75,89.0,298.3036,304.0275,25.15360000000004,30.877499999999998
2022-05-26 18:00:00,22.75,89.25,298.40445,303.58002,25.25445000000002,30.430020000000013
2022-05-26 18:00:00,22.75,89.5,297.99265,302.76578,24.84265000000005,29.61578000000003
2022-05-26 18:00:00,22.75,89.75,297.41147,302.6017,24.26147000000003,29.451700000000017
2022-05-26 18:00:00,22.75,90.0,297.13016,302.5288,23.980160000000012,29.378800000000012
2022-05-26 18:00:00,22.5,85.5,293.45978,300.11264,20.309780000000046,26.96264000000002
2022-05-26 18:00:00,22.5,85.75,293.4594,300.15894,20.30940000000004,27.008939999999996
2022-05-26 18:00:00,22.5,86.0,293.4594,300.15894,20.30940000000004,27.008939999999996
2022-05-26 18:00:00,22.5,86.25,293.95786,298.38382,20.807860000000005,25.233820000000037
2022-05-26 18:00:00,22.5,86.5,294.6045,299.39572,21.454499999999996,26.245720000000006
2022-05-26 18:00:00,22.5,86.75,295.27554,300.25372,22.12554,27.10372000000001
2022-05-26 18:00:00,22.5,87.0,295.33774,300.73734,22.18774000000002,27.58734000000004
2022-05-26 18:00:00,22.5,87.25,295.54416,301.025,22.39416,27.875
2022-05-26 18:00:00,22.5,87.5,295.9255,301.68332,22.775500000000022,28.533320000000003
2022-05-26 18:00:00,22.5,87.75,296.4675,302.65167,23.317499999999995,29.501670000000047
2022-05-26 18:00:00,22.5,88.0,297.14117,303.51154,23.99117000000001,30.361540000000048
2022-05-26 18:00:00,22.5,88.25,297.14117,303.51154,23.99117000000001,30.361540000000048
2022-05-26 18:00:00,22.5,88.5,297.75485,303.83606,24.60485,30.686059999999998
2022-05-26 18:00:00,22.5,88.75,298.0719,303.92197,24.92190000000005,30.77197000000001
2022-05-26 18:00:00,22.5,89.0,298.3036,304.0275,25.15360000000004,30.877499999999998
2022-05-26 18:00:00,22.5,89.25,298.40445,303.58002,25.25445000000002,30.430020000000013
2022-05-26 18:00:00,22.5,89.5,297.99265,302.76578,24.84265000000005,29.61578000000003
2022-05-26 18:00:00,22.5,89.75,297.41147,302.6017,24.26147000000003,29.451700000000017
2022-05-26 18:00:00,22.5,90.0,297.13016,302.5288,23.980160000000012,29.378800000000012
2022-05-26 18:00:00,22.25,85.5,293.38034,297.61755,20.230340000000012,24.467550000000017
2022-05-26 18:00:00,22.25,85.75,293.36053,298.8882,20.210530000000006,25.738200000000006
2022-05-26 18:00:00,22.25,86.0,293.36053,298.8882,20.210530000000006,25.738200000000006
2022-05-26 18:00:00,22.25,86.25,293.64304,299.6349,20.493040000000008,26.48490000000004
2022-05-26 18:00:00,22.25,86.5,293.6589,300.2528,20.50890000000004,27.102800000000002
2022-05-26 18:00:00,22.25,86.75,295.29065,301.0234,22.14065000000005,27.873400000000004
2022-05-26 18:00:00,22.25,87.0,295.9836,301.35144,22.833600000000047,28.201440000000048
2022-05-26 18:00:00,22.25,87.25,296.3135,302.18164,23.1635,29.03164000000004
2022-05-26 18:00:00,22.25,87.5,296.63904,303.67703,23.489040000000045,30.527030000000025
2022-05-26 18:00:00,22.25,87.75,297.3827,304.8006,24.232700000000023,31.650599999999997
2022-05-26 18:00:00,22.25,88.0,297.9087,304.71948,24.758700000000033,31.56948
2022-05-26 18:00:00,22.25,88.25,297.9087,304.71948,24.758700000000033,31.56948
2022-05-26 18:00:00,22.25,88.5,298.24805,304.2726,25.09805,31.122600000000034
2022-05-26 18:00:00,22.25,88.75,298.4019,304.13797,25.251900000000035,30.98797000000002
2022-05-26 18:00:00,22.25,89.0,298.2956,303.94568,25.1456,30.795680000000004
2022-05-26 18:00:00,22.25,89.25,298.01147,303.678,24.861469999999997,30.52800000000002
2022-05-26 18:00:00,22.25,89.5,297.6688,303.41992,24.5188,30.269920000000013
2022-05-26 18:00:00,22.25,89.75,297.481,302.8252,24.331000000000017,29.675200000000018
2022-05-26 18:00:00,22.25,90.0,297.37396,302.45752,24.223960000000034,29.30752000000001
2022-05-26 18:00:00,22.0,85.5,292.5068,296.68,19.35680000000002,23.53000000000003
2022-05-26 18:00:00,22.0,85.75,292.97037,296.84595,19.820370000000025,23.69595000000004
2022-05-26 18:00:00,22.0,86.0,292.97037,296.84595,19.820370000000025,23.69595000000004
2022-05-26 18:00:00,22.0,86.25,293.02362,297.32523,19.873620000000017,24.17523
2022-05-26 18:00:00,22.0,86.5,293.32162,299.91418,20.17162000000002,26.76418000000001
2022-05-26 18:00:00,22.0,86.75,295.4564,302.64743,22.306399999999996,29.49743000000001
2022-05-26 18:00:00,22.0,87.0,296.60074,304.03134,23.450739999999996,30.881340000000023
2022-05-26 18:00:00,22.0,87.25,296.88885,304.1383,23.738850000000014,30.988300000000038
2022-05-26 18:00:00,22.0,87.5,297.29837,304.93253,24.14837,31.78253000000001
2022-05-26 18:00:00,22.0,87.75,297.90833,305.0587,24.75833,31.90870000000001
2022-05-26 18:00:00,22.0,88.0,298.43073,304.95547,25.280730000000005,31.805470000000014
2022-05-26 18:00:00,22.0,88.25,298.43073,304.95547,25.280730000000005,31.805470000000014
2022-05-26 18:00:00,22.0,88.5,298.79166,304.2581,25.64166,31.108100000000036
2022-05-26 18:00:00,22.0,88.75,298.71896,303.4901,25.568960000000004,30.340100000000007
2022-05-26 18:00:00,22.0,89.0,298.20108,303.441,25.051080000000013,30.290999999999997
2022-05-26 18:00:00,22.0,89.25,297.83072,303.50626,24.680720000000008,30.35626000000002
2022-05-26 18:00:00,22.0,89.5,297.80902,303.15912,24.659019999999998,30.009119999999996
2022-05-26 18:00:00,22.0,89.75,297.80676,302.66895,24.65676000000002,29.518950000000018
2022-05-26 18:00:00,22.0,90.0,297.87885,302.19348,24.728850000000023,29.043480000000045
2022-05-26 18:00:00,21.75,85.5,293.10254,297.11813,19.95254,23.96813000000003
2022-05-26 18:00:00,21.75,85.75,293.35907,297.29993,20.209069999999997,24.14993000000004
2022-05-26 18:00:00,21.75,86.0,293.35907,297.29993,20.209069999999997,24.14993000000004
2022-05-26 18:00:00,21.75,86.25,292.83154,295.6587,19.68154000000004,22.508700000000033
2022-05-26 18:00:00,21.75,86.5,293.36014,299.07724,20.210140000000024,25.92724000000004
2022-05-26 18:00:00,21.75,86.75,295.4829,302.4439,22.332899999999995,29.293900000000008
2022-05-26 18:00:00,21.75,87.0,296.6719,304.30475,23.521900000000016,31.154750000000035
2022-05-26 18:00:00,21.75,87.25,297.35132,304.48734,24.20132000000001,31.33734000000004
2022-05-26 18:00:00,21.75,87.5,297.74994,304.16324,24.599940000000004,31.013239999999996
2022-05-26 18:00:00,21.75,87.75,298.6297,303.84525,25.479700000000037,30.695250000000044
2022-05-26 18:00:00,21.75,88.0,298.8381,303.71738,25.68810000000002,30.567380000000014
2022-05-26 18:00:00,21.75,88.25,298.8381,303.71738,25.68810000000002,30.567380000000014
2022-05-26 18:00:00,21.75,88.5,299.3236,303.12805,26.17360000000002,29.978049999999996
2022-05-26 18:00:00,21.75,88.75,299.2949,302.77176,26.144900000000007,29.621759999999995
2022-05-26 18:00:00,21.75,89.0,298.5919,302.77386,25.441900000000032,29.623860000000036
2022-05-26 18:00:00,21.75,89.25,298.7367,302.2658,25.586700000000008,29.115800000000036
2022-05-26 18:00:00,21.75,89.5,299.2712,301.63968,26.121200000000044,28.48968000000002
2022-05-26 18:00:00,21.75,89.75,299.24323,301.45462,26.093230000000005,28.30462
2022-05-26 18:00:00,21.75,90.0,299.24582,301.29456,26.095820000000003,28.144560000000013
2022-05-26 18:00:00,21.5,85.5,293.97318,298.10785,20.823180000000036,24.957850000000008
2022-05-26 18:00:00,21.5,85.75,294.007,300.88425,20.857000000000028,27.73425000000003
2022-05-26 18:00:00,21.5,86.0,294.007,300.88425,20.857000000000028,27.73425000000003
2022-05-26 18:00:00,21.5,86.25,294.63727,298.7353,21.487270000000024,25.585300000000018
2022-05-26 18:00:00,21.5,86.5,294.74753,300.1886,21.597530000000006,27.03860000000003
2022-05-26 18:00:00,21.5,86.75,295.75735,301.1516,22.607349999999997,28.001599999999996
2022-05-26 18:00:00,21.5,87.0,297.87408,302.5855,24.724080000000015,29.435500000000047
2022-05-26 18:00:00,21.5,87.25,298.57925,302.90976,25.429250000000025,29.75976000000003
2022-05-26 18:00:00,21.5,87.5,298.76135,302.9016,25.611350000000016,29.751599999999996
2022-05-26 18:00:00,21.5,87.75,298.80945,302.72354,25.65945000000005,29.573540000000037
2022-05-26 18:00:00,21.5,88.0,298.97098,302.55014,25.82098000000002,29.40014000000002
2022-05-26 18:00:00,21.5,88.25,298.97098,302.55014,25.82098000000002,29.40014000000002
2022-05-26 18:00:00,21.5,88.5,299.25186,302.36926,26.101860000000045,29.21926000000002
2022-05-26 18:00:00,21.5,88.75,299.5136,302.29007,26.36360000000002,29.140070000000037
2022-05-26 18:00:00,21.5,89.0,299.69653,302.20657,26.54653000000002,29.056570000000022
2022-05-26 18:00:00,21.5,89.25,299.73816,301.74695,26.588160000000016,28.59695000000005
2022-05-26 18:00:00,21.5,89.5,299.54724,301.24237,26.39724000000001,28.092370000000017
2022-05-26 18:00:00,21.5,89.75,299.2074,301.19632,26.05740000000003,28.046320000000037
2022-05-26 18:00:00,21.5,90.0,299.05984,301.26886,25.90984000000003,28.11886000000004
2022-05-26 18:00:00,21.25,85.5,295.22375,299.24112,22.073750000000018,26.091120000000046
2022-05-26 18:00:00,21.25,85.75,295.65445,300.34198,22.50445000000002,27.19198
2022-05-26 18:00:00,21.25,86.0,295.65445,300.34198,22.50445000000002,27.19198
2022-05-26 18:00:00,21.25,86.25,296.37225,301.37442,23.22225000000003,28.22442000000001
2022-05-26 18:00:00,21.25,86.5,296.5373,301.1672,23.38730000000004,28.017200000000003
2022-05-26 18:00:00,21.25,86.75,297.36044,301.98337,24.210440000000006,28.833370000000002
2022-05-26 18:00:00,21.25,87.0,297.7993,301.77667,24.64930000000004,28.626670000000047
2022-05-26 18:00:00,21.25,87.25,298.21323,302.0138,25.063230000000033,28.863800000000026
2022-05-26 18:00:00,21.25,87.5,298.5266,302.3097,25.376599999999996,29.159700000000043
2022-05-26 18:00:00,21.25,87.75,298.71503,302.35464,25.565030000000036,29.20464000000004
2022-05-26 18:00:00,21.25,88.0,298.89557,302.3583,25.745570000000043,29.20830000000001
2022-05-26 18:00:00,21.25,88.25,298.89557,302.3583,25.745570000000043,29.20830000000001
2022-05-26 18:00:00,21.25,88.5,299.0595,302.23456,25.909500000000037,29.08456000000001
2022-05-26 18:00:00,21.25,88.75,299.21246,302.1072,26.062460000000044,28.9572
2022-05-26 18:00:00,21.25,89.0,299.48654,302.13177,26.336540000000014,28.98177000000004
2022-05-26 18:00:00,21.25,89.25,299.6449,302.0622,26.49490000000003,28.91220000000004
2022-05-26 18:00:00,21.25,89.5,299.43546,301.8281,26.28546,28.67810000000003
2022-05-26 18:00:00,21.25,89.75,299.15378,301.64496,26.003780000000006,28.49496000000005
2022-05-26 18:00:00,21.25,90.0,299.02396,301.5229,25.87396000000001,28.372900000000016
2022-05-26 18:00:00,21.0,85.5,296.63797,301.4865,23.48797000000002,28.3365
2022-05-26 18:00:00,21.0,85.75,297.01666,301.78915,23.866660000000024,28.63915000000003
2022-05-26 18:00:00,21.0,86.0,297.01666,301.78915,23.866660000000024,28.63915000000003
2022-05-26 18:00:00,21.0,86.25,297.35608,301.86884,24.206080000000043,28.71884
2022-05-26 18:00:00,21.0,86.5,297.42432,301.43912,24.274320000000046,28.289120000000025
2022-05-26 18:00:00,21.0,86.75,297.52625,301.2188,24.376250000000027,28.06880000000001
2022-05-26 18:00:00,21.0,87.0,297.86084,301.476,24.71084000000002,28.326000000000022
2022-05-26 18:00:00,21.0,87.25,298.00195,301.73413,24.851950000000045,28.584130000000016
2022-05-26 18:00:00,21.0,87.5,298.27322,302.00217,25.123220000000003,28.85217
2022-05-26 18:00:00,21.0,87.75,298.54132,302.12665,25.391320000000007,28.976650000000006
2022-05-26 18:00:00,21.0,88.0,298.72403,302.15213,25.57403000000005,29.002130000000022
2022-05-26 18:00:00,21.0,88.25,298.72403,302.15213,25.57403000000005,29.002130000000022
2022-05-26 18:00:00,21.0,88.5,298.90057,302.12534,25.75057000000004,28.975340000000017
2022-05-26 18:00:00,21.0,88.75,299.0914,302.0802,25.941400000000044,28.930200000000013
2022-05-26 18:00:00,21.0,89.0,299.32095,302.03964,26.170950000000005,28.889640000000043
2022-05-26 18:00:00,21.0,89.25,299.442,302.03506,26.29200000000003,28.88506000000001
2022-05-26 18:00:00,21.0,89.5,299.36868,302.0317,26.218680000000006,28.881700000000023
2022-05-26 18:00:00,21.0,89.75,299.30414,301.89795,26.15414000000004,28.747950000000003
2022-05-26 18:00:00,21.0,90.0,299.21017,301.72525,26.060170000000028,28.57525000000004
2022-05-26 19:00:00,27.5,85.5,285.83292,290.7841,12.682920000000024,17.634100000000046
2022-05-26 19:00:00,27.5,85.75,284.58517,290.19864,11.435170000000028,17.048640000000034
2022-05-26 19:00:00,27.5,86.0,284.58517,290.19864,11.435170000000028,17.048640000000034
2022-05-26 19:00:00,27.5,86.25,283.072,287.58054,9.922000000000025,14.430540000000008
2022-05-26 19:00:00,27.5,86.5,280.9306,284.6661,7.7806000000000495,11.516099999999994
2022-05-26 19:00:00,27.5,86.75,278.27914,282.69666,5.129140000000007,9.546660000000031
2022-05-26 19:00:00,27.5,87.0,276.0485,282.0153,2.8985000000000127,8.865300000000047
2022-05-26 19:00:00,27.5,87.25,274.39963,283.314,1.2496300000000247,10.164000000000044
2022-05-26 19:00:00,27.5,87.5,272.3388,282.88632,-0.8111999999999853,9.736320000000035
2022-05-26 19:00:00,27.5,87.75,270.30554,278.54367,-2.8444599999999696,5.393670000000043
2022-05-26 19:00:00,27.5,88.0,270.97083,276.76364,-2.179169999999999,3.613640000000032
2022-05-26 19:00:00,27.5,88.25,270.97083,276.76364,-2.179169999999999,3.613640000000032
2022-05-26 19:00:00,27.5,88.5,274.5909,280.1886,1.4408999999999992,7.038600000000031
2022-05-26 19:00:00,27.5,88.75,276.7535,281.5579,3.603499999999997,8.40790000000004
2022-05-26 19:00:00,27.5,89.0,275.1181,278.56277,1.9681000000000495,5.412770000000023
2022-05-26 19:00:00,27.5,89.25,274.31134,276.35553,1.1613399999999956,3.20553000000001
2022-05-26 19:00:00,27.5,89.5,276.32138,278.62122,3.171379999999999,5.471220000000017
2022-05-26 19:00:00,27.5,89.75,277.0475,281.0739,3.8975000000000364,7.923900000000003
2022-05-26 19:00:00,27.5,90.0,278.22833,282.68332,5.078330000000051,9.533320000000003
2022-05-26 19:00:00,27.25,85.5,290.68018,295.7414,17.53018000000003,22.59140000000002
2022-05-26 19:00:00,27.25,85.75,290.61282,295.5605,17.462820000000022,22.410500000000013
2022-05-26 19:00:00,27.25,86.0,290.61282,295.5605,17.462820000000022,22.410500000000013
2022-05-26 19:00:00,27.25,86.25,289.24554,293.98782,16.095540000000028,20.837820000000022
2022-05-26 19:00:00,27.25,86.5,287.4079,292.07855,14.257900000000006,18.92855000000003
2022-05-26 19:00:00,27.25,86.75,286.04623,290.5377,12.896230000000003,17.387699999999995
2022-05-26 19:00:00,27.25,87.0,283.88354,288.76492,10.733540000000005,15.61492000000004
2022-05-26 19:00:00,27.25,87.25,281.7486,288.97107,8.598600000000033,15.82107000000002
2022-05-26 19:00:00,27.25,87.5,280.22995,288.6815,7.079949999999997,15.531500000000051
2022-05-26 19:00:00,27.25,87.75,279.34564,286.04376,6.195640000000026,12.893760000000043
2022-05-26 19:00:00,27.25,88.0,280.2236,285.27496,7.073599999999999,12.124960000000044
2022-05-26 19:00:00,27.25,88.25,280.2236,285.27496,7.073599999999999,12.124960000000044
2022-05-26 19:00:00,27.25,88.5,283.24655,288.28183,10.096550000000036,15.131830000000036
2022-05-26 19:00:00,27.25,88.75,284.71664,289.55692,11.566640000000007,16.406920000000014
2022-05-26 19:00:00,27.25,89.0,281.65225,286.77017,8.502250000000004,13.62017000000003
2022-05-26 19:00:00,27.25,89.25,279.14224,285.07806,5.992240000000038,11.928060000000016
2022-05-26 19:00:00,27.25,89.5,278.93796,283.59607,5.787959999999998,10.44607000000002
2022-05-26 19:00:00,27.25,89.75,279.66037,281.7232,6.510370000000023,8.573200000000043
2022-05-26 19:00:00,27.25,90.0,283.01218,285.27045,9.862180000000023,12.120450000000005
2022-05-26 19:00:00,27.0,85.5,290.68018,295.7414,17.53018000000003,22.59140000000002
2022-05-26 19:00:00,27.0,85.75,290.61282,295.5605,17.462820000000022,22.410500000000013
2022-05-26 19:00:00,27.0,86.0,290.61282,295.5605,17.462820000000022,22.410500000000013
2022-05-26 19:00:00,27.0,86.25,289.24554,293.98782,16.095540000000028,20.837820000000022
2022-05-26 19:00:00,27.0,86.5,287.4079,292.07855,14.257900000000006,18.92855000000003
2022-05-26 19:00:00,27.0,86.75,286.04623,290.5377,12.896230000000003,17.387699999999995
2022-05-26 19:00:00,27.0,87.0,283.88354,288.76492,10.733540000000005,15.61492000000004
2022-05-26 19:00:00,27.0,87.25,281.7486,288.97107,8.598600000000033,15.82107000000002
2022-05-26 19:00:00,27.0,87.5,280.22995,288.6815,7.079949999999997,15.531500000000051
2022-05-26 19:00:00,27.0,87.75,279.34564,286.04376,6.195640000000026,12.893760000000043
2022-05-26 19:00:00,27.0,88.0,280.2236,285.27496,7.073599999999999,12.124960000000044
2022-05-26 19:00:00,27.0,88.25,280.2236,285.27496,7.073599999999999,12.124960000000044
2022-05-26 19:00:00,27.0,88.5,283.24655,288.28183,10.096550000000036,15.131830000000036
2022-05-26 19:00:00,27.0,88.75,284.71664,289.55692,11.566640000000007,16.406920000000014
2022-05-26 19:00:00,27.0,89.0,281.65225,286.77017,8.502250000000004,13.62017000000003
2022-05-26 19:00:00,27.0,89.25,279.14224,285.07806,5.992240000000038,11.928060000000016
2022-05-26 19:00:00,27.0,89.5,278.93796,283.59607,5.787959999999998,10.44607000000002
2022-05-26 19:00:00,27.0,89.75,279.66037,281.7232,6.510370000000023,8.573200000000043
2022-05-26 19:00:00,27.0,90.0,283.01218,285.27045,9.862180000000023,12.120450000000005
2022-05-26 19:00:00,26.75,85.5,292.97855,298.8182,19.828550000000007,25.668200000000013
2022-05-26 19:00:00,26.75,85.75,292.63675,297.0799,19.48675000000003,23.929900000000032
2022-05-26 19:00:00,26.75,86.0,292.63675,297.0799,19.48675000000003,23.929900000000032
2022-05-26 19:00:00,26.75,86.25,292.8081,297.4684,19.658100000000047,24.318399999999997
2022-05-26 19:00:00,26.75,86.5,292.10904,297.00607,18.959040000000016,23.856070000000045
2022-05-26 19:00:00,26.75,86.75,291.41968,296.76443,18.26968000000005,23.614430000000027
2022-05-26 19:00:00,26.75,87.0,289.95898,295.13004,16.80898000000002,21.98004000000003
2022-05-26 19:00:00,26.75,87.25,288.51273,294.25058,15.362729999999999,21.100580000000036
2022-05-26 19:00:00,26.75,87.5,287.3483,293.01712,14.198300000000017,19.86712
2022-05-26 19:00:00,26.75,87.75,286.97394,292.16394,13.82394000000005,19.013940000000048
2022-05-26 19:00:00,26.75,88.0,287.92834,292.91556,14.778340000000014,19.76556000000005
2022-05-26 19:00:00,26.75,88.25,287.92834,292.91556,14.778340000000014,19.76556000000005
2022-05-26 19:00:00,26.75,88.5,289.95477,295.08392,16.80477000000002,21.93392
2022-05-26 19:00:00,26.75,88.75,290.99527,296.7925,17.845270000000028,23.64250000000004
2022-05-26 19:00:00,26.75,89.0,288.9572,295.60394,15.807200000000023,22.453940000000046
2022-05-26 19:00:00,26.75,89.25,286.59033,294.336,13.440330000000017,21.186000000000035
2022-05-26 19:00:00,26.75,89.5,286.62033,293.49243,13.470330000000047,20.342430000000036
2022-05-26 19:00:00,26.75,89.75,287.2289,291.67023,14.078900000000033,18.520230000000026
2022-05-26 19:00:00,26.75,90.0,289.87094,294.2635,16.72094000000004,21.113500000000045
2022-05-26 19:00:00,26.5,85.5,293.40384,297.9851,20.253840000000025,24.83510000000001
2022-05-26 19:00:00,26.5,85.75,293.0745,297.571,19.924500000000023,24.42100000000005
2022-05-26 19:00:00,26.5,86.0,293.0745,297.571,19.924500000000023,24.42100000000005
2022-05-26 19:00:00,26.5,86.25,293.07364,298.245,19.923640000000034,25.095000000000027
2022-05-26 19:00:00,26.5,86.5,293.0539,298.60147,19.90390000000002,25.45147000000003
2022-05-26 19:00:00,26.5,86.75,292.67157,298.2107,19.521569999999997,25.060699999999997
2022-05-26 19:00:00,26.5,87.0,292.65717,298.35867,19.50717000000003,25.20867000000004
2022-05-26 19:00:00,26.5,87.25,292.63055,298.51425,19.48055000000005,25.364250000000027
2022-05-26 19:00:00,26.5,87.5,292.20355,297.94794,19.05355000000003,24.79794000000004
2022-05-26 19:00:00,26.5,87.75,292.24194,297.89603,19.091940000000022,24.74603000000002
2022-05-26 19:00:00,26.5,88.0,292.81876,298.36752,19.66876000000002,25.217520000000036
2022-05-26 19:00:00,26.5,88.25,292.81876,298.36752,19.66876000000002,25.217520000000036
2022-05-26 19:00:00,26.5,88.5,293.2431,298.71228,20.09310000000005,25.562280000000044
2022-05-26 19:00:00,26.5,88.75,293.20645,298.9555,20.05645000000004,25.805499999999995
2022-05-26 19:00:00,26.5,89.0,292.50903,298.22656,19.35903000000002,25.07656000000003
2022-05-26 19:00:00,26.5,89.25,291.9837,297.3988,18.83370000000002,24.248800000000017
2022-05-26 19:00:00,26.5,89.5,292.42886,298.3639,19.27886000000001,25.213900000000024
2022-05-26 19:00:00,26.5,89.75,293.0147,298.70053,19.864700000000028,25.550530000000037
2022-05-26 19:00:00,26.5,90.0,293.68585,299.10754,20.53585000000004,25.957539999999995
2022-05-26 19:00:00,26.25,85.5,293.2812,298.2626,20.131200000000035,25.112600000000043
2022-05-26 19:00:00,26.25,85.75,293.24548,297.8334,20.09548000000001,24.683400000000006
2022-05-26 19:00:00,26.25,86.0,293.24548,297.8334,20.09548000000001,24.683400000000006
2022-05-26 19:00:00,26.25,86.25,293.20773,297.8916,20.05773000000005,24.741600000000005
2022-05-26 19:00:00,26.25,86.5,293.16287,298.84207,20.01287000000002,25.69207
2022-05-26 19:00:00,26.25,86.75,293.34946,298.84897,20.199460000000045,25.69897000000003
2022-05-26 19:00:00,26.25,87.0,293.35867,298.89166,20.20867000000004,25.741660000000024
2022-05-26 19:00:00,26.25,87.25,293.63528,299.3747,20.485280000000046,26.22470000000004
2022-05-26 19:00:00,26.25,87.5,294.18896,299.71164,21.03896000000003,26.56164000000001
2022-05-26 19:00:00,26.25,87.75,294.53506,299.99136,21.38506000000001,26.84136000000001
2022-05-26 19:00:00,26.25,88.0,294.53705,300.1834,21.387050000000045,27.03340000000003
2022-05-26 19:00:00,26.25,88.25,294.53705,300.1834,21.387050000000045,27.03340000000003
2022-05-26 19:00:00,26.25,88.5,294.43146,299.9398,21.28146000000004,26.789800000000014
2022-05-26 19:00:00,26.25,88.75,294.50922,299.82275,21.35922000000005,26.672750000000008
2022-05-26 19:00:00,26.25,89.0,294.86902,300.2649,21.71902,27.114900000000034
2022-05-26 19:00:00,26.25,89.25,295.09177,300.08948,21.94177000000002,26.939480000000003
2022-05-26 19:00:00,26.25,89.5,295.3051,300.26224,22.155100000000004,27.112240000000043
2022-05-26 19:00:00,26.25,89.75,295.31766,300.7931,22.167660000000012,27.643100000000004
2022-05-26 19:00:00,26.25,90.0,295.46594,300.58444,22.315940000000012,27.434439999999995
2022-05-26 19:00:00,26.0,85.5,293.72528,299.26498,20.57528000000002,26.114980000000003
2022-05-26 19:00:00,26.0,85.75,293.56638,298.7297,20.416380000000004,25.579700000000003
2022-05-26 19:00:00,26.0,86.0,293.56638,298.7297,20.416380000000004,25.579700000000003
2022-05-26 19:00:00,26.0,86.25,293.5917,298.58566,20.441700000000026,25.43566000000004
2022-05-26 19:00:00,26.0,86.5,293.69745,299.39484,20.547450000000026,26.24484000000001
2022-05-26 19:00:00,26.0,86.75,293.65045,299.36053,20.50045,26.210530000000006
2022-05-26 19:00:00,26.0,87.0,293.61374,299.27252,20.46374000000003,26.12252000000001
2022-05-26 19:00:00,26.0,87.25,294.03107,299.81985,20.881070000000022,26.669849999999997
2022-05-26 19:00:00,26.0,87.5,294.60638,300.46744,21.456380000000024,27.317440000000033
2022-05-26 19:00:00,26.0,87.75,294.9449,300.70337,21.79490000000004,27.55337000000003
2022-05-26 19:00:00,26.0,88.0,295.00073,300.43253,21.85073,27.28253000000001
2022-05-26 19:00:00,26.0,88.25,295.00073,300.43253,21.85073,27.28253000000001
2022-05-26 19:00:00,26.0,88.5,294.87982,299.863,21.729820000000018,26.713000000000022
2022-05-26 19:00:00,26.0,88.75,294.82535,299.61414,21.675350000000037,26.464140000000043
2022-05-26 19:00:00,26.0,89.0,295.10974,300.00214,21.95974000000001,26.85214000000002
2022-05-26 19:00:00,26.0,89.25,295.4953,300.12512,22.34530000000001,26.975120000000004
2022-05-26 19:00:00,26.0,89.5,295.6811,299.60977,22.531100000000038,26.45977000000005
2022-05-26 19:00:00,26.0,89.75,295.77396,299.49405,22.62396000000001,26.34405000000004
2022-05-26 19:00:00,26.0,90.0,295.85416,299.9007,22.70416,26.750699999999995
2022-05-26 19:00:00,25.75,85.5,293.6665,299.22565,20.516500000000008,26.075649999999996
2022-05-26 19:00:00,25.75,85.75,293.65417,299.2626,20.504170000000045,26.112600000000043
2022-05-26 19:00:00,25.75,86.0,293.65417,299.2626,20.504170000000045,26.112600000000043
2022-05-26 19:00:00,25.75,86.25,293.8988,299.14148,20.748800000000017,25.991480000000024
2022-05-26 19:00:00,25.75,86.5,293.89938,299.22046,20.74938000000003,26.070460000000026
2022-05-26 19:00:00,25.75,86.75,293.7587,299.51282,20.6087,26.36282
2022-05-26 19:00:00,25.75,87.0,293.48865,299.29672,20.33865000000003,26.146720000000016
2022-05-26 19:00:00,25.75,87.25,293.68982,299.4226,20.53982000000002,26.27260000000001
2022-05-26 19:00:00,25.75,87.5,294.10788,299.99838,20.957880000000046,26.84838000000002
2022-05-26 19:00:00,25.75,87.75,294.43597,300.31622,21.28597000000002,27.16622000000001
2022-05-26 19:00:00,25.75,88.0,294.61322,300.14963,21.463220000000035,26.999630000000025
2022-05-26 19:00:00,25.75,88.25,294.61322,300.14963,21.463220000000035,26.999630000000025
2022-05-26 19:00:00,25.75,88.5,294.64554,299.79703,21.495540000000005,26.64703000000003
2022-05-26 19:00:00,25.75,88.75,294.6936,299.58264,21.543600000000026,26.43264000000005
2022-05-26 19:00:00,25.75,89.0,294.82205,299.55118,21.672050000000013,26.40118000000001
2022-05-26 19:00:00,25.75,89.25,294.84778,299.18637,21.697780000000023,26.036370000000034
2022-05-26 19:00:00,25.75,89.5,295.16977,298.85284,22.01977000000005,25.702840000000037
2022-05-26 19:00:00,25.75,89.75,295.54153,298.6798,22.391530000000046,25.529800000000023
2022-05-26 19:00:00,25.75,90.0,295.45682,297.79922,22.306820000000016,24.649220000000014
2022-05-26 19:00:00,25.5,85.5,294.13815,299.66644,20.98815000000002,26.516440000000046
2022-05-26 19:00:00,25.5,85.75,294.35733,300.5042,21.207330000000013,27.35420000000005
2022-05-26 19:00:00,25.5,86.0,294.35733,300.5042,21.207330000000013,27.35420000000005
2022-05-26 19:00:00,25.5,86.25,294.43176,300.05658,21.28176000000002,26.90658000000002
2022-05-26 19:00:00,25.5,86.5,294.55188,300.47696,21.401880000000006,27.326960000000042
2022-05-26 19:00:00,25.5,86.75,294.34787,300.1034,21.197870000000023,26.953400000000045
2022-05-26 19:00:00,25.5,87.0,294.03452,299.8346,20.88452000000001,26.684600000000046
2022-05-26 19:00:00,25.5,87.25,293.99777,300.01337,20.847770000000025,26.86337000000003
2022-05-26 19:00:00,25.5,87.5,294.12045,300.3957,20.970450000000028,27.2457
2022-05-26 19:00:00,25.5,87.75,294.2047,300.41095,21.054700000000025,27.260950000000037
2022-05-26 19:00:00,25.5,88.0,294.37787,299.90598,21.227869999999996,26.755980000000022
2022-05-26 19:00:00,25.5,88.25,294.37787,299.90598,21.227869999999996,26.755980000000022
2022-05-26 19:00:00,25.5,88.5,294.85352,299.68762,21.703520000000026,26.537620000000004
2022-05-26 19:00:00,25.5,88.75,295.25797,300.1163,22.107970000000023,26.966300000000047
2022-05-26 19:00:00,25.5,89.0,295.06622,300.23856,21.91622000000001,27.08856000000003
2022-05-26 19:00:00,25.5,89.25,294.9469,299.88043,21.79690000000005,26.730430000000013
2022-05-26 19:00:00,25.5,89.5,295.1699,299.21152,22.019900000000007,26.06152000000003
2022-05-26 19:00:00,25.5,89.75,295.74673,298.80984,22.596730000000036,25.65984000000003
2022-05-26 19:00:00,25.5,90.0,295.44162,297.43753,22.291620000000023,24.287530000000004
2022-05-26 19:00:00,25.25,85.5,294.68335,299.25247,21.53335000000004,26.10247000000004
2022-05-26 19:00:00,25.25,85.75,294.6137,299.1565,21.463700000000017,26.006500000000017
2022-05-26 19:00:00,25.25,86.0,294.6137,299.1565,21.463700000000017,26.006500000000017
2022-05-26 19:00:00,25.25,86.25,294.5668,299.00485,21.416800000000023,25.85485
2022-05-26 19:00:00,25.25,86.5,294.64917,299.57086,21.49917000000005,26.420860000000005
2022-05-26 19:00:00,25.25,86.75,294.47516,299.39993,21.32516000000004,26.249930000000006
2022-05-26 19:00:00,25.25,87.0,294.22534,299.09122,21.07534000000004,25.941220000000044
2022-05-26 19:00:00,25.25,87.25,293.94794,298.7778,20.79794000000004,25.627800000000036
2022-05-26 19:00:00,25.25,87.5,293.88797,299.3307,20.73797000000002,26.1807
2022-05-26 19:00:00,25.25,87.75,294.22507,300.35205,21.07507000000004,27.202050000000042
2022-05-26 19:00:00,25.25,88.0,294.5699,300.46844,21.41990000000004,27.31844000000001
2022-05-26 19:00:00,25.25,88.25,294.5699,300.46844,21.41990000000004,27.31844000000001
2022-05-26 19:00:00,25.25,88.5,294.77838,300.05652,21.62838000000005,26.90652
2022-05-26 19:00:00,25.25,88.75,295.06073,300.27634,21.91073,27.126340000000027
2022-05-26 19:00:00,25.25,89.0,295.1532,300.46735,22.00320000000005,27.317350000000033
2022-05-26 19:00:00,25.25,89.25,295.16617,300.2561,22.016170000000045,27.106100000000026
2022-05-26 19:00:00,25.25,89.5,295.35086,299.90598,22.200860000000034,26.755980000000022
2022-05-26 19:00:00,25.25,89.75,295.67438,299.49515,22.524380000000008,26.345150000000046
2022-05-26 19:00:00,25.25,90.0,295.3633,297.83093,22.213300000000004,24.680930000000046
2022-05-26 19:00:00,25.0,85.5,294.6098,299.31354,21.45980000000003,26.163540000000012
2022-05-26 19:00:00,25.0,85.75,294.43866,298.6533,21.28866000000005,25.503300000000024
2022-05-26 19:00:00,25.0,86.0,294.43866,298.6533,21.28866000000005,25.503300000000024
2022-05-26 19:00:00,25.0,86.25,294.4447,298.55576,21.294700000000034,25.405760000000043
2022-05-26 19:00:00,25.0,86.5,294.11472,298.71317,20.96472,25.563170000000014
2022-05-26 19:00:00,25.0,86.75,294.01312,298.75772,20.863120000000038,25.60772000000003
2022-05-26 19:00:00,25.0,87.0,294.008,298.6405,20.858000000000004,25.490499999999997
2022-05-26 19:00:00,25.0,87.25,293.8304,298.26904,20.68040000000002,25.11904000000004
2022-05-26 19:00:00,25.0,87.5,293.58185,298.28745,20.431849999999997,25.13745
2022-05-26 19:00:00,25.0,87.75,294.08386,299.78867,20.93386000000004,26.638670000000047
2022-05-26 19:00:00,25.0,88.0,294.75922,301.10175,21.60922000000005,27.951750000000004
2022-05-26 19:00:00,25.0,88.25,294.75922,301.10175,21.60922000000005,27.951750000000004
2022-05-26 19:00:00,25.0,88.5,295.10495,300.91324,21.954949999999997,27.763239999999996
2022-05-26 19:00:00,25.0,88.75,295.38245,300.58154,22.23245000000003,27.43154000000004
2022-05-26 19:00:00,25.0,89.0,295.1195,300.31473,21.96950000000004,27.16473000000002
2022-05-26 19:00:00,25.0,89.25,295.45395,300.06964,22.303950000000043,26.919640000000015
2022-05-26 19:00:00,25.0,89.5,295.7275,300.53055,22.577500000000043,27.380550000000028
2022-05-26 19:00:00,25.0,89.75,296.05905,301.37054,22.909050000000036,28.220540000000028
2022-05-26 19:00:00,25.0,90.0,295.5616,299.58517,22.41160000000002,26.435170000000028
2022-05-26 19:00:00,24.75,85.5,294.6098,299.31354,21.45980000000003,26.163540000000012
2022-05-26 19:00:00,24.75,85.75,294.43866,298.6533,21.28866000000005,25.503300000000024
2022-05-26 19:00:00,24.75,86.0,294.43866,298.6533,21.28866000000005,25.503300000000024
2022-05-26 19:00:00,24.75,86.25,294.4447,298.55576,21.294700000000034,25.405760000000043
2022-05-26 19:00:00,24.75,86.5,294.11472,298.71317,20.96472,25.563170000000014
2022-05-26 19:00:00,24.75,86.75,294.01312,298.75772,20.863120000000038,25.60772000000003
2022-05-26 19:00:00,24.75,87.0,294.008,298.6405,20.858000000000004,25.490499999999997
2022-05-26 19:00:00,24.75,87.25,293.8304,298.26904,20.68040000000002,25.11904000000004
2022-05-26 19:00:00,24.75,87.5,293.58185,298.28745,20.431849999999997,25.13745
2022-05-26 19:00:00,24.75,87.75,294.08386,299.78867,20.93386000000004,26.638670000000047
2022-05-26 19:00:00,24.75,88.0,294.75922,301.10175,21.60922000000005,27.951750000000004
2022-05-26 19:00:00,24.75,88.25,294.75922,301.10175,21.60922000000005,27.951750000000004
2022-05-26 19:00:00,24.75,88.5,295.10495,300.91324,21.954949999999997,27.763239999999996
2022-05-26 19:00:00,24.75,88.75,295.38245,300.58154,22.23245000000003,27.43154000000004
2022-05-26 19:00:00,24.75,89.0,295.1195,300.31473,21.96950000000004,27.16473000000002
2022-05-26 19:00:00,24.75,89.25,295.45395,300.06964,22.303950000000043,26.919640000000015
2022-05-26 19:00:00,24.75,89.5,295.7275,300.53055,22.577500000000043,27.380550000000028
2022-05-26 19:00:00,24.75,89.75,296.05905,301.37054,22.909050000000036,28.220540000000028
2022-05-26 19:00:00,24.75,90.0,295.5616,299.58517,22.41160000000002,26.435170000000028
2022-05-26 19:00:00,24.5,85.5,294.44797,298.84167,21.29797000000002,25.691670000000045
2022-05-26 19:00:00,24.5,85.75,293.9913,298.05087,20.841300000000047,24.900869999999998
2022-05-26 19:00:00,24.5,86.0,293.9913,298.05087,20.841300000000047,24.900869999999998
2022-05-26 19:00:00,24.5,86.25,293.11838,297.35953,19.968380000000025,24.20953000000003
2022-05-26 19:00:00,24.5,86.5,293.37817,297.49768,20.228170000000034,24.347680000000025
2022-05-26 19:00:00,24.5,86.75,293.43448,297.5569,20.28448000000003,24.406900000000007
2022-05-26 19:00:00,24.5,87.0,293.16113,297.80273,20.011130000000037,24.65273000000002
2022-05-26 19:00:00,24.5,87.25,292.89252,297.9292,19.742520000000013,24.779200000000003
2022-05-26 19:00:00,24.5,87.5,293.14578,298.2229,19.995780000000025,25.072900000000004
2022-05-26 19:00:00,24.5,87.75,294.06815,299.08252,20.918150000000026,25.93252000000001
2022-05-26 19:00:00,24.5,88.0,295.1319,300.66788,21.981899999999996,27.517880000000048
2022-05-26 19:00:00,24.5,88.25,295.1319,300.66788,21.981899999999996,27.517880000000048
2022-05-26 19:00:00,24.5,88.5,295.77283,301.69528,22.62283000000002,28.545280000000048
2022-05-26 19:00:00,24.5,88.75,295.8689,300.97577,22.71890000000002,27.825770000000034
2022-05-26 19:00:00,24.5,89.0,295.69073,299.9143,22.540729999999996,26.76430000000005
2022-05-26 19:00:00,24.5,89.25,295.84436,299.46414,22.694360000000017,26.31414000000001
2022-05-26 19:00:00,24.5,89.5,296.09058,300.0204,22.94058000000001,26.870400000000018
2022-05-26 19:00:00,24.5,89.75,296.5118,301.59885,23.361800000000017,28.44885000000005
2022-05-26 19:00:00,24.5,90.0,295.94794,301.2058,22.79794000000004,28.055800000000033
2022-05-26 19:00:00,24.25,85.5,292.4895,297.8474,19.339500000000044,24.697400000000016
2022-05-26 19:00:00,24.25,85.75,292.67728,297.2982,19.52728000000002,24.14820000000003
2022-05-26 19:00:00,24.25,86.0,292.67728,297.2982,19.52728000000002,24.14820000000003
2022-05-26 19:00:00,24.25,86.25,292.75406,297.10315,19.604060000000004,23.95315000000005
2022-05-26 19:00:00,24.25,86.5,292.94955,297.43533,19.79955000000001,24.285330000000044
2022-05-26 19:00:00,24.25,86.75,293.01593,297.76343,19.86593000000005,24.61343000000005
2022-05-26 19:00:00,24.25,87.0,292.85538,297.7452,19.705380000000048,24.595200000000034
2022-05-26 19:00:00,24.25,87.25,292.8681,298.0455,19.71810000000005,24.895500000000027
2022-05-26 19:00:00,24.25,87.5,293.51834,298.6018,20.368340000000046,25.45180000000005
2022-05-26 19:00:00,24.25,87.75,294.85773,299.49603,21.707730000000026,26.34603000000004
2022-05-26 19:00:00,24.25,88.0,295.85248,300.52545,22.702480000000037,27.37545
2022-05-26 19:00:00,24.25,88.25,295.85248,300.52545,22.702480000000037,27.37545
2022-05-26 19:00:00,24.25,88.5,296.14047,301.16708,22.990470000000016,28.01708000000002
2022-05-26 19:00:00,24.25,88.75,296.26492,301.06403,23.11492000000004,27.914030000000025
2022-05-26 19:00:00,24.25,89.0,295.9421,300.34042,22.792100000000005,27.190420000000017
2022-05-26 19:00:00,24.25,89.25,295.7772,300.20984,22.627200000000016,27.05984000000001
2022-05-26 19:00:00,24.25,89.5,296.47775,300.56198,23.327750000000037,27.411980000000028
2022-05-26 19:00:00,24.25,89.75,296.88574,301.50998,23.73574000000002,28.359980000000007
2022-05-26 19:00:00,24.25,90.0,296.4742,301.58258,23.32420000000002,28.43258000000003
2022-05-26 19:00:00,24.0,85.5,291.58075,296.59262,18.430750000000046,23.442620000000034
2022-05-26 19:00:00,24.0,85.75,292.08478,297.15964,18.934780000000046,24.009640000000047
2022-05-26 19:00:00,24.0,86.0,292.08478,297.15964,18.934780000000046,24.009640000000047
2022-05-26 19:00:00,24.0,86.25,292.66348,297.2056,19.513480000000015,24.055600000000027
2022-05-26 19:00:00,24.0,86.5,292.92014,297.7591,19.770140000000026,24.609100000000012
2022-05-26 19:00:00,24.0,86.75,293.10446,298.1737,19.95446000000004,25.02370000000002
2022-05-26 19:00:00,24.0,87.0,293.07993,297.8567,19.929930000000013,24.706700000000012
2022-05-26 19:00:00,24.0,87.25,293.28363,298.44592,20.13363000000004,25.295920000000024
2022-05-26 19:00:00,24.0,87.5,294.1262,299.19226,20.976200000000006,26.04226
2022-05-26 19:00:00,24.0,87.75,295.36545,300.37817,22.215450000000033,27.228170000000034
2022-05-26 19:00:00,24.0,88.0,296.1426,301.3623,22.99260000000004,28.212300000000027
2022-05-26 19:00:00,24.0,88.25,296.1426,301.3623,22.99260000000004,28.212300000000027
2022-05-26 19:00:00,24.0,88.5,296.2977,301.2657,23.147700000000043,28.115700000000004
2022-05-26 19:00:00,24.0,88.75,296.41113,301.1195,23.261130000000037,27.96950000000004
2022-05-26 19:00:00,24.0,89.0,296.4332,301.26935,23.283200000000022,28.119349999999997
2022-05-26 19:00:00,24.0,89.25,296.32776,301.42178,23.177760000000035,28.271780000000035
2022-05-26 19:00:00,24.0,89.5,296.5889,301.65234,23.438900000000046,28.502340000000004
2022-05-26 19:00:00,24.0,89.75,297.09628,302.32425,23.94628,29.17425000000003
2022-05-26 19:00:00,24.0,90.0,296.6125,301.6811,23.462500000000034,28.531100000000038
2022-05-26 19:00:00,23.75,85.5,291.80182,297.17627,18.651820000000043,24.02627000000001
2022-05-26 19:00:00,23.75,85.75,292.848,298.14645,19.698000000000036,24.99645000000004
2022-05-26 19:00:00,23.75,86.0,292.848,298.14645,19.698000000000036,24.99645000000004
2022-05-26 19:00:00,23.75,86.25,293.21603,297.89838,20.066030000000012,24.748379999999997
2022-05-26 19:00:00,23.75,86.5,293.60953,298.6628,20.45953000000003,25.512800000000027
2022-05-26 19:00:00,23.75,86.75,293.8539,299.12177,20.703900000000033,25.97177000000005
2022-05-26 19:00:00,23.75,87.0,293.92645,298.9844,20.77645000000001,25.834400000000016
2022-05-26 19:00:00,23.75,87.25,294.04208,298.91498,20.89208000000002,25.764980000000037
2022-05-26 19:00:00,23.75,87.5,295.0585,300.2038,21.908500000000004,27.053800000000024
2022-05-26 19:00:00,23.75,87.75,296.09705,300.9935,22.947050000000047,27.843500000000006
2022-05-26 19:00:00,23.75,88.0,296.46826,301.10446,23.31826000000001,27.95446000000004
2022-05-26 19:00:00,23.75,88.25,296.46826,301.10446,23.31826000000001,27.95446000000004
2022-05-26 19:00:00,23.75,88.5,296.57852,301.34067,23.42852000000005,28.19067000000001
2022-05-26 19:00:00,23.75,88.75,296.5731,301.15045,23.423100000000034,28.00045
2022-05-26 19:00:00,23.75,89.0,296.49585,301.38705,23.34585000000004,28.23705000000001
2022-05-26 19:00:00,23.75,89.25,296.5154,301.6535,23.365400000000022,28.50350000000003
2022-05-26 19:00:00,23.75,89.5,296.71356,301.9823,23.563559999999995,28.832300000000032
2022-05-26 19:00:00,23.75,89.75,297.02823,302.649,23.87823000000003,29.499000000000024
2022-05-26 19:00:00,23.75,90.0,297.2838,302.76852,24.133800000000008,29.618520000000046
2022-05-26 19:00:00,23.5,85.5,291.7474,296.87823,18.59740000000005,23.728229999999996
2022-05-26 19:00:00,23.5,85.75,292.98264,297.26288,19.832640000000026,24.11288000000002
2022-05-26 19:00:00,23.5,86.0,292.98264,297.26288,19.832640000000026,24.11288000000002
2022-05-26 19:00:00,23.5,86.25,293.36557,298.238,20.215570000000014,25.088000000000022
2022-05-26 19:00:00,23.5,86.5,293.6879,298.78137,20.537900000000036,25.631370000000004
2022-05-26 19:00:00,23.5,86.75,293.7367,298.64667,20.586700000000008,25.496669999999995
2022-05-26 19:00:00,23.5,87.0,294.05392,299.16583,20.903920000000028,26.01583000000005
2022-05-26 19:00:00,23.5,87.25,294.47882,300.00006,21.328820000000007,26.850060000000042
2022-05-26 19:00:00,23.5,87.5,295.0939,300.32974,21.943900000000042,27.179740000000038
2022-05-26 19:00:00,23.5,87.75,295.80316,300.6113,22.653160000000014,27.46130000000005
2022-05-26 19:00:00,23.5,88.0,296.29407,301.03818,23.14407,27.888180000000034
2022-05-26 19:00:00,23.5,88.25,296.29407,301.03818,23.14407,27.888180000000034
2022-05-26 19:00:00,23.5,88.5,296.6109,301.2617,23.460900000000038,28.11170000000004
2022-05-26 19:00:00,23.5,88.75,296.87778,301.34003,23.727779999999996,28.190030000000036
2022-05-26 19:00:00,23.5,89.0,296.9083,301.39215,23.75830000000002,28.242150000000038
2022-05-26 19:00:00,23.5,89.25,296.8833,301.5539,23.733300000000042,28.40390000000002
2022-05-26 19:00:00,23.5,89.5,296.87424,301.6724,23.72424000000001,28.522400000000005
2022-05-26 19:00:00,23.5,89.75,296.80475,301.77026,23.654750000000035,28.62026000000003
2022-05-26 19:00:00,23.5,90.0,297.10016,302.2287,23.95016000000004,29.078700000000026
2022-05-26 19:00:00,23.25,85.5,292.40567,298.10062,19.25567000000001,24.950620000000015
2022-05-26 19:00:00,23.25,85.75,293.11206,298.34335,19.962060000000008,25.19335000000001
2022-05-26 19:00:00,23.25,86.0,293.11206,298.34335,19.962060000000008,25.19335000000001
2022-05-26 19:00:00,23.25,86.25,293.72757,298.45172,20.577570000000037,25.301720000000046
2022-05-26 19:00:00,23.25,86.5,293.69193,298.2942,20.541930000000036,25.144200000000012
2022-05-26 19:00:00,23.25,86.75,294.05505,299.17883,20.905050000000017,26.028830000000028
2022-05-26 19:00:00,23.25,87.0,294.554,299.91855,21.403999999999996,26.768550000000005
2022-05-26 19:00:00,23.25,87.25,295.0799,300.41122,21.929900000000032,27.261220000000037
2022-05-26 19:00:00,23.25,87.5,295.57794,300.72885,22.427940000000035,27.578850000000045
2022-05-26 19:00:00,23.25,87.75,296.117,301.09003,22.96700000000004,27.940030000000036
2022-05-26 19:00:00,23.25,88.0,296.4967,301.26315,23.3467,28.11315000000002
2022-05-26 19:00:00,23.25,88.25,296.4967,301.26315,23.3467,28.11315000000002
2022-05-26 19:00:00,23.25,88.5,296.7262,301.35233,23.57620000000003,28.202330000000018
2022-05-26 19:00:00,23.25,88.75,297.0292,301.68408,23.879200000000026,28.534080000000017
2022-05-26 19:00:00,23.25,89.0,297.21954,301.72394,24.069540000000018,28.57394000000005
2022-05-26 19:00:00,23.25,89.25,297.4356,301.79327,24.285600000000045,28.64327000000003
2022-05-26 19:00:00,23.25,89.5,297.35547,301.92014,24.205470000000048,28.770140000000026
2022-05-26 19:00:00,23.25,89.75,297.32623,301.6992,24.176230000000032,28.54920000000004
2022-05-26 19:00:00,23.25,90.0,296.7213,301.23444,23.571300000000008,28.08444000000003
2022-05-26 19:00:00,23.0,85.5,293.5736,299.2267,20.42360000000002,26.076700000000017
2022-05-26 19:00:00,23.0,85.75,294.30695,300.0555,21.156949999999995,26.905500000000018
2022-05-26 19:00:00,23.0,86.0,294.30695,300.0555,21.156949999999995,26.905500000000018
2022-05-26 19:00:00,23.0,86.25,294.42505,300.15237,21.27505000000002,27.00237000000004
2022-05-26 19:00:00,23.0,86.5,294.45862,299.53772,21.30862000000002,26.38772
2022-05-26 19:00:00,23.0,86.75,294.96777,300.58463,21.817769999999996,27.434630000000027
2022-05-26 19:00:00,23.0,87.0,295.10684,300.7977,21.95684,27.647700000000043
2022-05-26 19:00:00,23.0,87.25,295.40607,300.75726,22.256070000000022,27.607259999999997
2022-05-26 19:00:00,23.0,87.5,295.7503,300.96216,22.600300000000004,27.812160000000006
2022-05-26 19:00:00,23.0,87.75,296.0392,301.391,22.889200000000017,28.241000000000042
2022-05-26 19:00:00,23.0,88.0,296.4125,301.85495,23.262500000000045,28.704949999999997
2022-05-26 19:00:00,23.0,88.25,296.4125,301.85495,23.262500000000045,28.704949999999997
2022-05-26 19:00:00,23.0,88.5,296.89694,302.25952,23.746939999999995,29.109520000000032
2022-05-26 19:00:00,23.0,88.75,297.405,302.50955,24.254999999999995,29.359550000000013
2022-05-26 19:00:00,23.0,89.0,297.81296,302.31912,24.662959999999998,29.16912000000002
2022-05-26 19:00:00,23.0,89.25,298.09604,302.07504,24.94604000000004,28.925040000000024
2022-05-26 19:00:00,23.0,89.5,298.0473,302.0256,24.89730000000003,28.87560000000002
2022-05-26 19:00:00,23.0,89.75,297.60266,301.85843,24.452660000000037,28.70843000000002
2022-05-26 19:00:00,23.0,90.0,296.869,301.78763,23.71900000000005,28.63763
2022-05-26 19:00:00,22.75,85.5,293.9563,298.5071,20.80630000000002,25.357100000000003
2022-05-26 19:00:00,22.75,85.75,293.9003,300.06647,20.75030000000004,26.916470000000004
2022-05-26 19:00:00,22.75,86.0,293.9003,300.06647,20.75030000000004,26.916470000000004
2022-05-26 19:00:00,22.75,86.25,293.9933,300.1117,20.8433,26.961700000000008
2022-05-26 19:00:00,22.75,86.5,294.58685,299.82748,21.43685000000005,26.677480000000003
2022-05-26 19:00:00,22.75,86.75,295.35117,300.7952,22.201170000000047,27.645200000000045
2022-05-26 19:00:00,22.75,87.0,295.633,301.57727,22.483000000000004,28.42727000000002
2022-05-26 19:00:00,22.75,87.25,295.9081,302.06595,22.758100000000013,28.91595000000001
2022-05-26 19:00:00,22.75,87.5,296.25916,302.7096,23.10916000000003,29.559600000000046
2022-05-26 19:00:00,22.75,87.75,296.74237,303.23105,23.592370000000017,30.081050000000005
2022-05-26 19:00:00,22.75,88.0,297.3637,303.54694,24.213700000000017,30.39694000000003
2022-05-26 19:00:00,22.75,88.25,297.3637,303.54694,24.213700000000017,30.39694000000003
2022-05-26 19:00:00,22.75,88.5,297.95096,303.61487,24.800960000000032,30.46487000000002
2022-05-26 19:00:00,22.75,88.75,298.28033,303.4384,25.130330000000015,30.288400000000024
2022-05-26 19:00:00,22.75,89.0,298.4978,303.21198,25.347800000000007,30.061980000000005
2022-05-26 19:00:00,22.75,89.25,298.631,303.04895,25.480999999999995,29.898950000000013
2022-05-26 19:00:00,22.75,89.5,298.324,302.72763,25.174000000000035,29.57763
2022-05-26 19:00:00,22.75,89.75,297.69528,302.27557,24.545280000000048,29.12557000000004
2022-05-26 19:00:00,22.75,90.0,297.26376,302.1409,24.113760000000013,28.99090000000001
2022-05-26 19:00:00,22.5,85.5,293.9563,298.5071,20.80630000000002,25.357100000000003
2022-05-26 19:00:00,22.5,85.75,293.9003,300.06647,20.75030000000004,26.916470000000004
2022-05-26 19:00:00,22.5,86.0,293.9003,300.06647,20.75030000000004,26.916470000000004
2022-05-26 19:00:00,22.5,86.25,293.9933,300.1117,20.8433,26.961700000000008
2022-05-26 19:00:00,22.5,86.5,294.58685,299.82748,21.43685000000005,26.677480000000003
2022-05-26 19:00:00,22.5,86.75,295.35117,300.7952,22.201170000000047,27.645200000000045
2022-05-26 19:00:00,22.5,87.0,295.633,301.57727,22.483000000000004,28.42727000000002
2022-05-26 19:00:00,22.5,87.25,295.9081,302.06595,22.758100000000013,28.91595000000001
2022-05-26 19:00:00,22.5,87.5,296.25916,302.7096,23.10916000000003,29.559600000000046
2022-05-26 19:00:00,22.5,87.75,296.74237,303.23105,23.592370000000017,30.081050000000005
2022-05-26 19:00:00,22.5,88.0,297.3637,303.54694,24.213700000000017,30.39694000000003
2022-05-26 19:00:00,22.5,88.25,297.3637,303.54694,24.213700000000017,30.39694000000003
2022-05-26 19:00:00,22.5,88.5,297.95096,303.61487,24.800960000000032,30.46487000000002
2022-05-26 19:00:00,22.5,88.75,298.28033,303.4384,25.130330000000015,30.288400000000024
2022-05-26 19:00:00,22.5,89.0,298.4978,303.21198,25.347800000000007,30.061980000000005
2022-05-26 19:00:00,22.5,89.25,298.631,303.04895,25.480999999999995,29.898950000000013
2022-05-26 19:00:00,22.5,89.5,298.324,302.72763,25.174000000000035,29.57763
2022-05-26 19:00:00,22.5,89.75,297.69528,302.27557,24.545280000000048,29.12557000000004
2022-05-26 19:00:00,22.5,90.0,297.26376,302.1409,24.113760000000013,28.99090000000001
2022-05-26 19:00:00,22.25,85.5,293.78256,297.8153,20.632560000000012,24.665300000000002
2022-05-26 19:00:00,22.25,85.75,293.70197,297.4556,20.55197000000004,24.305600000000027
2022-05-26 19:00:00,22.25,86.0,293.70197,297.4556,20.55197000000004,24.305600000000027
2022-05-26 19:00:00,22.25,86.25,293.69168,298.23212,20.541680000000042,25.08212000000003
2022-05-26 19:00:00,22.25,86.5,293.51578,300.39505,20.36578000000003,27.24505000000005
2022-05-26 19:00:00,22.25,86.75,294.95193,301.45532,21.801930000000027,28.305319999999995
2022-05-26 19:00:00,22.25,87.0,295.75082,302.85104,22.60082,29.701040000000035
2022-05-26 19:00:00,22.25,87.25,296.26904,303.69345,23.11904000000004,30.543450000000007
2022-05-26 19:00:00,22.25,87.5,296.74994,304.28006,23.599940000000004,31.130060000000014
2022-05-26 19:00:00,22.25,87.75,297.41992,304.69058,24.269920000000013,31.540580000000034
2022-05-26 19:00:00,22.25,88.0,297.85352,304.54575,24.703520000000026,31.39575000000002
2022-05-26 19:00:00,22.25,88.25,297.85352,304.54575,24.703520000000026,31.39575000000002
2022-05-26 19:00:00,22.25,88.5,298.19174,304.09662,25.041740000000004,30.946619999999996
2022-05-26 19:00:00,22.25,88.75,298.3392,303.66034,25.189200000000028,30.510340000000042
2022-05-26 19:00:00,22.25,89.0,298.3057,303.20923,25.155700000000024,30.059230000000014
2022-05-26 19:00:00,22.25,89.25,298.22913,302.98584,25.07913000000002,29.83584000000002
2022-05-26 19:00:00,22.25,89.5,298.0262,303.02036,24.87620000000004,29.870360000000005
2022-05-26 19:00:00,22.25,89.75,297.7874,302.68692,24.637400000000014,29.53692000000001
2022-05-26 19:00:00,22.25,90.0,297.47333,302.19348,24.32333,29.043480000000045
2022-05-26 19:00:00,22.0,85.5,292.5338,296.8109,19.383800000000008,23.660900000000026
2022-05-26 19:00:00,22.0,85.75,293.01028,297.1384,19.860280000000046,23.988400000000013
2022-05-26 19:00:00,22.0,86.0,293.01028,297.1384,19.860280000000046,23.988400000000013
2022-05-26 19:00:00,22.0,86.25,292.9955,297.20224,19.845500000000015,24.05224000000004
2022-05-26 19:00:00,22.0,86.5,293.07642,298.93256,19.926420000000007,25.782560000000046
2022-05-26 19:00:00,22.0,86.75,295.02716,301.96027,21.877160000000003,28.810270000000003
2022-05-26 19:00:00,22.0,87.0,296.01877,303.10846,22.86877000000004,29.958460000000002
2022-05-26 19:00:00,22.0,87.25,296.57217,303.96585,23.42217000000005,30.81585000000001
2022-05-26 19:00:00,22.0,87.5,297.08002,304.7491,23.930020000000013,31.59910000000002
2022-05-26 19:00:00,22.0,87.75,297.73053,304.96326,24.58053000000001,31.813260000000014
2022-05-26 19:00:00,22.0,88.0,298.34692,304.94223,25.196920000000034,31.792230000000018
2022-05-26 19:00:00,22.0,88.25,298.34692,304.94223,25.196920000000034,31.792230000000018
2022-05-26 19:00:00,22.0,88.5,298.78763,304.26083,25.63763,31.11083000000002
2022-05-26 19:00:00,22.0,88.75,298.71268,303.4416,25.56268,30.291600000000017
2022-05-26 19:00:00,22.0,89.0,298.2412,303.05246,25.091200000000015,29.90246000000002
2022-05-26 19:00:00,22.0,89.25,298.02695,302.78012,24.876950000000022,29.630120000000034
2022-05-26 19:00:00,22.0,89.5,298.14618,302.54315,24.996180000000038,29.39315000000005
2022-05-26 19:00:00,22.0,89.75,298.17148,302.26883,25.021479999999997,29.118830000000003
2022-05-26 19:00:00,22.0,90.0,298.02292,301.78665,24.872920000000022,28.63665000000003
2022-05-26 19:00:00,21.75,85.5,292.0723,296.59186,18.922300000000007,23.44186000000002
2022-05-26 19:00:00,21.75,85.75,292.43036,295.97427,19.28036000000003,22.824270000000013
2022-05-26 19:00:00,21.75,86.0,292.43036,295.97427,19.28036000000003,22.824270000000013
2022-05-26 19:00:00,21.75,86.25,292.3976,295.6431,19.247600000000034,22.493100000000027
2022-05-26 19:00:00,21.75,86.5,292.87372,298.78217,19.723720000000014,25.63217000000003
2022-05-26 19:00:00,21.75,86.75,295.22678,301.32288,22.076780000000042,28.17288000000002
2022-05-26 19:00:00,21.75,87.0,296.51657,304.05533,23.366570000000024,30.90533000000005
2022-05-26 19:00:00,21.75,87.25,297.1729,304.5113,24.02290000000005,31.36130000000003
2022-05-26 19:00:00,21.75,87.5,297.61926,304.36786,24.46926000000002,31.21786000000003
2022-05-26 19:00:00,21.75,87.75,298.6992,304.0186,25.54920000000004,30.868600000000015
2022-05-26 19:00:00,21.75,88.0,299.04282,303.7197,25.89282000000003,30.56970000000001
2022-05-26 19:00:00,21.75,88.25,299.04282,303.7197,25.89282000000003,30.56970000000001
2022-05-26 19:00:00,21.75,88.5,299.62436,303.12292,26.474360000000047,29.972920000000045
2022-05-26 19:00:00,21.75,88.75,299.52338,302.69254,26.373379999999997,29.54254000000003
2022-05-26 19:00:00,21.75,89.0,298.67114,302.24152,25.521140000000003,29.091520000000003
2022-05-26 19:00:00,21.75,89.25,298.90472,301.3666,25.75472000000002,28.216600000000028
2022-05-26 19:00:00,21.75,89.5,299.6523,300.79294,26.502300000000048,27.64294000000001
2022-05-26 19:00:00,21.75,89.75,299.6802,300.59576,26.530200000000036,27.445760000000007
2022-05-26 19:00:00,21.75,90.0,299.57758,300.4096,26.427580000000034,27.259600000000034
2022-05-26 19:00:00,21.5,85.5,292.16577,296.91708,19.015770000000032,23.76708000000002
2022-05-26 19:00:00,21.5,85.75,292.53995,299.58826,19.38995,26.438260000000014
2022-05-26 19:00:00,21.5,86.0,292.53995,299.58826,19.38995,26.438260000000014
2022-05-26 19:00:00,21.5,86.25,293.89655,298.3356,20.746550000000013,25.185600000000022
2022-05-26 19:00:00,21.5,86.5,294.5584,300.18567,21.40840000000003,27.03567000000004
2022-05-26 19:00:00,21.5,86.75,295.79993,301.77197,22.64993000000004,28.621970000000033
2022-05-26 19:00:00,21.5,87.0,298.03473,302.51013,24.884730000000047,29.360130000000026
2022-05-26 19:00:00,21.5,87.25,298.7871,302.6172,25.637100000000032,29.467200000000048
2022-05-26 19:00:00,21.5,87.5,298.99448,302.67334,25.844480000000033,29.52334000000002
2022-05-26 19:00:00,21.5,87.75,299.11734,302.64722,25.967340000000036,29.497220000000027
2022-05-26 19:00:00,21.5,88.0,299.4083,302.52304,26.25830000000002,29.373040000000003
2022-05-26 19:00:00,21.5,88.25,299.4083,302.52304,26.25830000000002,29.373040000000003
2022-05-26 19:00:00,21.5,88.5,299.79465,302.37146,26.644650000000013,29.221460000000036
2022-05-26 19:00:00,21.5,88.75,300.0288,302.1679,26.878800000000012,29.017899999999997
2022-05-26 19:00:00,21.5,89.0,300.08292,301.90018,26.932920000000024,28.75018
2022-05-26 19:00:00,21.5,89.25,300.04602,301.52307,26.89602000000002,28.37307000000004
2022-05-26 19:00:00,21.5,89.5,299.8862,301.06946,26.736199999999997,27.919460000000015
2022-05-26 19:00:00,21.5,89.75,299.60776,300.89474,26.457760000000007,27.744740000000036
2022-05-26 19:00:00,21.5,90.0,299.4493,301.18372,26.299300000000017,28.033720000000017
2022-05-26 19:00:00,21.25,85.5,293.47266,298.13763,20.32266000000004,24.987630000000024
2022-05-26 19:00:00,21.25,85.75,294.22974,299.61807,21.079740000000015,26.46807000000001
2022-05-26 19:00:00,21.25,86.0,294.22974,299.61807,21.079740000000015,26.46807000000001
2022-05-26 19:00:00,21.25,86.25,295.53812,300.3574,22.388120000000015,27.207400000000007
2022-05-26 19:00:00,21.25,86.5,296.0789,301.3625,22.9289,28.212500000000034
2022-05-26 19:00:00,21.25,86.75,297.30872,302.244,24.158720000000017,29.09400000000005
2022-05-26 19:00:00,21.25,87.0,297.98508,301.89075,24.835080000000005,28.740750000000048
2022-05-26 19:00:00,21.25,87.25,298.4735,301.95477,25.323500000000024,28.80477000000002
2022-05-26 19:00:00,21.25,87.5,298.81598,302.1909,25.665980000000047,29.040900000000022
2022-05-26 19:00:00,21.25,87.75,299.08197,302.2989,25.931970000000035,29.148900000000026
2022-05-26 19:00:00,21.25,88.0,299.40198,302.32144,26.251980000000003,29.17144000000002
2022-05-26 19:00:00,21.25,88.25,299.40198,302.32144,26.251980000000003,29.17144000000002
2022-05-26 19:00:00,21.25,88.5,299.69302,302.2142,26.543020000000013,29.064200000000028
2022-05-26 19:00:00,21.25,88.75,299.8702,302.0894,26.720200000000034,28.939400000000035
2022-05-26 19:00:00,21.25,89.0,300.0778,302.08246,26.927800000000047,28.93246000000005
2022-05-26 19:00:00,21.25,89.25,300.15536,301.8273,27.005359999999996,28.677300000000002
2022-05-26 19:00:00,21.25,89.5,299.87964,301.29205,26.729640000000018,28.14205000000004
2022-05-26 19:00:00,21.25,89.75,299.54306,301.1971,26.393060000000048,28.0471
2022-05-26 19:00:00,21.25,90.0,299.37903,301.51138,26.229030000000023,28.361379999999997
2022-05-26 19:00:00,21.0,85.5,294.99826,300.34406,21.84826000000004,27.194060000000036
2022-05-26 19:00:00,21.0,85.75,295.67523,301.27405,22.525230000000022,28.12405000000001
2022-05-26 19:00:00,21.0,86.0,295.67523,301.27405,22.525230000000022,28.12405000000001
2022-05-26 19:00:00,21.0,86.25,296.8297,302.19244,23.679700000000025,29.04244
2022-05-26 19:00:00,21.0,86.5,297.2147,301.755,24.064700000000016,28.605000000000018
2022-05-26 19:00:00,21.0,86.75,297.44653,301.5511,24.29653000000002,28.401100000000042
2022-05-26 19:00:00,21.0,87.0,297.9639,301.49545,24.813900000000046,28.345450000000028
2022-05-26 19:00:00,21.0,87.25,298.19803,301.58313,25.04803000000004,28.433130000000006
2022-05-26 19:00:00,21.0,87.5,298.53586,301.8731,25.385860000000037,28.723100000000045
2022-05-26 19:00:00,21.0,87.75,298.9029,302.04105,25.75290000000001,28.891050000000007
2022-05-26 19:00:00,21.0,88.0,299.22104,302.10056,26.07104000000004,28.950559999999996
2022-05-26 19:00:00,21.0,88.25,299.22104,302.10056,26.07104000000004,28.950559999999996
2022-05-26 19:00:00,21.0,88.5,299.53558,302.0772,26.385580000000004,28.927200000000028
2022-05-26 19:00:00,21.0,88.75,299.84573,302.05457,26.695730000000026,28.904570000000035
2022-05-26 19:00:00,21.0,89.0,300.15054,302.06293,27.00054,28.912930000000017
2022-05-26 19:00:00,21.0,89.25,300.22864,302.00656,27.078640000000007,28.85656
2022-05-26 19:00:00,21.0,89.5,299.9657,301.91,26.81570000000005,28.760000000000048
2022-05-26 19:00:00,21.0,89.75,299.67517,301.8468,26.525170000000003,28.696799999999996
2022-05-26 19:00:00,21.0,90.0,299.46356,301.77786,26.313559999999995,28.62786
2022-05-26 20:00:00,27.5,85.5,286.07535,290.84607,12.925350000000037,17.69607000000002
2022-05-26 20:00:00,27.5,85.75,284.7018,290.34747,11.551800000000014,17.19747000000001
2022-05-26 20:00:00,27.5,86.0,284.7018,290.34747,11.551800000000014,17.19747000000001
2022-05-26 20:00:00,27.5,86.25,282.9811,287.71457,9.831100000000049,14.564570000000003
2022-05-26 20:00:00,27.5,86.5,280.69165,285.1037,7.541650000000004,11.953700000000026
2022-05-26 20:00:00,27.5,86.75,278.03995,282.73233,4.889949999999999,9.582330000000013
2022-05-26 20:00:00,27.5,87.0,275.8676,282.1092,2.7176000000000045,8.95920000000001
2022-05-26 20:00:00,27.5,87.25,274.35406,283.37717,1.2040600000000268,10.227170000000001
2022-05-26 20:00:00,27.5,87.5,272.48502,283.1692,-0.6649799999999573,10.019200000000012
2022-05-26 20:00:00,27.5,87.75,270.7221,279.59955,-2.4278999999999655,6.449550000000045
2022-05-26 20:00:00,27.5,88.0,271.66275,277.96628,-1.4872499999999604,4.816280000000006
2022-05-26 20:00:00,27.5,88.25,271.66275,277.96628,-1.4872499999999604,4.816280000000006
2022-05-26 20:00:00,27.5,88.5,275.33984,280.75992,2.189840000000004,7.609920000000045
2022-05-26 20:00:00,27.5,88.75,276.92178,281.27963,3.771780000000035,8.12963000000002
2022-05-26 20:00:00,27.5,89.0,273.92523,277.01947,0.7752300000000218,3.8694700000000353
2022-05-26 20:00:00,27.5,89.25,272.03952,275.21228,-1.1104799999999955,2.062280000000044
2022-05-26 20:00:00,27.5,89.5,274.06534,277.24704,0.9153400000000147,4.0970400000000495
2022-05-26 20:00:00,27.5,89.75,275.60138,279.89676,2.4513800000000288,6.746759999999995
2022-05-26 20:00:00,27.5,90.0,277.83743,282.50284,4.687430000000006,9.352840000000015
2022-05-26 20:00:00,27.25,85.5,291.29755,295.91568,18.147550000000024,22.76568000000003
2022-05-26 20:00:00,27.25,85.75,290.519,295.35275,17.369000000000028,22.202750000000037
2022-05-26 20:00:00,27.25,86.0,290.519,295.35275,17.369000000000028,22.202750000000037
2022-05-26 20:00:00,27.25,86.25,288.41617,293.27127,15.266170000000045,20.121270000000038
2022-05-26 20:00:00,27.25,86.5,286.23593,291.54718,13.085930000000019,18.39718000000005
2022-05-26 20:00:00,27.25,86.75,285.1299,290.09354,11.979900000000043,16.94354000000004
2022-05-26 20:00:00,27.25,87.0,283.41025,287.58005,10.260250000000042,14.430050000000051
2022-05-26 20:00:00,27.25,87.25,281.81592,287.67496,8.665920000000028,14.524960000000021
2022-05-26 20:00:00,27.25,87.5,280.72412,288.33408,7.57412000000005,15.184079999999994
2022-05-26 20:00:00,27.25,87.75,280.06967,286.67447,6.919669999999996,13.524470000000008
2022-05-26 20:00:00,27.25,88.0,280.99036,285.85132,7.840360000000032,12.70132000000001
2022-05-26 20:00:00,27.25,88.25,280.99036,285.85132,7.840360000000032,12.70132000000001
2022-05-26 20:00:00,27.25,88.5,283.82312,288.27097,10.67312000000004,15.12097
2022-05-26 20:00:00,27.25,88.75,284.93796,289.30588,11.787959999999998,16.155880000000025
2022-05-26 20:00:00,27.25,89.0,281.52927,286.41522,8.37927000000002,13.26522
2022-05-26 20:00:00,27.25,89.25,278.73456,285.09317,5.58456000000001,11.94317000000001
2022-05-26 20:00:00,27.25,89.5,278.51132,283.06738,5.361320000000035,9.917380000000037
2022-05-26 20:00:00,27.25,89.75,279.30505,281.2415,6.155050000000017,8.091499999999996
2022-05-26 20:00:00,27.25,90.0,282.80383,284.42233,9.653830000000028,11.27233000000001
2022-05-26 20:00:00,27.0,85.5,291.29755,295.91568,18.147550000000024,22.76568000000003
2022-05-26 20:00:00,27.0,85.75,290.519,295.35275,17.369000000000028,22.202750000000037
2022-05-26 20:00:00,27.0,86.0,290.519,295.35275,17.369000000000028,22.202750000000037
2022-05-26 20:00:00,27.0,86.25,288.41617,293.27127,15.266170000000045,20.121270000000038
2022-05-26 20:00:00,27.0,86.5,286.23593,291.54718,13.085930000000019,18.39718000000005
2022-05-26 20:00:00,27.0,86.75,285.1299,290.09354,11.979900000000043,16.94354000000004
2022-05-26 20:00:00,27.0,87.0,283.41025,287.58005,10.260250000000042,14.430050000000051
2022-05-26 20:00:00,27.0,87.25,281.81592,287.67496,8.665920000000028,14.524960000000021
2022-05-26 20:00:00,27.0,87.5,280.72412,288.33408,7.57412000000005,15.184079999999994
2022-05-26 20:00:00,27.0,87.75,280.06967,286.67447,6.919669999999996,13.524470000000008
2022-05-26 20:00:00,27.0,88.0,280.99036,285.85132,7.840360000000032,12.70132000000001
2022-05-26 20:00:00,27.0,88.25,280.99036,285.85132,7.840360000000032,12.70132000000001
2022-05-26 20:00:00,27.0,88.5,283.82312,288.27097,10.67312000000004,15.12097
2022-05-26 20:00:00,27.0,88.75,284.93796,289.30588,11.787959999999998,16.155880000000025
2022-05-26 20:00:00,27.0,89.0,281.52927,286.41522,8.37927000000002,13.26522
2022-05-26 20:00:00,27.0,89.25,278.73456,285.09317,5.58456000000001,11.94317000000001
2022-05-26 20:00:00,27.0,89.5,278.51132,283.06738,5.361320000000035,9.917380000000037
2022-05-26 20:00:00,27.0,89.75,279.30505,281.2415,6.155050000000017,8.091499999999996
2022-05-26 20:00:00,27.0,90.0,282.80383,284.42233,9.653830000000028,11.27233000000001
2022-05-26 20:00:00,26.75,85.5,293.22623,298.52,20.07623000000001,25.370000000000005
2022-05-26 20:00:00,26.75,85.75,292.3174,297.0955,19.167400000000043,23.945500000000038
2022-05-26 20:00:00,26.75,86.0,292.3174,297.0955,19.167400000000043,23.945500000000038
2022-05-26 20:00:00,26.75,86.25,291.77396,296.80408,18.62396000000001,23.65408000000002
2022-05-26 20:00:00,26.75,86.5,290.79855,295.93826,17.64855,22.788260000000037
2022-05-26 20:00:00,26.75,86.75,290.4557,296.41748,17.3057,23.267480000000035
2022-05-26 20:00:00,26.75,87.0,289.6282,295.11087,16.478200000000015,21.96087
2022-05-26 20:00:00,26.75,87.25,288.67792,293.68527,15.527919999999995,20.535270000000025
2022-05-26 20:00:00,26.75,87.5,287.8436,292.63937,14.693600000000004,19.489370000000008
2022-05-26 20:00:00,26.75,87.75,287.65405,292.32736,14.504050000000007,19.17736000000002
2022-05-26 20:00:00,26.75,88.0,288.5882,293.18167,15.438199999999995,20.03167000000002
2022-05-26 20:00:00,26.75,88.25,288.5882,293.18167,15.438199999999995,20.03167000000002
2022-05-26 20:00:00,26.75,88.5,290.43033,294.9812,17.28033000000005,21.831200000000024
2022-05-26 20:00:00,26.75,88.75,291.29343,295.89847,18.143430000000023,22.748469999999998
2022-05-26 20:00:00,26.75,89.0,289.21997,294.38977,16.069970000000012,21.23977000000002
2022-05-26 20:00:00,26.75,89.25,286.90045,293.55304,13.75045,20.403040000000033
2022-05-26 20:00:00,26.75,89.5,286.83688,292.29733,13.68688000000003,19.14733000000001
2022-05-26 20:00:00,26.75,89.75,287.41843,291.08194,14.268430000000023,17.931939999999997
2022-05-26 20:00:00,26.75,90.0,289.995,293.51254,16.845000000000027,20.362540000000024
2022-05-26 20:00:00,26.5,85.5,292.9413,297.78802,19.791300000000035,24.63802000000004
2022-05-26 20:00:00,26.5,85.75,292.4026,297.97275,19.25260000000003,24.822750000000042
2022-05-26 20:00:00,26.5,86.0,292.4026,297.97275,19.25260000000003,24.822750000000042
2022-05-26 20:00:00,26.5,86.25,292.184,297.2292,19.03400000000005,24.079200000000014
2022-05-26 20:00:00,26.5,86.5,292.2491,298.01462,19.09910000000002,24.864620000000002
2022-05-26 20:00:00,26.5,86.75,292.0975,297.4274,18.947500000000048,24.2774
2022-05-26 20:00:00,26.5,87.0,292.43686,297.76306,19.286860000000047,24.61306000000002
2022-05-26 20:00:00,26.5,87.25,292.80957,298.11578,19.65957000000003,24.965779999999995
2022-05-26 20:00:00,26.5,87.5,292.6409,297.78278,19.49090000000001,24.632780000000025
2022-05-26 20:00:00,26.5,87.75,292.78424,297.8197,19.634240000000034,24.669700000000034
2022-05-26 20:00:00,26.5,88.0,293.40228,298.2729,20.25228000000004,25.122900000000016
2022-05-26 20:00:00,26.5,88.25,293.40228,298.2729,20.25228000000004,25.122900000000016
2022-05-26 20:00:00,26.5,88.5,293.83224,298.63446,20.682240000000036,25.484460000000013
2022-05-26 20:00:00,26.5,88.75,293.72617,298.95142,20.576170000000047,25.801420000000007
2022-05-26 20:00:00,26.5,89.0,292.8724,298.48923,19.72240000000005,25.339230000000043
2022-05-26 20:00:00,26.5,89.25,292.20383,297.35886,19.053830000000005,24.208860000000016
2022-05-26 20:00:00,26.5,89.5,292.5114,297.73367,19.361400000000003,24.58367000000004
2022-05-26 20:00:00,26.5,89.75,293.12082,298.3499,19.970820000000003,25.199900000000014
2022-05-26 20:00:00,26.5,90.0,293.73322,298.66675,20.58322000000004,25.516750000000002
2022-05-26 20:00:00,26.25,85.5,292.30786,297.26385,19.157860000000028,24.113850000000014
2022-05-26 20:00:00,26.25,85.75,292.36963,296.56802,19.219629999999995,23.418020000000013
2022-05-26 20:00:00,26.25,86.0,292.36963,296.56802,19.219629999999995,23.418020000000013
2022-05-26 20:00:00,26.25,86.25,292.55603,297.78183,19.406030000000044,24.631830000000036
2022-05-26 20:00:00,26.25,86.5,292.76178,298.5677,19.61178000000001,25.417700000000025
2022-05-26 20:00:00,26.25,86.75,293.13446,298.59705,19.984460000000013,25.447050000000047
2022-05-26 20:00:00,26.25,87.0,293.27585,298.71124,20.125850000000014,25.561239999999998
2022-05-26 20:00:00,26.25,87.25,293.67032,299.20996,20.520320000000027,26.059960000000046
2022-05-26 20:00:00,26.25,87.5,294.30133,299.81577,21.15133000000003,26.66577000000001
2022-05-26 20:00:00,26.25,87.75,294.73938,300.23392,21.589380000000006,27.083920000000035
2022-05-26 20:00:00,26.25,88.0,294.86847,300.23074,21.718470000000025,27.08074000000005
2022-05-26 20:00:00,26.25,88.25,294.86847,300.23074,21.718470000000025,27.08074000000005
2022-05-26 20:00:00,26.25,88.5,294.84738,300.05865,21.69738000000001,26.908650000000023
2022-05-26 20:00:00,26.25,88.75,294.855,300.0249,21.70500000000004,26.874900000000025
2022-05-26 20:00:00,26.25,89.0,294.96133,299.91257,21.811329999999998,26.76257000000004
2022-05-26 20:00:00,26.25,89.25,294.97305,300.0819,21.823050000000023,26.93190000000004
2022-05-26 20:00:00,26.25,89.5,295.12958,300.23737,21.97958,27.08737000000002
2022-05-26 20:00:00,26.25,89.75,295.13196,300.006,21.981960000000015,26.855999999999995
2022-05-26 20:00:00,26.25,90.0,295.26764,299.8464,22.117639999999994,26.69640000000004
2022-05-26 20:00:00,26.0,85.5,293.0979,298.43887,19.947900000000004,25.28887000000003
2022-05-26 20:00:00,26.0,85.75,292.94162,298.06796,19.791620000000023,24.91796000000005
2022-05-26 20:00:00,26.0,86.0,292.94162,298.06796,19.791620000000023,24.91796000000005
2022-05-26 20:00:00,26.0,86.25,293.0171,297.8307,19.86710000000005,24.6807
2022-05-26 20:00:00,26.0,86.5,293.24866,298.79056,20.098659999999995,25.64056000000005
2022-05-26 20:00:00,26.0,86.75,293.3476,298.93124,20.197600000000023,25.781240000000025
2022-05-26 20:00:00,26.0,87.0,293.44583,298.94373,20.295830000000024,25.79373000000004
2022-05-26 20:00:00,26.0,87.25,293.95132,299.53848,20.801320000000032,26.388480000000015
2022-05-26 20:00:00,26.0,87.5,294.5666,300.16705,21.416600000000017,27.01705000000004
2022-05-26 20:00:00,26.0,87.75,294.92023,300.404,21.770230000000026,27.25400000000002
2022-05-26 20:00:00,26.0,88.0,294.9654,300.16302,21.81540000000001,27.01302000000004
2022-05-26 20:00:00,26.0,88.25,294.9654,300.16302,21.81540000000001,27.01302000000004
2022-05-26 20:00:00,26.0,88.5,294.80496,299.6815,21.654960000000017,26.53150000000005
2022-05-26 20:00:00,26.0,88.75,294.679,299.54645,21.528999999999996,26.396450000000016
2022-05-26 20:00:00,26.0,89.0,294.85425,299.84814,21.704250000000002,26.698140000000024
2022-05-26 20:00:00,26.0,89.25,295.182,299.82614,22.03200000000004,26.676140000000032
2022-05-26 20:00:00,26.0,89.5,295.41388,299.04196,22.26388000000003,25.89196000000004
2022-05-26 20:00:00,26.0,89.75,295.5231,298.65372,22.373100000000022,25.503720000000044
2022-05-26 20:00:00,26.0,90.0,295.54587,299.28397,22.395870000000002,26.133970000000033
2022-05-26 20:00:00,25.75,85.5,293.5041,298.66995,20.354100000000017,25.519949999999994
2022-05-26 20:00:00,25.75,85.75,293.347,298.8374,20.197000000000003,25.687400000000025
2022-05-26 20:00:00,25.75,86.0,293.347,298.8374,20.197000000000003,25.687400000000025
2022-05-26 20:00:00,25.75,86.25,293.44717,298.62015,20.29717000000005,25.470150000000046
2022-05-26 20:00:00,25.75,86.5,293.4069,298.6973,20.25690000000003,25.547300000000007
2022-05-26 20:00:00,25.75,86.75,293.38348,299.049,20.233480000000043,25.899
2022-05-26 20:00:00,25.75,87.0,293.27426,298.9935,20.12426000000005,25.843500000000006
2022-05-26 20:00:00,25.75,87.25,293.53247,299.20505,20.382470000000012,26.05505000000005
2022-05-26 20:00:00,25.75,87.5,293.94672,299.71613,20.79672000000005,26.566130000000044
2022-05-26 20:00:00,25.75,87.75,294.19797,299.87134,21.04797000000002,26.721339999999998
2022-05-26 20:00:00,25.75,88.0,294.2245,299.4797,21.0745,26.329700000000003
2022-05-26 20:00:00,25.75,88.25,294.2245,299.4797,21.0745,26.329700000000003
2022-05-26 20:00:00,25.75,88.5,294.12274,299.08856,20.972740000000044,25.938559999999995
2022-05-26 20:00:00,25.75,88.75,294.10635,299.0629,20.956350000000043,25.912900000000036
2022-05-26 20:00:00,25.75,89.0,294.2509,299.0296,21.100900000000024,25.87960000000004
2022-05-26 20:00:00,25.75,89.25,294.392,298.72427,21.24200000000002,25.574270000000013
2022-05-26 20:00:00,25.75,89.5,294.7835,298.39566,21.633500000000026,25.245660000000044
2022-05-26 20:00:00,25.75,89.75,295.21063,298.2633,22.060630000000003,25.113300000000038
2022-05-26 20:00:00,25.75,90.0,295.06342,297.45813,21.91342000000003,24.308130000000006
2022-05-26 20:00:00,25.5,85.5,294.36063,299.4891,21.210630000000037,26.33910000000003
2022-05-26 20:00:00,25.5,85.75,294.27847,300.1138,21.12847000000005,26.96380000000005
2022-05-26 20:00:00,25.5,86.0,294.27847,300.1138,21.12847000000005,26.96380000000005
2022-05-26 20:00:00,25.5,86.25,294.07562,299.63416,20.925620000000038,26.48416000000003
2022-05-26 20:00:00,25.5,86.5,294.05682,299.8811,20.90682000000004,26.731100000000026
2022-05-26 20:00:00,25.5,86.75,293.85352,299.41562,20.703520000000026,26.265620000000013
2022-05-26 20:00:00,25.5,87.0,293.64142,299.12958,20.491420000000005,25.97958
2022-05-26 20:00:00,25.5,87.25,293.71103,299.2747,20.561030000000017,26.12470000000002
2022-05-26 20:00:00,25.5,87.5,293.881,299.7116,20.730999999999995,26.5616
2022-05-26 20:00:00,25.5,87.75,293.91437,299.87494,20.764370000000042,26.724940000000004
2022-05-26 20:00:00,25.5,88.0,293.9443,299.35776,20.79430000000002,26.207760000000007
2022-05-26 20:00:00,25.5,88.25,293.9443,299.35776,20.79430000000002,26.207760000000007
2022-05-26 20:00:00,25.5,88.5,294.27097,299.00037,21.12097,25.850369999999998
2022-05-26 20:00:00,25.5,88.75,294.64014,299.48282,21.490139999999997,26.332820000000027
2022-05-26 20:00:00,25.5,89.0,294.55368,299.76035,21.40368000000001,26.61035000000004
2022-05-26 20:00:00,25.5,89.25,294.56827,299.44434,21.418270000000007,26.294340000000034
2022-05-26 20:00:00,25.5,89.5,294.8708,298.85968,21.720799999999997,25.70968000000005
2022-05-26 20:00:00,25.5,89.75,295.5058,298.54315,22.355800000000045,25.39315000000005
2022-05-26 20:00:00,25.5,90.0,295.0985,297.02823,21.948500000000024,23.87823000000003
2022-05-26 20:00:00,25.25,85.5,295.13815,299.41043,21.98815000000002,26.260430000000042
2022-05-26 20:00:00,25.25,85.75,294.7055,298.91037,21.555499999999995,25.760370000000023
2022-05-26 20:00:00,25.25,86.0,294.7055,298.91037,21.555499999999995,25.760370000000023
2022-05-26 20:00:00,25.25,86.25,294.30798,298.27335,21.15798000000001,25.123350000000016
2022-05-26 20:00:00,25.25,86.5,294.18655,298.78223,21.036550000000034,25.63223000000005
2022-05-26 20:00:00,25.25,86.75,293.95328,298.61954,20.80328000000003,25.469539999999995
2022-05-26 20:00:00,25.25,87.0,293.76074,298.42395,20.61074000000002,25.273950000000013
2022-05-26 20:00:00,25.25,87.25,293.58084,298.29593,20.430840000000046,25.14593000000002
2022-05-26 20:00:00,25.25,87.5,293.58752,299.03702,20.437520000000006,25.887020000000007
2022-05-26 20:00:00,25.25,87.75,293.9302,299.82773,20.780200000000036,26.677729999999997
2022-05-26 20:00:00,25.25,88.0,294.23105,299.79767,21.081050000000005,26.647670000000005
2022-05-26 20:00:00,25.25,88.25,294.23105,299.79767,21.081050000000005,26.647670000000005
2022-05-26 20:00:00,25.25,88.5,294.4117,299.68127,21.26170000000002,26.531270000000006
2022-05-26 20:00:00,25.25,88.75,294.75198,299.9888,21.601980000000026,26.83880000000005
2022-05-26 20:00:00,25.25,89.0,294.9577,300.10437,21.80770000000001,26.95437000000004
2022-05-26 20:00:00,25.25,89.25,295.04312,300.00656,21.89312000000001,26.85656
2022-05-26 20:00:00,25.25,89.5,295.2602,299.78714,22.11020000000002,26.637140000000045
2022-05-26 20:00:00,25.25,89.75,295.6587,299.11313,22.508700000000033,25.963130000000035
2022-05-26 20:00:00,25.25,90.0,295.30267,297.24124,22.15267,24.091240000000028
2022-05-26 20:00:00,25.0,85.5,295.28134,299.33008,22.131340000000023,26.180080000000032
2022-05-26 20:00:00,25.0,85.75,294.83786,298.82245,21.68786,25.672450000000026
2022-05-26 20:00:00,25.0,86.0,294.83786,298.82245,21.68786,25.672450000000026
2022-05-26 20:00:00,25.0,86.25,294.49387,298.42053,21.343870000000038,25.270530000000008
2022-05-26 20:00:00,25.0,86.5,293.98108,298.3143,20.831080000000043,25.164300000000026
2022-05-26 20:00:00,25.0,86.75,293.71597,298.11304,20.56597000000005,24.963040000000035
2022-05-26 20:00:00,25.0,87.0,293.64606,298.18738,20.49606,25.03738000000004
2022-05-26 20:00:00,25.0,87.25,293.51605,297.88232,20.36605000000003,24.732320000000016
2022-05-26 20:00:00,25.0,87.5,293.32187,297.8339,20.171870000000013,24.68390000000005
2022-05-26 20:00:00,25.0,87.75,293.84412,299.34604,20.694119999999998,26.19604000000004
2022-05-26 20:00:00,25.0,88.0,294.55472,300.72107,21.404719999999998,27.57107000000002
2022-05-26 20:00:00,25.0,88.25,294.55472,300.72107,21.404719999999998,27.57107000000002
2022-05-26 20:00:00,25.0,88.5,294.954,300.6127,21.80400000000003,27.46270000000004
2022-05-26 20:00:00,25.0,88.75,295.3245,300.325,22.174500000000023,27.17500000000001
2022-05-26 20:00:00,25.0,89.0,295.20282,300.00583,22.052819999999997,26.855830000000026
2022-05-26 20:00:00,25.0,89.25,295.49213,299.91733,22.342129999999997,26.767330000000015
2022-05-26 20:00:00,25.0,89.5,295.73172,300.5347,22.58172000000002,27.38470000000001
2022-05-26 20:00:00,25.0,89.75,296.15402,301.21292,23.004020000000025,28.06292000000002
2022-05-26 20:00:00,25.0,90.0,295.71954,299.08987,22.569540000000018,25.93987000000004
2022-05-26 20:00:00,24.75,85.5,295.28134,299.33008,22.131340000000023,26.180080000000032
2022-05-26 20:00:00,24.75,85.75,294.83786,298.82245,21.68786,25.672450000000026
2022-05-26 20:00:00,24.75,86.0,294.83786,298.82245,21.68786,25.672450000000026
2022-05-26 20:00:00,24.75,86.25,294.49387,298.42053,21.343870000000038,25.270530000000008
2022-05-26 20:00:00,24.75,86.5,293.98108,298.3143,20.831080000000043,25.164300000000026
2022-05-26 20:00:00,24.75,86.75,293.71597,298.11304,20.56597000000005,24.963040000000035
2022-05-26 20:00:00,24.75,87.0,293.64606,298.18738,20.49606,25.03738000000004
2022-05-26 20:00:00,24.75,87.25,293.51605,297.88232,20.36605000000003,24.732320000000016
2022-05-26 20:00:00,24.75,87.5,293.32187,297.8339,20.171870000000013,24.68390000000005
2022-05-26 20:00:00,24.75,87.75,293.84412,299.34604,20.694119999999998,26.19604000000004
2022-05-26 20:00:00,24.75,88.0,294.55472,300.72107,21.404719999999998,27.57107000000002
2022-05-26 20:00:00,24.75,88.25,294.55472,300.72107,21.404719999999998,27.57107000000002
2022-05-26 20:00:00,24.75,88.5,294.954,300.6127,21.80400000000003,27.46270000000004
2022-05-26 20:00:00,24.75,88.75,295.3245,300.325,22.174500000000023,27.17500000000001
2022-05-26 20:00:00,24.75,89.0,295.20282,300.00583,22.052819999999997,26.855830000000026
2022-05-26 20:00:00,24.75,89.25,295.49213,299.91733,22.342129999999997,26.767330000000015
2022-05-26 20:00:00,24.75,89.5,295.73172,300.5347,22.58172000000002,27.38470000000001
2022-05-26 20:00:00,24.75,89.75,296.15402,301.21292,23.004020000000025,28.06292000000002
2022-05-26 20:00:00,24.75,90.0,295.71954,299.08987,22.569540000000018,25.93987000000004
2022-05-26 20:00:00,24.5,85.5,295.0413,299.16187,21.8913,26.011870000000044
2022-05-26 20:00:00,24.5,85.75,294.8243,298.58395,21.674300000000017,25.43395000000004
2022-05-26 20:00:00,24.5,86.0,294.8243,298.58395,21.674300000000017,25.43395000000004
2022-05-26 20:00:00,24.5,86.25,293.88675,297.72348,20.73675000000003,24.573480000000018
2022-05-26 20:00:00,24.5,86.5,293.8277,297.43384,20.677700000000016,24.283839999999998
2022-05-26 20:00:00,24.5,86.75,293.51416,297.31622,20.364160000000027,24.16622000000001
2022-05-26 20:00:00,24.5,87.0,293.1272,297.42612,19.97720000000004,24.27612000000005
2022-05-26 20:00:00,24.5,87.25,292.86386,297.75494,19.71386000000001,24.60494
2022-05-26 20:00:00,24.5,87.5,293.06177,298.06183,19.911770000000047,24.91183000000001
2022-05-26 20:00:00,24.5,87.75,293.84558,298.77567,20.695580000000007,25.625670000000014
2022-05-26 20:00:00,24.5,88.0,294.82657,300.19693,21.676570000000027,27.04693000000003
2022-05-26 20:00:00,24.5,88.25,294.82657,300.19693,21.676570000000027,27.04693000000003
2022-05-26 20:00:00,24.5,88.5,295.48062,301.12894,22.33062000000001,27.978940000000023
2022-05-26 20:00:00,24.5,88.75,295.59384,300.60767,22.443840000000023,27.457670000000007
2022-05-26 20:00:00,24.5,89.0,295.4308,299.79132,22.2808,26.641320000000007
2022-05-26 20:00:00,24.5,89.25,295.56573,299.5101,22.415729999999996,26.360100000000045
2022-05-26 20:00:00,24.5,89.5,295.85754,300.1627,22.707539999999995,27.012699999999995
2022-05-26 20:00:00,24.5,89.75,296.37885,301.85495,23.228850000000023,28.704949999999997
2022-05-26 20:00:00,24.5,90.0,296.07355,300.95676,22.923550000000034,27.806759999999997
2022-05-26 20:00:00,24.25,85.5,293.23477,297.69073,20.08477000000005,24.540729999999996
2022-05-26 20:00:00,24.25,85.75,294.05515,297.79788,20.90515000000005,24.647880000000043
2022-05-26 20:00:00,24.25,86.0,294.05515,297.79788,20.90515000000005,24.647880000000043
2022-05-26 20:00:00,24.25,86.25,294.12064,297.7724,20.970640000000003,24.622400000000027
2022-05-26 20:00:00,24.25,86.5,293.88715,297.66022,20.737150000000042,24.510220000000004
2022-05-26 20:00:00,24.25,86.75,293.4455,297.72498,20.295500000000004,24.57498000000004
2022-05-26 20:00:00,24.25,87.0,293.08478,297.70996,19.934780000000046,24.559960000000046
2022-05-26 20:00:00,24.25,87.25,293.07587,298.20334,19.92587000000003,25.05334000000005
2022-05-26 20:00:00,24.25,87.5,293.5878,298.69934,20.43780000000004,25.54934000000003
2022-05-26 20:00:00,24.25,87.75,294.65076,299.34705,21.500760000000014,26.197050000000047
2022-05-26 20:00:00,24.25,88.0,295.41867,300.177,22.268670000000043,27.027000000000044
2022-05-26 20:00:00,24.25,88.25,295.41867,300.177,22.268670000000043,27.027000000000044
2022-05-26 20:00:00,24.25,88.5,295.60922,300.73938,22.459220000000016,27.589380000000006
2022-05-26 20:00:00,24.25,88.75,295.71683,300.7606,22.56683000000004,27.610600000000034
2022-05-26 20:00:00,24.25,89.0,295.46265,300.24005,22.31265000000002,27.09005000000002
2022-05-26 20:00:00,24.25,89.25,295.37735,300.11218,22.22735,26.962180000000046
2022-05-26 20:00:00,24.25,89.5,295.955,300.42096,22.805000000000007,27.270960000000002
2022-05-26 20:00:00,24.25,89.75,296.52762,301.6738,23.377620000000036,28.52380000000005
2022-05-26 20:00:00,24.25,90.0,296.45712,301.79224,23.307119999999998,28.642240000000015
2022-05-26 20:00:00,24.0,85.5,291.90057,295.29114,18.75057000000004,22.141140000000007
2022-05-26 20:00:00,24.0,85.75,293.08286,297.314,19.932860000000005,24.164000000000044
2022-05-26 20:00:00,24.0,86.0,293.08286,297.314,19.932860000000005,24.164000000000044
2022-05-26 20:00:00,24.0,86.25,293.77875,297.98907,20.628750000000025,24.83907000000005
2022-05-26 20:00:00,24.0,86.5,293.77713,298.03903,20.627130000000022,24.889030000000048
2022-05-26 20:00:00,24.0,86.75,293.61075,298.3949,20.46075000000002,25.24490000000003
2022-05-26 20:00:00,24.0,87.0,293.4017,297.95944,20.251700000000028,24.809439999999995
2022-05-26 20:00:00,24.0,87.25,293.52838,298.4991,20.37838000000005,25.34910000000002
2022-05-26 20:00:00,24.0,87.5,294.21033,299.0909,21.06033000000002,25.9409
2022-05-26 20:00:00,24.0,87.75,295.18735,300.09186,22.037350000000004,26.94186000000002
2022-05-26 20:00:00,24.0,88.0,295.73676,300.97043,22.586760000000027,27.820430000000044
2022-05-26 20:00:00,24.0,88.25,295.73676,300.97043,22.586760000000027,27.820430000000044
2022-05-26 20:00:00,24.0,88.5,295.78714,300.81573,22.637140000000045,27.665729999999996
2022-05-26 20:00:00,24.0,88.75,295.9141,300.71545,22.76410000000004,27.56545
2022-05-26 20:00:00,24.0,89.0,296.02142,300.92023,22.87142,27.770230000000026
2022-05-26 20:00:00,24.0,89.25,295.94647,300.95322,22.79647,27.80322000000001
2022-05-26 20:00:00,24.0,89.5,296.1301,301.11945,22.98010000000005,27.969449999999995
2022-05-26 20:00:00,24.0,89.75,296.7201,302.04306,23.570100000000025,28.893060000000048
2022-05-26 20:00:00,24.0,90.0,296.54132,301.69772,23.391320000000007,28.547720000000027
2022-05-26 20:00:00,23.75,85.5,291.75787,296.44254,18.607870000000048,23.29254000000003
2022-05-26 20:00:00,23.75,85.75,293.13516,299.19037,19.985160000000008,26.040369999999996
2022-05-26 20:00:00,23.75,86.0,293.13516,299.19037,19.985160000000008,26.040369999999996
2022-05-26 20:00:00,23.75,86.25,293.66318,299.38983,20.513180000000034,26.23983000000004
2022-05-26 20:00:00,23.75,86.5,294.04218,299.4298,20.892179999999996,26.279800000000023
2022-05-26 20:00:00,23.75,86.75,294.25317,299.68372,21.103170000000034,26.533720000000017
2022-05-26 20:00:00,23.75,87.0,294.24786,299.2372,21.097860000000026,26.087199999999996
2022-05-26 20:00:00,23.75,87.25,294.23563,298.9325,21.085630000000037,25.782500000000027
2022-05-26 20:00:00,23.75,87.5,295.06726,300.0422,21.91726,26.892200000000003
2022-05-26 20:00:00,23.75,87.75,295.91238,300.8232,22.762380000000007,27.67320000000001
2022-05-26 20:00:00,23.75,88.0,296.1541,300.8599,23.00410000000005,27.709900000000005
2022-05-26 20:00:00,23.75,88.25,296.1541,300.8599,23.00410000000005,27.709900000000005
2022-05-26 20:00:00,23.75,88.5,296.25363,300.9536,23.10363000000001,27.803600000000017
2022-05-26 20:00:00,23.75,88.75,296.35815,300.84766,23.208150000000046,27.69766000000004
2022-05-26 20:00:00,23.75,89.0,296.3849,301.04,23.23490000000004,27.890000000000043
2022-05-26 20:00:00,23.75,89.25,296.34015,301.27975,23.190150000000017,28.12975
2022-05-26 20:00:00,23.75,89.5,296.43167,301.52878,23.28167000000002,28.378780000000006
2022-05-26 20:00:00,23.75,89.75,296.74692,302.11987,23.59692000000001,28.969870000000014
2022-05-26 20:00:00,23.75,90.0,297.1952,302.50192,24.045200000000023,29.351920000000007
2022-05-26 20:00:00,23.5,85.5,291.36966,296.25906,18.219660000000033,23.10906
2022-05-26 20:00:00,23.5,85.75,292.62506,297.53867,19.475060000000042,24.388670000000047
2022-05-26 20:00:00,23.5,86.0,292.62506,297.53867,19.475060000000042,24.388670000000047
2022-05-26 20:00:00,23.5,86.25,293.18875,297.99115,20.03875000000005,24.841150000000027
2022-05-26 20:00:00,23.5,86.5,293.80844,298.74744,20.65844000000004,25.597440000000006
2022-05-26 20:00:00,23.5,86.75,294.07843,299.11868,20.92843000000005,25.968680000000006
2022-05-26 20:00:00,23.5,87.0,294.39972,299.55624,21.249720000000025,26.406240000000025
2022-05-26 20:00:00,23.5,87.25,294.675,300.07596,21.525000000000034,26.925960000000032
2022-05-26 20:00:00,23.5,87.5,295.10315,300.32312,21.95315000000005,27.17312000000004
2022-05-26 20:00:00,23.5,87.75,295.65506,300.54355,22.505060000000014,27.393550000000005
2022-05-26 20:00:00,23.5,88.0,296.07645,300.8789,22.926450000000045,27.72890000000001
2022-05-26 20:00:00,23.5,88.25,296.07645,300.8789,22.926450000000045,27.72890000000001
2022-05-26 20:00:00,23.5,88.5,296.45206,301.16776,23.30206000000004,28.01776000000001
2022-05-26 20:00:00,23.5,88.75,296.86145,301.34473,23.711450000000013,28.19473000000005
2022-05-26 20:00:00,23.5,89.0,296.98166,301.35898,23.83166,28.208979999999997
2022-05-26 20:00:00,23.5,89.25,296.87228,301.38715,23.722280000000012,28.237150000000042
2022-05-26 20:00:00,23.5,89.5,296.71616,301.36044,23.566160000000025,28.210440000000006
2022-05-26 20:00:00,23.5,89.75,296.59787,301.37027,23.447870000000023,28.220270000000028
2022-05-26 20:00:00,23.5,90.0,296.96127,301.84137,23.811270000000036,28.691370000000006
2022-05-26 20:00:00,23.25,85.5,291.8194,297.72388,18.669399999999996,24.57388000000003
2022-05-26 20:00:00,23.25,85.75,292.49112,298.21375,19.341120000000046,25.063750000000027
2022-05-26 20:00:00,23.25,86.0,292.49112,298.21375,19.341120000000046,25.063750000000027
2022-05-26 20:00:00,23.25,86.25,293.34305,298.20847,20.193050000000028,25.05847
2022-05-26 20:00:00,23.25,86.5,293.63705,298.46967,20.48705000000001,25.31967000000003
2022-05-26 20:00:00,23.25,86.75,294.29083,299.54507,21.14083000000005,26.395070000000032
2022-05-26 20:00:00,23.25,87.0,294.8837,300.13266,21.7337,26.98266000000001
2022-05-26 20:00:00,23.25,87.25,295.30923,300.45923,22.159230000000036,27.309230000000014
2022-05-26 20:00:00,23.25,87.5,295.6224,300.71512,22.47240000000005,27.565120000000036
2022-05-26 20:00:00,23.25,87.75,295.9483,301.08374,22.79830000000004,27.93374
2022-05-26 20:00:00,23.25,88.0,296.2068,301.34222,23.05680000000001,28.19222000000002
2022-05-26 20:00:00,23.25,88.25,296.2068,301.34222,23.05680000000001,28.19222000000002
2022-05-26 20:00:00,23.25,88.5,296.4773,301.5368,23.327300000000037,28.38680000000005
2022-05-26 20:00:00,23.25,88.75,296.86618,301.89337,23.71618000000001,28.743370000000027
2022-05-26 20:00:00,23.25,89.0,297.04782,301.85425,23.897820000000024,28.704250000000002
2022-05-26 20:00:00,23.25,89.25,297.11676,301.6963,23.966760000000022,28.54630000000003
2022-05-26 20:00:00,23.25,89.5,296.96527,301.7671,23.815269999999998,28.61710000000005
2022-05-26 20:00:00,23.25,89.75,296.9673,301.56442,23.817300000000046,28.414420000000007
2022-05-26 20:00:00,23.25,90.0,296.57513,301.29062,23.425130000000024,28.140620000000013
2022-05-26 20:00:00,23.0,85.5,292.87738,298.8099,19.72738000000004,25.65990000000005
2022-05-26 20:00:00,23.0,85.75,293.51285,299.55307,20.362850000000037,26.403070000000014
2022-05-26 20:00:00,23.0,86.0,293.51285,299.55307,20.362850000000037,26.403070000000014
2022-05-26 20:00:00,23.0,86.25,293.87524,300.02643,20.725240000000042,26.876430000000028
2022-05-26 20:00:00,23.0,86.5,294.2582,299.5263,21.10820000000001,26.376300000000015
2022-05-26 20:00:00,23.0,86.75,295.04388,300.46854,21.893880000000024,27.31854000000004
2022-05-26 20:00:00,23.0,87.0,295.375,300.8931,22.225000000000023,27.743100000000027
2022-05-26 20:00:00,23.0,87.25,295.6506,301.01797,22.50060000000002,27.867970000000014
2022-05-26 20:00:00,23.0,87.5,295.80023,301.27237,22.650230000000022,28.122370000000046
2022-05-26 20:00:00,23.0,87.75,295.894,301.68924,22.744000000000028,28.539240000000007
2022-05-26 20:00:00,23.0,88.0,296.1439,302.14288,22.993899999999996,28.992880000000014
2022-05-26 20:00:00,23.0,88.25,296.1439,302.14288,22.993899999999996,28.992880000000014
2022-05-26 20:00:00,23.0,88.5,296.5564,302.5255,23.40640000000002,29.375500000000045
2022-05-26 20:00:00,23.0,88.75,296.99704,302.68246,23.84704000000005,29.532460000000015
2022-05-26 20:00:00,23.0,89.0,297.27762,302.41183,24.127620000000036,29.26183000000003
2022-05-26 20:00:00,23.0,89.25,297.4357,302.08527,24.28570000000002,28.935270000000003
2022-05-26 20:00:00,23.0,89.5,297.43192,302.09296,24.281920000000014,28.942960000000028
2022-05-26 20:00:00,23.0,89.75,297.15985,301.90488,24.00985000000003,28.754880000000014
2022-05-26 20:00:00,23.0,90.0,296.71927,301.85623,23.569270000000017,28.706230000000005
2022-05-26 20:00:00,22.75,85.5,293.0615,297.51242,19.911500000000046,24.362420000000043
2022-05-26 20:00:00,22.75,85.75,293.12836,299.5089,19.97836000000001,26.358900000000006
2022-05-26 20:00:00,22.75,86.0,293.12836,299.5089,19.97836000000001,26.358900000000006
2022-05-26 20:00:00,22.75,86.25,293.57852,299.84296,20.42852000000005,26.692960000000028
2022-05-26 20:00:00,22.75,86.5,294.47644,300.2655,21.326440000000048,27.115499999999997
2022-05-26 20:00:00,22.75,86.75,295.39008,300.80405,22.240080000000034,27.65405000000004
2022-05-26 20:00:00,22.75,87.0,295.77792,301.72937,22.627920000000017,28.57937000000004
2022-05-26 20:00:00,22.75,87.25,295.98267,302.47992,22.832670000000007,29.329920000000016
2022-05-26 20:00:00,22.75,87.5,296.17624,302.9967,23.02624000000003,29.8467
2022-05-26 20:00:00,22.75,87.75,296.4738,303.4089,23.323800000000006,30.25890000000004
2022-05-26 20:00:00,22.75,88.0,296.94183,303.6575,23.791830000000004,30.50750000000005
2022-05-26 20:00:00,22.75,88.25,296.94183,303.6575,23.791830000000004,30.50750000000005
2022-05-26 20:00:00,22.75,88.5,297.47546,303.61526,24.32546000000002,30.46526
2022-05-26 20:00:00,22.75,88.75,297.85986,303.46362,24.70986000000005,30.313620000000014
2022-05-26 20:00:00,22.75,89.0,298.16623,303.36014,25.016230000000007,30.210140000000024
2022-05-26 20:00:00,22.75,89.25,298.36136,303.241,25.211360000000013,30.091000000000008
2022-05-26 20:00:00,22.75,89.5,298.08887,302.8757,24.93887000000001,29.725700000000018
2022-05-26 20:00:00,22.75,89.75,297.5006,302.30298,24.350600000000043,29.152980000000014
2022-05-26 20:00:00,22.75,90.0,297.14938,302.08286,23.99938000000003,28.932860000000005
2022-05-26 20:00:00,22.5,85.5,293.0615,297.51242,19.911500000000046,24.362420000000043
2022-05-26 20:00:00,22.5,85.75,293.12836,299.5089,19.97836000000001,26.358900000000006
2022-05-26 20:00:00,22.5,86.0,293.12836,299.5089,19.97836000000001,26.358900000000006
2022-05-26 20:00:00,22.5,86.25,293.57852,299.84296,20.42852000000005,26.692960000000028
2022-05-26 20:00:00,22.5,86.5,294.47644,300.2655,21.326440000000048,27.115499999999997
2022-05-26 20:00:00,22.5,86.75,295.39008,300.80405,22.240080000000034,27.65405000000004
2022-05-26 20:00:00,22.5,87.0,295.77792,301.72937,22.627920000000017,28.57937000000004
2022-05-26 20:00:00,22.5,87.25,295.98267,302.47992,22.832670000000007,29.329920000000016
2022-05-26 20:00:00,22.5,87.5,296.17624,302.9967,23.02624000000003,29.8467
2022-05-26 20:00:00,22.5,87.75,296.4738,303.4089,23.323800000000006,30.25890000000004
2022-05-26 20:00:00,22.5,88.0,296.94183,303.6575,23.791830000000004,30.50750000000005
2022-05-26 20:00:00,22.5,88.25,296.94183,303.6575,23.791830000000004,30.50750000000005
2022-05-26 20:00:00,22.5,88.5,297.47546,303.61526,24.32546000000002,30.46526
2022-05-26 20:00:00,22.5,88.75,297.85986,303.46362,24.70986000000005,30.313620000000014
2022-05-26 20:00:00,22.5,89.0,298.16623,303.36014,25.016230000000007,30.210140000000024
2022-05-26 20:00:00,22.5,89.25,298.36136,303.241,25.211360000000013,30.091000000000008
2022-05-26 20:00:00,22.5,89.5,298.08887,302.8757,24.93887000000001,29.725700000000018
2022-05-26 20:00:00,22.5,89.75,297.5006,302.30298,24.350600000000043,29.152980000000014
2022-05-26 20:00:00,22.5,90.0,297.14938,302.08286,23.99938000000003,28.932860000000005
2022-05-26 20:00:00,22.25,85.5,292.94757,297.02847,19.797570000000007,23.87847000000005
2022-05-26 20:00:00,22.25,85.75,292.92844,296.69827,19.778440000000046,23.548270000000002
2022-05-26 20:00:00,22.25,86.0,292.92844,296.69827,19.778440000000046,23.548270000000002
2022-05-26 20:00:00,22.25,86.25,293.27417,297.64252,20.12417000000005,24.492520000000013
2022-05-26 20:00:00,22.25,86.5,293.41412,300.17783,20.264120000000048,27.027829999999994
2022-05-26 20:00:00,22.25,86.75,294.86142,302.00153,21.711420000000032,28.851530000000025
2022-05-26 20:00:00,22.25,87.0,295.7129,302.94656,22.562900000000013,29.79656
2022-05-26 20:00:00,22.25,87.25,296.20215,303.66324,23.05215000000004,30.513239999999996
2022-05-26 20:00:00,22.25,87.5,296.59726,304.19583,23.44726000000003,31.045830000000024
2022-05-26 20:00:00,22.25,87.75,297.2128,304.67267,24.06280000000004,31.522670000000005
2022-05-26 20:00:00,22.25,88.0,297.5093,304.54062,24.35930000000002,31.390620000000013
2022-05-26 20:00:00,22.25,88.25,297.5093,304.54062,24.35930000000002,31.390620000000013
2022-05-26 20:00:00,22.25,88.5,297.8271,304.15283,24.677099999999996,31.002830000000017
2022-05-26 20:00:00,22.25,88.75,298.24573,303.90625,25.095730000000003,30.756250000000023
2022-05-26 20:00:00,22.25,89.0,298.58005,303.5384,25.43005000000005,30.388400000000047
2022-05-26 20:00:00,22.25,89.25,298.6635,303.17694,25.513500000000022,30.026940000000025
2022-05-26 20:00:00,22.25,89.5,298.34155,303.0364,25.191550000000007,29.886400000000037
2022-05-26 20:00:00,22.25,89.75,297.86398,302.56512,24.71398000000005,29.41512
2022-05-26 20:00:00,22.25,90.0,297.36395,301.8537,24.21395000000001,28.703700000000026
2022-05-26 20:00:00,22.0,85.5,291.80734,296.13718,18.657340000000033,22.987180000000023
2022-05-26 20:00:00,22.0,85.75,292.434,296.7067,19.28400000000005,23.556700000000035
2022-05-26 20:00:00,22.0,86.0,292.434,296.7067,19.28400000000005,23.556700000000035
2022-05-26 20:00:00,22.0,86.25,292.68063,296.67795,19.53063000000003,23.527950000000033
2022-05-26 20:00:00,22.0,86.5,292.9713,298.60757,19.821300000000008,25.457570000000032
2022-05-26 20:00:00,22.0,86.75,294.73245,301.46625,21.582449999999994,28.316250000000025
2022-05-26 20:00:00,22.0,87.0,295.6033,302.78494,22.453300000000013,29.63494000000003
2022-05-26 20:00:00,22.0,87.25,296.15335,303.3039,23.00335000000001,30.15390000000002
2022-05-26 20:00:00,22.0,87.5,296.71066,304.25403,23.56066000000004,31.104030000000023
2022-05-26 20:00:00,22.0,87.75,297.42892,305.03622,24.278920000000028,31.886220000000037
2022-05-26 20:00:00,22.0,88.0,298.0208,305.25964,24.87080000000003,32.10964000000001
2022-05-26 20:00:00,22.0,88.25,298.0208,305.25964,24.87080000000003,32.10964000000001
2022-05-26 20:00:00,22.0,88.5,298.5322,304.6351,25.38220000000001,31.485100000000045
2022-05-26 20:00:00,22.0,88.75,298.84482,304.01553,25.69482000000005,30.865530000000035
2022-05-26 20:00:00,22.0,89.0,298.90842,303.75903,25.75842,30.60903000000002
2022-05-26 20:00:00,22.0,89.25,298.94632,303.31406,25.796320000000037,30.164060000000006
2022-05-26 20:00:00,22.0,89.5,298.84915,302.683,25.69915000000003,29.533000000000015
2022-05-26 20:00:00,22.0,89.75,298.43082,302.06476,25.280820000000006,28.91476
2022-05-26 20:00:00,22.0,90.0,297.94318,301.50742,24.793180000000007,28.357420000000047
2022-05-26 20:00:00,21.75,85.5,291.5332,295.95398,18.383200000000045,22.803980000000024
2022-05-26 20:00:00,21.75,85.75,291.76697,295.0816,18.616970000000038,21.931600000000003
2022-05-26 20:00:00,21.75,86.0,291.76697,295.0816,18.616970000000038,21.931600000000003
2022-05-26 20:00:00,21.75,86.25,291.86578,295.21402,18.715779999999995,22.064020000000028
2022-05-26 20:00:00,21.75,86.5,292.49673,298.07373,19.346730000000036,24.923730000000035
2022-05-26 20:00:00,21.75,86.75,294.69873,300.70123,21.548730000000035,27.551230000000032
2022-05-26 20:00:00,21.75,87.0,295.94882,303.04865,22.798820000000035,29.898650000000032
2022-05-26 20:00:00,21.75,87.25,296.62347,303.6667,23.47347000000002,30.516700000000014
2022-05-26 20:00:00,21.75,87.5,297.14056,303.8674,23.990560000000016,30.717399999999998
2022-05-26 20:00:00,21.75,87.75,298.34622,303.98538,25.19622000000004,30.835380000000043
2022-05-26 20:00:00,21.75,88.0,298.66827,304.01678,25.51827000000003,30.866780000000006
2022-05-26 20:00:00,21.75,88.25,298.66827,304.01678,25.51827000000003,30.866780000000006
2022-05-26 20:00:00,21.75,88.5,299.341,303.28473,26.19100000000003,30.134730000000047
2022-05-26 20:00:00,21.75,88.75,299.6041,302.7398,26.45410000000004,29.589800000000025
2022-05-26 20:00:00,21.75,89.0,299.23254,302.63776,26.082539999999995,29.487760000000037
2022-05-26 20:00:00,21.75,89.25,299.73682,302.02924,26.586820000000046,28.87924000000004
2022-05-26 20:00:00,21.75,89.5,300.37973,301.1163,27.229730000000018,27.966300000000047
2022-05-26 20:00:00,21.75,89.75,300.1517,300.58038,27.001700000000028,27.430380000000014
2022-05-26 20:00:00,21.75,90.0,299.79276,300.59134,26.64276000000001,27.441340000000025
2022-05-26 20:00:00,21.5,85.5,291.74667,296.4712,18.596670000000017,23.321200000000033
2022-05-26 20:00:00,21.5,85.75,291.92673,298.88184,18.776730000000043,25.731840000000034
2022-05-26 20:00:00,21.5,86.0,291.92673,298.88184,18.776730000000043,25.731840000000034
2022-05-26 20:00:00,21.5,86.25,293.27856,297.68546,20.12856000000005,24.53546
2022-05-26 20:00:00,21.5,86.5,293.87244,299.271,20.722440000000006,26.121000000000038
2022-05-26 20:00:00,21.5,86.75,295.19922,301.1635,22.049220000000048,28.013500000000022
2022-05-26 20:00:00,21.5,87.0,297.57416,302.01614,24.42416000000003,28.86614000000003
2022-05-26 20:00:00,21.5,87.25,298.35287,302.25058,25.20287000000002,29.100580000000036
2022-05-26 20:00:00,21.5,87.5,298.5675,302.4057,25.417500000000018,29.255700000000047
2022-05-26 20:00:00,21.5,87.75,298.69315,302.47028,25.543150000000026,29.320280000000025
2022-05-26 20:00:00,21.5,88.0,298.9955,302.54065,25.845500000000015,29.39065000000005
2022-05-26 20:00:00,21.5,88.25,298.9955,302.54065,25.845500000000015,29.39065000000005
2022-05-26 20:00:00,21.5,88.5,299.4579,302.43066,26.307900000000018,29.28066000000001
2022-05-26 20:00:00,21.5,88.75,299.93253,302.27014,26.78253000000001,29.12014000000005
2022-05-26 20:00:00,21.5,89.0,300.3352,302.13263,27.18520000000001,28.98263000000003
2022-05-26 20:00:00,21.5,89.25,300.56686,301.84436,27.416860000000042,28.694360000000017
2022-05-26 20:00:00,21.5,89.5,300.51318,301.49896,27.36318,28.348960000000034
2022-05-26 20:00:00,21.5,89.75,300.20682,301.19434,27.056820000000016,28.044340000000034
2022-05-26 20:00:00,21.5,90.0,299.90097,300.97086,26.750969999999995,27.82086000000004
2022-05-26 20:00:00,21.25,85.5,293.1265,297.73804,19.976500000000044,24.588040000000035
2022-05-26 20:00:00,21.25,85.75,293.67575,299.01077,20.525750000000016,25.860770000000002
2022-05-26 20:00:00,21.25,86.0,293.67575,299.01077,20.525750000000016,25.860770000000002
2022-05-26 20:00:00,21.25,86.25,294.9096,299.74768,21.759600000000034,26.597680000000025
2022-05-26 20:00:00,21.25,86.5,295.54163,301.05386,22.39163000000002,27.90386000000001
2022-05-26 20:00:00,21.25,86.75,296.76263,301.98303,23.612630000000024,28.833030000000008
2022-05-26 20:00:00,21.25,87.0,297.58652,301.69867,24.43652000000003,28.548670000000016
2022-05-26 20:00:00,21.25,87.25,298.06097,301.7747,24.91097000000002,28.62470000000002
2022-05-26 20:00:00,21.25,87.5,298.3557,302.0276,25.205700000000036,28.87760000000003
2022-05-26 20:00:00,21.25,87.75,298.631,302.16638,25.480999999999995,29.016380000000026
2022-05-26 20:00:00,21.25,88.0,299.0321,302.2599,25.882100000000037,29.10990000000004
2022-05-26 20:00:00,21.25,88.25,299.0321,302.2599,25.882100000000037,29.10990000000004
2022-05-26 20:00:00,21.25,88.5,299.4488,302.1597,26.29880000000003,29.00970000000001
2022-05-26 20:00:00,21.25,88.75,299.75888,302.0728,26.60888,28.922799999999995
2022-05-26 20:00:00,21.25,89.0,300.0931,302.1154,26.943100000000015,28.965400000000045
2022-05-26 20:00:00,21.25,89.25,300.3267,301.82672,27.17670000000004,28.676720000000046
2022-05-26 20:00:00,21.25,89.5,300.2503,301.36322,27.100300000000004,28.213220000000035
2022-05-26 20:00:00,21.25,89.75,300.06946,301.2403,26.919460000000015,28.090300000000013
2022-05-26 20:00:00,21.25,90.0,299.8997,301.0482,26.74970000000002,27.89820000000003
2022-05-26 20:00:00,21.0,85.5,294.8126,299.8655,21.662599999999998,26.71550000000002
2022-05-26 20:00:00,21.0,85.75,295.21085,300.9781,22.060850000000016,27.828100000000006
2022-05-26 20:00:00,21.0,86.0,295.21085,300.9781,22.060850000000016,27.828100000000006
2022-05-26 20:00:00,21.0,86.25,296.22202,302.20264,23.07202000000001,29.052639999999997
2022-05-26 20:00:00,21.0,86.5,296.63873,301.7679,23.488730000000032,28.61790000000002
2022-05-26 20:00:00,21.0,86.75,296.96225,301.49313,23.812250000000006,28.34313000000003
2022-05-26 20:00:00,21.0,87.0,297.69623,301.37595,24.546230000000037,28.22595000000001
2022-05-26 20:00:00,21.0,87.25,297.87238,301.4414,24.722380000000044,28.29140000000001
2022-05-26 20:00:00,21.0,87.5,298.1017,301.73843,24.951700000000017,28.588430000000017
2022-05-26 20:00:00,21.0,87.75,298.50415,301.94034,25.354150000000004,28.790340000000015
2022-05-26 20:00:00,21.0,88.0,299.01913,302.0825,25.86913000000004,28.932500000000005
2022-05-26 20:00:00,21.0,88.25,299.01913,302.0825,25.86913000000004,28.932500000000005
2022-05-26 20:00:00,21.0,88.5,299.55054,302.11996,26.400540000000035,28.969960000000015
2022-05-26 20:00:00,21.0,88.75,299.8906,302.11896,26.74060000000003,28.96896000000004
2022-05-26 20:00:00,21.0,89.0,300.071,302.03903,26.92100000000005,28.889030000000048
2022-05-26 20:00:00,21.0,89.25,300.12576,301.4628,26.975760000000037,28.31280000000004
2022-05-26 20:00:00,21.0,89.5,300.04922,300.86322,26.899220000000014,27.713220000000035
2022-05-26 20:00:00,21.0,89.75,300.00934,301.0668,26.85934000000003,27.916800000000023
2022-05-26 20:00:00,21.0,90.0,299.92294,301.3203,26.772940000000006,28.170299999999997
2022-05-26 21:00:00,27.5,85.5,285.9337,290.6321,12.78370000000001,17.482100000000003
2022-05-26 21:00:00,27.5,85.75,284.30072,289.87927,11.150720000000035,16.729270000000042
2022-05-26 21:00:00,27.5,86.0,284.30072,289.87927,11.150720000000035,16.729270000000042
2022-05-26 21:00:00,27.5,86.25,282.26767,287.3171,9.117670000000032,14.167100000000005
2022-05-26 21:00:00,27.5,86.5,279.76068,284.5494,6.610680000000002,11.399400000000014
2022-05-26 21:00:00,27.5,86.75,277.12595,282.14496,3.9759500000000116,8.994960000000049
2022-05-26 21:00:00,27.5,87.0,275.12344,281.26138,1.9734400000000392,8.111379999999997
2022-05-26 21:00:00,27.5,87.25,273.8861,282.0396,0.7361000000000217,8.88960000000003
2022-05-26 21:00:00,27.5,87.5,272.39532,281.8434,-0.7546799999999507,8.693399999999997
2022-05-26 21:00:00,27.5,87.75,271.07254,278.88437,-2.0774599999999737,5.734370000000013
2022-05-26 21:00:00,27.5,88.0,272.33084,277.83417,-0.8191599999999539,4.684169999999995
2022-05-26 21:00:00,27.5,88.25,272.33084,277.83417,-0.8191599999999539,4.684169999999995
2022-05-26 21:00:00,27.5,88.5,276.10016,281.00513,2.9501600000000394,7.855130000000031
2022-05-26 21:00:00,27.5,88.75,277.538,281.90317,4.388000000000034,8.753170000000011
2022-05-26 21:00:00,27.5,89.0,274.08368,277.3692,0.933680000000038,4.219200000000001
2022-05-26 21:00:00,27.5,89.25,271.6594,274.21936,-1.4905999999999722,1.0693600000000174
2022-05-26 21:00:00,27.5,89.5,273.34766,276.3525,0.1976600000000417,3.202500000000043
2022-05-26 21:00:00,27.5,89.75,274.68442,279.3352,1.5344200000000114,6.185200000000009
2022-05-26 21:00:00,27.5,90.0,276.87848,281.8103,3.7284800000000473,8.660300000000007
2022-05-26 21:00:00,27.25,85.5,290.7409,295.51755,17.590900000000033,22.36755000000005
2022-05-26 21:00:00,27.25,85.75,290.1281,295.023,16.97810000000004,21.873000000000047
2022-05-26 21:00:00,27.25,86.0,290.1281,295.023,16.97810000000004,21.873000000000047
2022-05-26 21:00:00,27.25,86.25,288.21506,293.09952,15.065060000000017,19.949520000000007
2022-05-26 21:00:00,27.25,86.5,286.0637,291.3368,12.913700000000006,18.186800000000005
2022-05-26 21:00:00,27.25,86.75,284.79147,289.50385,11.641470000000027,16.353850000000023
2022-05-26 21:00:00,27.25,87.0,282.8666,286.8291,9.716600000000028,13.679100000000005
2022-05-26 21:00:00,27.25,87.25,281.1506,286.83133,8.00060000000002,13.681330000000003
2022-05-26 21:00:00,27.25,87.5,280.05728,286.90082,6.907280000000014,13.750820000000033
2022-05-26 21:00:00,27.25,87.75,279.5474,285.32016,6.397400000000005,12.17016000000001
2022-05-26 21:00:00,27.25,88.0,280.7245,285.06378,7.5745000000000005,11.913780000000031
2022-05-26 21:00:00,27.25,88.25,280.7245,285.06378,7.5745000000000005,11.913780000000031
2022-05-26 21:00:00,27.25,88.5,283.76407,287.7899,10.614070000000027,14.639900000000011
2022-05-26 21:00:00,27.25,88.75,284.85822,289.2075,11.70822000000004,16.057500000000005
2022-05-26 21:00:00,27.25,89.0,281.19775,285.86783,8.047750000000008,12.717830000000049
2022-05-26 21:00:00,27.25,89.25,278.1203,283.39502,4.970300000000009,10.245020000000011
2022-05-26 21:00:00,27.25,89.5,277.82852,282.4861,4.678520000000049,9.336100000000044
2022-05-26 21:00:00,27.25,89.75,278.75394,280.62137,5.603940000000023,7.471370000000036
2022-05-26 21:00:00,27.25,90.0,282.3295,283.71872,9.179500000000019,10.568720000000042
2022-05-26 21:00:00,27.0,85.5,290.7409,295.51755,17.590900000000033,22.36755000000005
2022-05-26 21:00:00,27.0,85.75,290.1281,295.023,16.97810000000004,21.873000000000047
2022-05-26 21:00:00,27.0,86.0,290.1281,295.023,16.97810000000004,21.873000000000047
2022-05-26 21:00:00,27.0,86.25,288.21506,293.09952,15.065060000000017,19.949520000000007
2022-05-26 21:00:00,27.0,86.5,286.0637,291.3368,12.913700000000006,18.186800000000005
2022-05-26 21:00:00,27.0,86.75,284.79147,289.50385,11.641470000000027,16.353850000000023
2022-05-26 21:00:00,27.0,87.0,282.8666,286.8291,9.716600000000028,13.679100000000005
2022-05-26 21:00:00,27.0,87.25,281.1506,286.83133,8.00060000000002,13.681330000000003
2022-05-26 21:00:00,27.0,87.5,280.05728,286.90082,6.907280000000014,13.750820000000033
2022-05-26 21:00:00,27.0,87.75,279.5474,285.32016,6.397400000000005,12.17016000000001
2022-05-26 21:00:00,27.0,88.0,280.7245,285.06378,7.5745000000000005,11.913780000000031
2022-05-26 21:00:00,27.0,88.25,280.7245,285.06378,7.5745000000000005,11.913780000000031
2022-05-26 21:00:00,27.0,88.5,283.76407,287.7899,10.614070000000027,14.639900000000011
2022-05-26 21:00:00,27.0,88.75,284.85822,289.2075,11.70822000000004,16.057500000000005
2022-05-26 21:00:00,27.0,89.0,281.19775,285.86783,8.047750000000008,12.717830000000049
2022-05-26 21:00:00,27.0,89.25,278.1203,283.39502,4.970300000000009,10.245020000000011
2022-05-26 21:00:00,27.0,89.5,277.82852,282.4861,4.678520000000049,9.336100000000044
2022-05-26 21:00:00,27.0,89.75,278.75394,280.62137,5.603940000000023,7.471370000000036
2022-05-26 21:00:00,27.0,90.0,282.3295,283.71872,9.179500000000019,10.568720000000042
2022-05-26 21:00:00,26.75,85.5,292.70474,296.29013,19.554740000000038,23.14013
2022-05-26 21:00:00,26.75,85.75,292.26636,296.611,19.116360000000043,23.461000000000013
2022-05-26 21:00:00,26.75,86.0,292.26636,296.611,19.116360000000043,23.461000000000013
2022-05-26 21:00:00,26.75,86.25,291.85013,296.63745,18.70013,23.487450000000024
2022-05-26 21:00:00,26.75,86.5,290.89188,295.9172,17.741880000000037,22.767200000000003
2022-05-26 21:00:00,26.75,86.75,290.31274,295.53995,17.162740000000042,22.38995
2022-05-26 21:00:00,26.75,87.0,289.27765,294.48672,16.127650000000017,21.336720000000014
2022-05-26 21:00:00,26.75,87.25,288.05405,292.80392,14.90405000000004,19.653920000000028
2022-05-26 21:00:00,26.75,87.5,286.94092,291.55423,13.790920000000028,18.40423000000004
2022-05-26 21:00:00,26.75,87.75,286.69275,291.5491,13.542750000000012,18.399100000000033
2022-05-26 21:00:00,26.75,88.0,287.78198,292.65817,14.631979999999999,19.508170000000007
2022-05-26 21:00:00,26.75,88.25,287.78198,292.65817,14.631979999999999,19.508170000000007
2022-05-26 21:00:00,26.75,88.5,289.8199,294.53876,16.66990000000004,21.388760000000048
2022-05-26 21:00:00,26.75,88.75,290.77716,295.3727,17.627160000000003,22.22270000000003
2022-05-26 21:00:00,26.75,89.0,288.60153,293.56534,15.451530000000048,20.415340000000015
2022-05-26 21:00:00,26.75,89.25,286.15286,292.9119,13.002859999999998,19.761900000000026
2022-05-26 21:00:00,26.75,89.5,286.22876,291.68185,13.078760000000045,18.53185000000002
2022-05-26 21:00:00,26.75,89.75,287.22943,290.6223,14.079430000000002,17.47230000000002
2022-05-26 21:00:00,26.75,90.0,289.9893,292.87622,16.839300000000037,19.726220000000012
2022-05-26 21:00:00,26.5,85.5,292.8609,298.85098,19.710900000000038,25.700980000000015
2022-05-26 21:00:00,26.5,85.75,292.44086,298.4424,19.29086000000001,25.292400000000043
2022-05-26 21:00:00,26.5,86.0,292.44086,298.4424,19.29086000000001,25.292400000000043
2022-05-26 21:00:00,26.5,86.25,292.2584,297.574,19.108400000000017,24.424000000000035
2022-05-26 21:00:00,26.5,86.5,292.34918,297.84802,19.199180000000013,24.698020000000042
2022-05-26 21:00:00,26.5,86.75,292.05286,297.46362,18.902860000000032,24.313620000000014
2022-05-26 21:00:00,26.5,87.0,292.1859,297.95224,19.035900000000026,24.80224000000004
2022-05-26 21:00:00,26.5,87.25,292.2589,297.86124,19.108900000000006,24.711240000000032
2022-05-26 21:00:00,26.5,87.5,291.7518,297.1192,18.601800000000026,23.9692
2022-05-26 21:00:00,26.5,87.75,291.6453,297.0492,18.495300000000043,23.899200000000008
2022-05-26 21:00:00,26.5,88.0,292.26053,297.59396,19.11053000000004,24.443960000000004
2022-05-26 21:00:00,26.5,88.25,292.26053,297.59396,19.11053000000004,24.443960000000004
2022-05-26 21:00:00,26.5,88.5,292.92902,298.11423,19.779020000000003,24.964230000000043
2022-05-26 21:00:00,26.5,88.75,293.07297,298.3562,19.92297000000002,25.206200000000024
2022-05-26 21:00:00,26.5,89.0,292.29727,297.5793,19.14727000000005,24.429300000000012
2022-05-26 21:00:00,26.5,89.25,291.5832,296.6639,18.4332,23.513900000000035
2022-05-26 21:00:00,26.5,89.5,292.05878,298.18204,18.908780000000036,25.032039999999995
2022-05-26 21:00:00,26.5,89.75,293.0593,297.80786,19.90930000000003,24.657860000000028
2022-05-26 21:00:00,26.5,90.0,294.0936,298.2517,20.943600000000004,25.10170000000005
2022-05-26 21:00:00,26.25,85.5,292.52173,296.994,19.371730000000014,23.84400000000005
2022-05-26 21:00:00,26.25,85.75,292.55548,298.33603,19.40548000000001,25.186030000000017
2022-05-26 21:00:00,26.25,86.0,292.55548,298.33603,19.40548000000001,25.186030000000017
2022-05-26 21:00:00,26.25,86.25,292.64944,298.47772,19.49944000000005,25.32772
2022-05-26 21:00:00,26.25,86.5,292.74573,298.66217,19.595730000000003,25.512170000000026
2022-05-26 21:00:00,26.25,86.75,293.0665,298.4469,19.916500000000042,25.29690000000005
2022-05-26 21:00:00,26.25,87.0,293.08948,298.47452,19.939480000000003,25.324520000000007
2022-05-26 21:00:00,26.25,87.25,293.18304,298.73697,20.033040000000028,25.586970000000008
2022-05-26 21:00:00,26.25,87.5,293.42877,298.99655,20.27877000000001,25.846550000000036
2022-05-26 21:00:00,26.25,87.75,293.59656,299.25577,20.446560000000034,26.105770000000007
2022-05-26 21:00:00,26.25,88.0,293.72705,299.2798,20.577050000000042,26.129800000000046
2022-05-26 21:00:00,26.25,88.25,293.72705,299.2798,20.577050000000042,26.129800000000046
2022-05-26 21:00:00,26.25,88.5,293.90338,299.21118,20.75338000000005,26.061180000000036
2022-05-26 21:00:00,26.25,88.75,294.07758,299.46777,20.927580000000034,26.317769999999996
2022-05-26 21:00:00,26.25,89.0,294.29327,299.58984,21.14327000000003,26.439840000000004
2022-05-26 21:00:00,26.25,89.25,294.49573,299.5383,21.345730000000003,26.388300000000015
2022-05-26 21:00:00,26.25,89.5,294.92978,300.30835,21.779780000000017,27.15835000000004
2022-05-26 21:00:00,26.25,89.75,295.23828,300.6372,22.088279999999997,27.48720000000003
2022-05-26 21:00:00,26.25,90.0,295.52985,300.07486,22.379850000000033,26.924860000000024
2022-05-26 21:00:00,26.0,85.5,293.0363,298.1157,19.886300000000006,24.965700000000027
2022-05-26 21:00:00,26.0,85.75,292.9026,297.57135,19.75260000000003,24.421350000000018
2022-05-26 21:00:00,26.0,86.0,292.9026,297.57135,19.75260000000003,24.421350000000018
2022-05-26 21:00:00,26.0,86.25,292.93597,297.3548,19.78597000000002,24.204800000000034
2022-05-26 21:00:00,26.0,86.5,293.15265,298.32275,20.002650000000017,25.172750000000008
2022-05-26 21:00:00,26.0,86.75,293.20474,298.64493,20.054740000000038,25.49493000000001
2022-05-26 21:00:00,26.0,87.0,293.20914,298.71967,20.059140000000014,25.56967000000003
2022-05-26 21:00:00,26.0,87.25,293.48642,298.9359,20.336420000000032,25.785900000000026
2022-05-26 21:00:00,26.0,87.5,293.8327,299.49173,20.68270000000001,26.34173000000004
2022-05-26 21:00:00,26.0,87.75,294.035,299.66187,20.885000000000048,26.511870000000044
2022-05-26 21:00:00,26.0,88.0,294.10443,299.14587,20.954430000000002,25.995870000000025
2022-05-26 21:00:00,26.0,88.25,294.10443,299.14587,20.954430000000002,25.995870000000025
2022-05-26 21:00:00,26.0,88.5,294.0832,298.66415,20.9332,25.51415000000003
2022-05-26 21:00:00,26.0,88.75,294.10623,298.71695,20.956230000000005,25.56695000000002
2022-05-26 21:00:00,26.0,89.0,294.38876,299.08066,21.238760000000013,25.930660000000046
2022-05-26 21:00:00,26.0,89.25,294.82364,299.429,21.673640000000034,26.278999999999996
2022-05-26 21:00:00,26.0,89.5,295.21555,299.4611,22.06555000000003,26.31110000000001
2022-05-26 21:00:00,26.0,89.75,295.4579,299.15762,22.307900000000018,26.00762000000003
2022-05-26 21:00:00,26.0,90.0,295.59738,299.84753,22.44738000000001,26.69753000000003
2022-05-26 21:00:00,25.75,85.5,293.1196,298.04556,19.969600000000014,24.895560000000046
2022-05-26 21:00:00,25.75,85.75,293.0904,298.4353,19.94040000000001,25.285300000000007
2022-05-26 21:00:00,25.75,86.0,293.0904,298.4353,19.94040000000001,25.285300000000007
2022-05-26 21:00:00,25.75,86.25,293.25787,298.277,20.107870000000048,25.12700000000001
2022-05-26 21:00:00,25.75,86.5,293.24863,298.4144,20.098630000000014,25.264400000000023
2022-05-26 21:00:00,25.75,86.75,293.19775,298.8229,20.047750000000008,25.672900000000027
2022-05-26 21:00:00,25.75,87.0,293.0003,298.5358,19.850300000000004,25.385800000000017
2022-05-26 21:00:00,25.75,87.25,293.16412,298.52435,20.014120000000048,25.37435000000005
2022-05-26 21:00:00,25.75,87.5,293.50903,298.9675,20.35903000000002,25.817499999999995
2022-05-26 21:00:00,25.75,87.75,293.7528,299.13065,20.602800000000002,25.980650000000026
2022-05-26 21:00:00,25.75,88.0,293.84772,298.87152,20.697720000000004,25.721519999999998
2022-05-26 21:00:00,25.75,88.25,293.84772,298.87152,20.697720000000004,25.721519999999998
2022-05-26 21:00:00,25.75,88.5,293.87842,298.746,20.72842000000003,25.596000000000004
2022-05-26 21:00:00,25.75,88.75,293.9592,298.92346,20.809200000000033,25.77346
2022-05-26 21:00:00,25.75,89.0,294.0566,298.9684,20.906600000000026,25.818399999999997
2022-05-26 21:00:00,25.75,89.25,294.15115,298.71698,21.001149999999996,25.56698
2022-05-26 21:00:00,25.75,89.5,294.44922,298.29672,21.299220000000048,25.146720000000016
2022-05-26 21:00:00,25.75,89.75,294.8482,297.98514,21.698200000000043,24.835140000000024
2022-05-26 21:00:00,25.75,90.0,294.66815,296.99588,21.51815000000005,23.845880000000022
2022-05-26 21:00:00,25.5,85.5,293.77335,298.8724,20.623350000000016,25.72240000000005
2022-05-26 21:00:00,25.5,85.75,293.8313,299.46646,20.68130000000002,26.316460000000006
2022-05-26 21:00:00,25.5,86.0,293.8313,299.46646,20.68130000000002,26.316460000000006
2022-05-26 21:00:00,25.5,86.25,293.76688,299.18622,20.616880000000037,26.036220000000014
2022-05-26 21:00:00,25.5,86.5,293.7954,299.4755,20.645399999999995,26.325500000000034
2022-05-26 21:00:00,25.5,86.75,293.55173,298.9168,20.401730000000043,25.766800000000046
2022-05-26 21:00:00,25.5,87.0,293.33575,298.94135,20.18575000000004,25.791350000000023
2022-05-26 21:00:00,25.5,87.25,293.4378,299.03122,20.287800000000004,25.88122000000004
2022-05-26 21:00:00,25.5,87.5,293.64993,299.25333,20.499930000000006,26.103330000000028
2022-05-26 21:00:00,25.5,87.75,293.72348,299.3993,20.573480000000018,26.249300000000005
2022-05-26 21:00:00,25.5,88.0,293.78168,298.98044,20.631680000000017,25.83044000000001
2022-05-26 21:00:00,25.5,88.25,293.78168,298.98044,20.631680000000017,25.83044000000001
2022-05-26 21:00:00,25.5,88.5,294.10834,298.67627,20.95834000000002,25.52627000000001
2022-05-26 21:00:00,25.5,88.75,294.4339,299.1549,21.283900000000017,26.00490000000002
2022-05-26 21:00:00,25.5,89.0,294.26752,299.4986,21.117520000000013,26.348600000000033
2022-05-26 21:00:00,25.5,89.25,294.18832,299.31226,21.03832,26.162260000000003
2022-05-26 21:00:00,25.5,89.5,294.3742,298.65286,21.224199999999996,25.50286
2022-05-26 21:00:00,25.5,89.75,294.96326,298.18655,21.813260000000014,25.036550000000034
2022-05-26 21:00:00,25.5,90.0,294.45807,296.55536,21.308070000000043,23.40536000000003
2022-05-26 21:00:00,25.25,85.5,294.42505,298.7833,21.27505000000002,25.63330000000002
2022-05-26 21:00:00,25.25,85.75,294.0493,298.26093,20.89930000000004,25.110929999999996
2022-05-26 21:00:00,25.25,86.0,294.0493,298.26093,20.89930000000004,25.110929999999996
2022-05-26 21:00:00,25.25,86.25,293.75192,297.87872,20.601920000000007,24.72872000000001
2022-05-26 21:00:00,25.25,86.5,293.72623,297.94232,20.57623000000001,24.792320000000018
2022-05-26 21:00:00,25.25,86.75,293.59808,297.95963,20.448080000000004,24.809630000000027
2022-05-26 21:00:00,25.25,87.0,293.52188,298.02066,20.371880000000033,24.870660000000044
2022-05-26 21:00:00,25.25,87.25,293.46832,297.9893,20.31832000000003,24.839300000000037
2022-05-26 21:00:00,25.25,87.5,293.52222,298.76398,20.372220000000027,25.613980000000026
2022-05-26 21:00:00,25.25,87.75,293.846,299.54834,20.696000000000026,26.39834000000002
2022-05-26 21:00:00,25.25,88.0,294.0936,299.5947,20.943600000000004,26.44470000000001
2022-05-26 21:00:00,25.25,88.25,294.0936,299.5947,20.943600000000004,26.44470000000001
2022-05-26 21:00:00,25.25,88.5,294.19336,299.5786,21.043360000000007,26.428600000000017
2022-05-26 21:00:00,25.25,88.75,294.438,299.78293,21.28800000000001,26.632930000000044
2022-05-26 21:00:00,25.25,89.0,294.5139,299.77927,21.3639,26.62927000000002
2022-05-26 21:00:00,25.25,89.25,294.4762,299.71466,21.32620000000003,26.564660000000003
2022-05-26 21:00:00,25.25,89.5,294.6436,299.40842,21.493600000000015,26.25842
2022-05-26 21:00:00,25.25,89.75,295.0991,298.49655,21.949100000000044,25.346550000000036
2022-05-26 21:00:00,25.25,90.0,294.69727,296.62747,21.547270000000026,23.47747000000004
2022-05-26 21:00:00,25.0,85.5,294.6199,298.71964,21.469899999999996,25.56964000000005
2022-05-26 21:00:00,25.0,85.75,294.1763,298.28488,21.02630000000005,25.13488000000001
2022-05-26 21:00:00,25.0,86.0,294.1763,298.28488,21.02630000000005,25.13488000000001
2022-05-26 21:00:00,25.0,86.25,293.8606,297.90182,20.7106,24.75182000000001
2022-05-26 21:00:00,25.0,86.5,293.60663,297.90173,20.45663000000002,24.75173000000001
2022-05-26 21:00:00,25.0,86.75,293.5778,297.6677,20.427800000000047,24.517700000000048
2022-05-26 21:00:00,25.0,87.0,293.6314,297.94168,20.481400000000008,24.791680000000042
2022-05-26 21:00:00,25.0,87.25,293.58542,297.86005,20.435420000000022,24.710050000000024
2022-05-26 21:00:00,25.0,87.5,293.39276,297.70032,20.242760000000033,24.55032
2022-05-26 21:00:00,25.0,87.75,293.81552,299.04892,20.665520000000015,25.898920000000032
2022-05-26 21:00:00,25.0,88.0,294.38998,300.41986,21.239980000000003,27.26986000000005
2022-05-26 21:00:00,25.0,88.25,294.38998,300.41986,21.239980000000003,27.26986000000005
2022-05-26 21:00:00,25.0,88.5,294.63257,300.35577,21.48257000000001,27.20577000000003
2022-05-26 21:00:00,25.0,88.75,294.84802,300.08997,21.698020000000042,26.939970000000017
2022-05-26 21:00:00,25.0,89.0,294.63232,299.7116,21.482320000000016,26.5616
2022-05-26 21:00:00,25.0,89.25,294.78778,299.58533,21.63778000000002,26.43533000000002
2022-05-26 21:00:00,25.0,89.5,294.99008,300.19885,21.84008,27.048850000000016
2022-05-26 21:00:00,25.0,89.75,295.5846,300.5597,22.434600000000046,27.409700000000043
2022-05-26 21:00:00,25.0,90.0,295.19904,298.16702,22.049040000000048,25.017020000000002
2022-05-26 21:00:00,24.75,85.5,294.6199,298.71964,21.469899999999996,25.56964000000005
2022-05-26 21:00:00,24.75,85.75,294.1763,298.28488,21.02630000000005,25.13488000000001
2022-05-26 21:00:00,24.75,86.0,294.1763,298.28488,21.02630000000005,25.13488000000001
2022-05-26 21:00:00,24.75,86.25,293.8606,297.90182,20.7106,24.75182000000001
2022-05-26 21:00:00,24.75,86.5,293.60663,297.90173,20.45663000000002,24.75173000000001
2022-05-26 21:00:00,24.75,86.75,293.5778,297.6677,20.427800000000047,24.517700000000048
2022-05-26 21:00:00,24.75,87.0,293.6314,297.94168,20.481400000000008,24.791680000000042
2022-05-26 21:00:00,24.75,87.25,293.58542,297.86005,20.435420000000022,24.710050000000024
2022-05-26 21:00:00,24.75,87.5,293.39276,297.70032,20.242760000000033,24.55032
2022-05-26 21:00:00,24.75,87.75,293.81552,299.04892,20.665520000000015,25.898920000000032
2022-05-26 21:00:00,24.75,88.0,294.38998,300.41986,21.239980000000003,27.26986000000005
2022-05-26 21:00:00,24.75,88.25,294.38998,300.41986,21.239980000000003,27.26986000000005
2022-05-26 21:00:00,24.75,88.5,294.63257,300.35577,21.48257000000001,27.20577000000003
2022-05-26 21:00:00,24.75,88.75,294.84802,300.08997,21.698020000000042,26.939970000000017
2022-05-26 21:00:00,24.75,89.0,294.63232,299.7116,21.482320000000016,26.5616
2022-05-26 21:00:00,24.75,89.25,294.78778,299.58533,21.63778000000002,26.43533000000002
2022-05-26 21:00:00,24.75,89.5,294.99008,300.19885,21.84008,27.048850000000016
2022-05-26 21:00:00,24.75,89.75,295.5846,300.5597,22.434600000000046,27.409700000000043
2022-05-26 21:00:00,24.75,90.0,295.19904,298.16702,22.049040000000048,25.017020000000002
2022-05-26 21:00:00,24.5,85.5,294.53558,298.6728,21.385580000000004,25.522800000000018
2022-05-26 21:00:00,24.5,85.75,294.10458,298.02634,20.95458000000002,24.876340000000027
2022-05-26 21:00:00,24.5,86.0,294.10458,298.02634,20.95458000000002,24.876340000000027
2022-05-26 21:00:00,24.5,86.25,293.31604,297.23566,20.16604000000001,24.08566000000002
2022-05-26 21:00:00,24.5,86.5,293.67416,297.20483,20.524159999999995,24.054830000000038
2022-05-26 21:00:00,24.5,86.75,293.72675,297.1885,20.576750000000004,24.0385
2022-05-26 21:00:00,24.5,87.0,293.49698,297.3335,20.34698000000003,24.183500000000038
2022-05-26 21:00:00,24.5,87.25,293.22507,297.7239,20.07507000000004,24.573900000000037
2022-05-26 21:00:00,24.5,87.5,293.2324,298.06738,20.082400000000007,24.917380000000037
2022-05-26 21:00:00,24.5,87.75,293.73575,298.66846,20.58575000000002,25.518460000000005
2022-05-26 21:00:00,24.5,88.0,294.4899,299.8377,21.3399,26.687700000000007
2022-05-26 21:00:00,24.5,88.25,294.4899,299.8377,21.3399,26.687700000000007
2022-05-26 21:00:00,24.5,88.5,295.02615,300.7051,21.876149999999996,27.55510000000004
2022-05-26 21:00:00,24.5,88.75,295.11627,300.4168,21.96627000000001,27.266800000000046
2022-05-26 21:00:00,24.5,89.0,294.9366,299.67197,21.78660000000002,26.52197000000001
2022-05-26 21:00:00,24.5,89.25,294.93076,299.29172,21.780760000000043,26.14172000000002
2022-05-26 21:00:00,24.5,89.5,295.0767,299.98456,21.92670000000004,26.83456000000001
2022-05-26 21:00:00,24.5,89.75,295.57657,301.23712,22.426570000000027,28.087120000000027
2022-05-26 21:00:00,24.5,90.0,295.50327,300.18506,22.35327000000001,27.035060000000044
2022-05-26 21:00:00,24.25,85.5,292.9685,297.26483,19.81850000000003,24.11483000000004
2022-05-26 21:00:00,24.25,85.75,293.4509,297.49872,20.300900000000013,24.348720000000014
2022-05-26 21:00:00,24.25,86.0,293.4509,297.49872,20.300900000000013,24.348720000000014
2022-05-26 21:00:00,24.25,86.25,293.66263,297.58597,20.51263,24.435969999999998
2022-05-26 21:00:00,24.25,86.5,293.91235,297.7981,20.762350000000026,24.6481
2022-05-26 21:00:00,24.25,86.75,293.9745,298.01276,20.8245,24.862760000000037
2022-05-26 21:00:00,24.25,87.0,293.70856,297.88428,20.55856,24.734280000000012
2022-05-26 21:00:00,24.25,87.25,293.55902,298.31448,20.409019999999998,25.164480000000026
2022-05-26 21:00:00,24.25,87.5,293.75067,298.72723,20.600670000000036,25.577230000000043
2022-05-26 21:00:00,24.25,87.75,294.41306,299.14618,21.263059999999996,25.996180000000038
2022-05-26 21:00:00,24.25,88.0,294.88095,299.83398,21.730950000000007,26.68398000000002
2022-05-26 21:00:00,24.25,88.25,294.88095,299.83398,21.730950000000007,26.68398000000002
2022-05-26 21:00:00,24.25,88.5,294.99188,300.41815,21.841880000000003,27.26815000000005
2022-05-26 21:00:00,24.25,88.75,295.2175,300.4725,22.067499999999995,27.322500000000048
2022-05-26 21:00:00,24.25,89.0,295.08463,300.03696,21.934630000000027,26.886960000000045
2022-05-26 21:00:00,24.25,89.25,294.92978,299.83148,21.779780000000017,26.681480000000022
2022-05-26 21:00:00,24.25,89.5,295.21463,299.968,22.064630000000022,26.81800000000004
2022-05-26 21:00:00,24.25,89.75,295.725,301.40875,22.575000000000045,28.25875000000002
2022-05-26 21:00:00,24.25,90.0,295.73993,301.40912,22.589930000000038,28.259119999999996
2022-05-26 21:00:00,24.0,85.5,291.73804,294.692,18.588040000000035,21.54200000000003
2022-05-26 21:00:00,24.0,85.75,292.71902,296.76346,19.569020000000023,23.613460000000032
2022-05-26 21:00:00,24.0,86.0,292.71902,296.76346,19.569020000000023,23.613460000000032
2022-05-26 21:00:00,24.0,86.25,293.55365,297.9697,20.403650000000027,24.81970000000001
2022-05-26 21:00:00,24.0,86.5,293.9478,298.23206,20.797799999999995,25.082060000000013
2022-05-26 21:00:00,24.0,86.75,294.20575,298.57935,21.055750000000046,25.42935
2022-05-26 21:00:00,24.0,87.0,294.0416,298.27518,20.89160000000004,25.12518
2022-05-26 21:00:00,24.0,87.25,293.9499,298.78955,20.799900000000036,25.639550000000042
2022-05-26 21:00:00,24.0,87.5,294.27777,299.08554,21.127769999999998,25.935540000000003
2022-05-26 21:00:00,24.0,87.75,294.8886,299.80505,21.73860000000002,26.655050000000017
2022-05-26 21:00:00,24.0,88.0,295.1627,300.53912,22.012699999999995,27.389120000000048
2022-05-26 21:00:00,24.0,88.25,295.1627,300.53912,22.012699999999995,27.389120000000048
2022-05-26 21:00:00,24.0,88.5,295.09326,300.30554,21.94326000000001,27.15554000000003
2022-05-26 21:00:00,24.0,88.75,295.26627,300.23727,22.116270000000043,27.087270000000046
2022-05-26 21:00:00,24.0,89.0,295.4782,300.543,22.328200000000038,27.39300000000003
2022-05-26 21:00:00,24.0,89.25,295.45087,300.49188,22.30087000000003,27.341880000000003
2022-05-26 21:00:00,24.0,89.5,295.57083,300.57892,22.420830000000024,27.428920000000005
2022-05-26 21:00:00,24.0,89.75,296.1913,301.66153,23.041300000000035,28.51153000000005
2022-05-26 21:00:00,24.0,90.0,296.0123,301.47015,22.862300000000005,28.320150000000012
2022-05-26 21:00:00,23.75,85.5,291.82404,296.11435,18.674040000000048,22.964350000000024
2022-05-26 21:00:00,23.75,85.75,293.07727,298.8241,19.92727000000002,25.67410000000001
2022-05-26 21:00:00,23.75,86.0,293.07727,298.8241,19.92727000000002,25.67410000000001
2022-05-26 21:00:00,23.75,86.25,293.7218,299.4314,20.571799999999996,26.28140000000002
2022-05-26 21:00:00,23.75,86.5,294.34067,299.91626,21.19067000000001,26.766260000000045
2022-05-26 21:00:00,23.75,86.75,294.74994,300.6188,21.599940000000004,27.468800000000044
2022-05-26 21:00:00,23.75,87.0,294.70285,299.56195,21.552850000000035,26.411950000000047
2022-05-26 21:00:00,23.75,87.25,294.4868,298.80722,21.33680000000004,25.657219999999995
2022-05-26 21:00:00,23.75,87.5,295.02307,299.84726,21.87307000000004,26.69726000000003
2022-05-26 21:00:00,23.75,87.75,295.59357,300.5889,22.443570000000022,27.438900000000046
2022-05-26 21:00:00,23.75,88.0,295.62418,300.57693,22.474180000000047,27.426930000000027
2022-05-26 21:00:00,23.75,88.25,295.62418,300.57693,22.474180000000047,27.426930000000027
2022-05-26 21:00:00,23.75,88.5,295.53156,300.6655,22.381560000000036,27.51550000000003
2022-05-26 21:00:00,23.75,88.75,295.49713,300.5536,22.34713000000005,27.40360000000004
2022-05-26 21:00:00,23.75,89.0,295.54654,300.69193,22.396540000000016,27.541930000000036
2022-05-26 21:00:00,23.75,89.25,295.71127,300.89688,22.561270000000036,27.746880000000033
2022-05-26 21:00:00,23.75,89.5,296.09027,301.2375,22.940269999999998,28.087500000000034
2022-05-26 21:00:00,23.75,89.75,296.6029,301.64935,23.4529,28.49935000000005
2022-05-26 21:00:00,23.75,90.0,296.9754,302.15878,23.825400000000002,29.00878
2022-05-26 21:00:00,23.5,85.5,291.58008,296.36237,18.430080000000032,23.21237000000002
2022-05-26 21:00:00,23.5,85.75,292.80353,297.9063,19.653530000000046,24.75630000000001
2022-05-26 21:00:00,23.5,86.0,292.80353,297.9063,19.653530000000046,24.75630000000001
2022-05-26 21:00:00,23.5,86.25,293.428,298.16083,20.27800000000002,25.01083
2022-05-26 21:00:00,23.5,86.5,294.15466,298.94016,21.00466,25.790160000000014
2022-05-26 21:00:00,23.5,86.75,294.46918,299.37305,21.319180000000017,26.22305
2022-05-26 21:00:00,23.5,87.0,294.66208,299.7142,21.512080000000026,26.564200000000028
2022-05-26 21:00:00,23.5,87.25,294.73535,300.07956,21.585350000000005,26.929560000000038
2022-05-26 21:00:00,23.5,87.5,294.97363,300.17813,21.823630000000037,27.028130000000033
2022-05-26 21:00:00,23.5,87.75,295.37384,300.41568,22.223839999999996,27.26568000000003
2022-05-26 21:00:00,23.5,88.0,295.64603,300.88715,22.49603000000002,27.737150000000042
2022-05-26 21:00:00,23.5,88.25,295.64603,300.88715,22.49603000000002,27.737150000000042
2022-05-26 21:00:00,23.5,88.5,295.79886,301.25214,22.648860000000013,28.10214000000002
2022-05-26 21:00:00,23.5,88.75,295.9566,301.42563,22.806600000000003,28.275630000000035
2022-05-26 21:00:00,23.5,89.0,296.047,301.38895,22.897000000000048,28.238950000000045
2022-05-26 21:00:00,23.5,89.25,296.28174,301.4012,23.131740000000036,28.25120000000004
2022-05-26 21:00:00,23.5,89.5,296.58432,301.3826,23.434320000000014,28.232600000000048
2022-05-26 21:00:00,23.5,89.75,296.7471,301.2953,23.59710000000001,28.14530000000002
2022-05-26 21:00:00,23.5,90.0,296.9522,301.67752,23.802200000000028,28.527520000000038
2022-05-26 21:00:00,23.25,85.5,291.90994,297.45483,18.75994000000003,24.304830000000038
2022-05-26 21:00:00,23.25,85.75,292.68146,297.52103,19.53146000000004,24.37103000000002
2022-05-26 21:00:00,23.25,86.0,292.68146,297.52103,19.53146000000004,24.37103000000002
2022-05-26 21:00:00,23.25,86.25,293.5885,298.4008,20.438500000000033,25.250800000000027
2022-05-26 21:00:00,23.25,86.5,293.94415,299.0076,20.794150000000002,25.857600000000048
2022-05-26 21:00:00,23.25,86.75,294.44717,299.72397,21.29717000000005,26.57397000000003
2022-05-26 21:00:00,23.25,87.0,294.7711,299.8786,21.621100000000013,26.72860000000003
2022-05-26 21:00:00,23.25,87.25,294.99298,300.1817,21.84298000000001,27.0317
2022-05-26 21:00:00,23.25,87.5,295.2602,300.66354,22.11020000000002,27.513540000000035
2022-05-26 21:00:00,23.25,87.75,295.6222,301.29312,22.472200000000043,28.14312000000001
2022-05-26 21:00:00,23.25,88.0,295.88757,301.74103,22.737570000000005,28.591030000000046
2022-05-26 21:00:00,23.25,88.25,295.88757,301.74103,22.737570000000005,28.591030000000046
2022-05-26 21:00:00,23.25,88.5,296.0851,301.97513,22.935100000000034,28.82513
2022-05-26 21:00:00,23.25,88.75,296.37265,302.25397,23.222650000000044,29.103970000000004
2022-05-26 21:00:00,23.25,89.0,296.57382,302.1303,23.423820000000035,28.9803
2022-05-26 21:00:00,23.25,89.25,296.84973,301.89954,23.699730000000045,28.749540000000025
2022-05-26 21:00:00,23.25,89.5,297.00174,301.86084,23.851740000000007,28.71084000000002
2022-05-26 21:00:00,23.25,89.75,297.14343,301.7436,23.993430000000046,28.593600000000038
2022-05-26 21:00:00,23.25,90.0,296.65915,301.3185,23.509150000000034,28.168499999999995
2022-05-26 21:00:00,23.0,85.5,292.76648,298.43607,19.616480000000024,25.286069999999995
2022-05-26 21:00:00,23.0,85.75,293.51382,299.20755,20.363820000000032,26.05755000000005
2022-05-26 21:00:00,23.0,86.0,293.51382,299.20755,20.363820000000032,26.05755000000005
2022-05-26 21:00:00,23.0,86.25,294.00037,299.893,20.850369999999998,26.742999999999995
2022-05-26 21:00:00,23.0,86.5,294.41574,299.99435,21.26574000000005,26.84435000000002
2022-05-26 21:00:00,23.0,86.75,294.94928,300.25256,21.79928000000001,27.10256000000004
2022-05-26 21:00:00,23.0,87.0,294.9546,300.27017,21.80460000000005,27.12017000000003
2022-05-26 21:00:00,23.0,87.25,295.07162,300.8107,21.92162000000002,27.66070000000002
2022-05-26 21:00:00,23.0,87.5,295.30652,301.5216,22.15652,28.3716
2022-05-26 21:00:00,23.0,87.75,295.62106,302.17014,22.471060000000023,29.020140000000026
2022-05-26 21:00:00,23.0,88.0,296.0178,302.64377,22.867800000000045,29.49377000000004
2022-05-26 21:00:00,23.0,88.25,296.0178,302.64377,22.867800000000045,29.49377000000004
2022-05-26 21:00:00,23.0,88.5,296.43314,302.87057,23.283140000000003,29.72057000000001
2022-05-26 21:00:00,23.0,88.75,296.8509,302.92944,23.700900000000047,29.779440000000022
2022-05-26 21:00:00,23.0,89.0,297.1635,302.6634,24.013500000000022,29.513400000000047
2022-05-26 21:00:00,23.0,89.25,297.4083,302.3944,24.25830000000002,29.24440000000004
2022-05-26 21:00:00,23.0,89.5,297.5221,302.36246,24.372100000000046,29.21246000000002
2022-05-26 21:00:00,23.0,89.75,297.29724,302.12866,24.14724000000001,28.978660000000048
2022-05-26 21:00:00,23.0,90.0,296.83688,301.7133,23.68688000000003,28.563300000000027
2022-05-26 21:00:00,22.75,85.5,292.86105,297.3119,19.71105,24.161900000000003
2022-05-26 21:00:00,22.75,85.75,293.06894,298.7049,19.91894000000002,25.554900000000032
2022-05-26 21:00:00,22.75,86.0,293.06894,298.7049,19.91894000000002,25.554900000000032
2022-05-26 21:00:00,22.75,86.25,293.6311,299.57745,20.481100000000026,26.42745000000002
2022-05-26 21:00:00,22.75,86.5,294.42496,300.54004,21.27496000000002,27.39004
2022-05-26 21:00:00,22.75,86.75,295.06226,301.14038,21.912260000000003,27.990380000000016
2022-05-26 21:00:00,22.75,87.0,295.2009,301.2312,22.050900000000013,28.081200000000024
2022-05-26 21:00:00,22.75,87.25,295.4661,302.24326,22.316100000000006,29.093260000000043
2022-05-26 21:00:00,22.75,87.5,295.89154,303.15274,22.741540000000043,30.002740000000017
2022-05-26 21:00:00,22.75,87.75,296.31958,303.60895,23.169579999999996,30.458950000000016
2022-05-26 21:00:00,22.75,88.0,296.80237,303.75876,23.65237000000002,30.608760000000018
2022-05-26 21:00:00,22.75,88.25,296.80237,303.75876,23.65237000000002,30.608760000000018
2022-05-26 21:00:00,22.75,88.5,297.32687,303.72867,24.176870000000008,30.578670000000045
2022-05-26 21:00:00,22.75,88.75,297.7513,303.6659,24.601300000000037,30.515900000000045
2022-05-26 21:00:00,22.75,89.0,298.09552,303.64456,24.945520000000045,30.494560000000035
2022-05-26 21:00:00,22.75,89.25,298.30515,303.47702,25.15515000000005,30.327020000000005
2022-05-26 21:00:00,22.75,89.5,298.09937,302.95764,24.949370000000044,29.80764000000005
2022-05-26 21:00:00,22.75,89.75,297.6139,302.34073,24.463900000000024,29.19073000000003
2022-05-26 21:00:00,22.75,90.0,297.32614,301.99298,24.176140000000032,28.84298000000001
2022-05-26 21:00:00,22.5,85.5,292.86105,297.3119,19.71105,24.161900000000003
2022-05-26 21:00:00,22.5,85.75,293.06894,298.7049,19.91894000000002,25.554900000000032
2022-05-26 21:00:00,22.5,86.0,293.06894,298.7049,19.91894000000002,25.554900000000032
2022-05-26 21:00:00,22.5,86.25,293.6311,299.57745,20.481100000000026,26.42745000000002
2022-05-26 21:00:00,22.5,86.5,294.42496,300.54004,21.27496000000002,27.39004
2022-05-26 21:00:00,22.5,86.75,295.06226,301.14038,21.912260000000003,27.990380000000016
2022-05-26 21:00:00,22.5,87.0,295.2009,301.2312,22.050900000000013,28.081200000000024
2022-05-26 21:00:00,22.5,87.25,295.4661,302.24326,22.316100000000006,29.093260000000043
2022-05-26 21:00:00,22.5,87.5,295.89154,303.15274,22.741540000000043,30.002740000000017
2022-05-26 21:00:00,22.5,87.75,296.31958,303.60895,23.169579999999996,30.458950000000016
2022-05-26 21:00:00,22.5,88.0,296.80237,303.75876,23.65237000000002,30.608760000000018
2022-05-26 21:00:00,22.5,88.25,296.80237,303.75876,23.65237000000002,30.608760000000018
2022-05-26 21:00:00,22.5,88.5,297.32687,303.72867,24.176870000000008,30.578670000000045
2022-05-26 21:00:00,22.5,88.75,297.7513,303.6659,24.601300000000037,30.515900000000045
2022-05-26 21:00:00,22.5,89.0,298.09552,303.64456,24.945520000000045,30.494560000000035
2022-05-26 21:00:00,22.5,89.25,298.30515,303.47702,25.15515000000005,30.327020000000005
2022-05-26 21:00:00,22.5,89.5,298.09937,302.95764,24.949370000000044,29.80764000000005
2022-05-26 21:00:00,22.5,89.75,297.6139,302.34073,24.463900000000024,29.19073000000003
2022-05-26 21:00:00,22.5,90.0,297.32614,301.99298,24.176140000000032,28.84298000000001
2022-05-26 21:00:00,22.25,85.5,292.65347,296.5378,19.50347000000005,23.387800000000027
2022-05-26 21:00:00,22.25,85.75,292.68732,296.5432,19.537320000000022,23.393200000000036
2022-05-26 21:00:00,22.25,86.0,292.68732,296.5432,19.537320000000022,23.393200000000036
2022-05-26 21:00:00,22.25,86.25,293.17346,297.4121,20.02346,24.262100000000032
2022-05-26 21:00:00,22.25,86.5,293.3695,299.94238,20.21950000000004,26.792380000000037
2022-05-26 21:00:00,22.25,86.75,294.65698,302.13428,21.50698,28.984280000000012
2022-05-26 21:00:00,22.25,87.0,295.35712,302.23077,22.20712000000003,29.08077000000003
2022-05-26 21:00:00,22.25,87.25,295.78558,302.7673,22.635580000000004,29.6173
2022-05-26 21:00:00,22.25,87.5,296.20386,303.82727,23.053860000000043,30.67727000000002
2022-05-26 21:00:00,22.25,87.75,296.8723,304.60513,23.72230000000002,31.455129999999997
2022-05-26 21:00:00,22.25,88.0,297.21884,304.488,24.068840000000023,31.338000000000022
2022-05-26 21:00:00,22.25,88.25,297.21884,304.488,24.068840000000023,31.338000000000022
2022-05-26 21:00:00,22.25,88.5,297.56403,304.1247,24.414030000000025,30.97470000000004
2022-05-26 21:00:00,22.25,88.75,297.98752,303.9707,24.83752000000004,30.820700000000045
2022-05-26 21:00:00,22.25,89.0,298.2784,303.70978,25.1284,30.559780000000046
2022-05-26 21:00:00,22.25,89.25,298.3484,303.36823,25.19840000000005,30.218230000000005
2022-05-26 21:00:00,22.25,89.5,298.17496,303.05515,25.02496000000002,29.90515000000005
2022-05-26 21:00:00,22.25,89.75,297.94705,302.44028,24.797050000000013,29.290279999999996
2022-05-26 21:00:00,22.25,90.0,297.654,301.81183,24.50400000000002,28.66183000000001
2022-05-26 21:00:00,22.0,85.5,291.4107,295.71982,18.260700000000043,22.56982000000005
2022-05-26 21:00:00,22.0,85.75,292.08115,296.3301,18.931150000000002,23.18010000000004
2022-05-26 21:00:00,22.0,86.0,292.08115,296.3301,18.931150000000002,23.18010000000004
2022-05-26 21:00:00,22.0,86.25,292.5592,296.31274,19.4092,23.162740000000042
2022-05-26 21:00:00,22.0,86.5,292.8711,298.1905,19.721100000000035,25.04050000000001
2022-05-26 21:00:00,22.0,86.75,294.57666,301.5182,21.426660000000027,28.3682
2022-05-26 21:00:00,22.0,87.0,295.4214,303.64096,22.27140000000003,30.49096000000003
2022-05-26 21:00:00,22.0,87.25,295.8217,302.69998,22.671700000000044,29.549980000000005
2022-05-26 21:00:00,22.0,87.5,296.2601,303.13986,23.110100000000045,29.98986000000002
2022-05-26 21:00:00,22.0,87.75,297.02298,304.5878,23.87298000000004,31.43780000000004
2022-05-26 21:00:00,22.0,88.0,297.7049,305.19473,24.554900000000032,32.044730000000015
2022-05-26 21:00:00,22.0,88.25,297.7049,305.19473,24.554900000000032,32.044730000000015
2022-05-26 21:00:00,22.0,88.5,298.27893,304.79462,25.128930000000025,31.64462000000003
2022-05-26 21:00:00,22.0,88.75,298.54752,304.38303,25.397520000000043,31.233030000000042
2022-05-26 21:00:00,22.0,89.0,298.4546,304.02393,25.30460000000005,30.87393000000003
2022-05-26 21:00:00,22.0,89.25,298.43466,303.47876,25.28466000000003,30.328760000000045
2022-05-26 21:00:00,22.0,89.5,298.5267,302.90317,25.376700000000028,29.75317000000001
2022-05-26 21:00:00,22.0,89.75,298.41425,302.1079,25.264250000000004,28.957899999999995
2022-05-26 21:00:00,22.0,90.0,298.19284,301.4019,25.042840000000012,28.251900000000035
2022-05-26 21:00:00,21.75,85.5,291.28687,295.57776,18.136870000000044,22.427760000000035
2022-05-26 21:00:00,21.75,85.75,291.3203,294.9923,18.170299999999997,21.842300000000023
2022-05-26 21:00:00,21.75,86.0,291.3203,294.9923,18.170299999999997,21.842300000000023
2022-05-26 21:00:00,21.75,86.25,291.50296,295.24887,18.352959999999996,22.098870000000034
2022-05-26 21:00:00,21.75,86.5,292.189,297.27728,19.039000000000044,24.12728000000004
2022-05-26 21:00:00,21.75,86.75,294.36514,300.2351,21.21514000000002,27.08510000000001
2022-05-26 21:00:00,21.75,87.0,295.6555,302.32025,22.50550000000004,29.17025000000001
2022-05-26 21:00:00,21.75,87.25,296.32965,303.0289,23.179650000000038,29.878900000000044
2022-05-26 21:00:00,21.75,87.5,296.8231,303.37756,23.673100000000034,30.22756000000004
2022-05-26 21:00:00,21.75,87.75,298.15805,303.75995,25.008050000000026,30.609950000000026
2022-05-26 21:00:00,21.75,88.0,298.61484,304.09964,25.464840000000038,30.949640000000045
2022-05-26 21:00:00,21.75,88.25,298.61484,304.09964,25.464840000000038,30.949640000000045
2022-05-26 21:00:00,21.75,88.5,299.3921,303.4923,26.24210000000005,30.342300000000023
2022-05-26 21:00:00,21.75,88.75,299.57913,303.06046,26.429130000000043,29.91046
2022-05-26 21:00:00,21.75,89.0,298.92587,302.93863,25.775869999999998,29.788630000000012
2022-05-26 21:00:00,21.75,89.25,299.27307,302.24347,26.12307000000004,29.093470000000025
2022-05-26 21:00:00,21.75,89.5,300.04446,301.3545,26.894460000000038,28.204499999999996
2022-05-26 21:00:00,21.75,89.75,300.0322,300.6491,26.88220000000001,27.4991
2022-05-26 21:00:00,21.75,90.0,299.8513,300.55478,26.701300000000003,27.404780000000017
2022-05-26 21:00:00,21.5,85.5,291.70462,296.14075,18.55462,22.990750000000048
2022-05-26 21:00:00,21.5,85.75,291.50327,297.6573,18.35327000000001,24.507300000000043
2022-05-26 21:00:00,21.5,86.0,291.50327,297.6573,18.35327000000001,24.507300000000043
2022-05-26 21:00:00,21.5,86.25,292.7758,297.30542,19.625800000000027,24.15542000000005
2022-05-26 21:00:00,21.5,86.5,293.3473,298.646,20.19730000000004,25.496000000000038
2022-05-26 21:00:00,21.5,86.75,294.80563,300.58954,21.65563000000003,27.439540000000022
2022-05-26 21:00:00,21.5,87.0,297.35266,301.68567,24.202660000000037,28.53567000000004
2022-05-26 21:00:00,21.5,87.25,298.17917,302.05484,25.029170000000022,28.904840000000036
2022-05-26 21:00:00,21.5,87.5,298.42554,302.23575,25.275540000000035,29.08575000000002
2022-05-26 21:00:00,21.5,87.75,298.6613,302.36124,25.511300000000006,29.211240000000032
2022-05-26 21:00:00,21.5,88.0,299.14,302.5178,25.99000000000001,29.367800000000045
2022-05-26 21:00:00,21.5,88.25,299.14,302.5178,25.99000000000001,29.367800000000045
2022-05-26 21:00:00,21.5,88.5,299.72934,302.47122,26.579340000000002,29.32122000000004
2022-05-26 21:00:00,21.5,88.75,300.09595,302.35925,26.94595000000004,29.209249999999997
2022-05-26 21:00:00,21.5,89.0,300.21262,302.23837,27.062620000000038,29.088369999999998
2022-05-26 21:00:00,21.5,89.25,300.25284,301.89417,27.102840000000015,28.744169999999997
2022-05-26 21:00:00,21.5,89.5,300.21478,301.4789,27.06478000000004,28.328900000000033
2022-05-26 21:00:00,21.5,89.75,300.01547,301.2335,26.865470000000016,28.083500000000015
2022-05-26 21:00:00,21.5,90.0,299.76892,301.08176,26.618920000000003,27.931759999999997
2022-05-26 21:00:00,21.25,85.5,293.24564,297.66254,20.095640000000003,24.51254
2022-05-26 21:00:00,21.25,85.75,293.4222,298.41992,20.272199999999998,25.269920000000013
2022-05-26 21:00:00,21.25,86.0,293.4222,298.41992,20.272199999999998,25.269920000000013
2022-05-26 21:00:00,21.25,86.25,294.39575,299.3,21.245750000000044,26.150000000000034
2022-05-26 21:00:00,21.25,86.5,294.9632,300.7927,21.813199999999995,27.642700000000048
2022-05-26 21:00:00,21.25,86.75,296.2879,301.87845,23.137900000000002,28.72845000000001
2022-05-26 21:00:00,21.25,87.0,297.31686,301.62482,24.166860000000042,28.474820000000022
2022-05-26 21:00:00,21.25,87.25,297.89365,301.70773,24.743650000000002,28.55773000000005
2022-05-26 21:00:00,21.25,87.5,298.26254,301.9532,25.112540000000024,28.803200000000004
2022-05-26 21:00:00,21.25,87.75,298.60974,302.14288,25.45974000000001,28.992880000000014
2022-05-26 21:00:00,21.25,88.0,299.07184,302.253,25.92184000000003,29.10300000000001
2022-05-26 21:00:00,21.25,88.25,299.07184,302.253,25.92184000000003,29.10300000000001
2022-05-26 21:00:00,21.25,88.5,299.5256,302.18616,26.37560000000002,29.036159999999995
2022-05-26 21:00:00,21.25,88.75,299.812,302.12408,26.662000000000035,28.974080000000015
2022-05-26 21:00:00,21.25,89.0,300.08304,302.1498,26.933040000000005,28.99980000000005
2022-05-26 21:00:00,21.25,89.25,300.28088,301.71,27.130880000000047,28.560000000000002
2022-05-26 21:00:00,21.25,89.5,300.21487,301.0195,27.06487000000004,27.869500000000016
2022-05-26 21:00:00,21.25,89.75,300.049,301.01236,26.899,27.862360000000024
2022-05-26 21:00:00,21.25,90.0,299.8342,301.0757,26.684200000000033,27.925700000000006
2022-05-26 21:00:00,21.0,85.5,295.13312,299.89258,21.983120000000042,26.742580000000032
2022-05-26 21:00:00,21.0,85.75,295.2152,300.71768,22.065200000000004,27.567679999999996
2022-05-26 21:00:00,21.0,86.0,295.2152,300.71768,22.065200000000004,27.567679999999996
2022-05-26 21:00:00,21.0,86.25,295.84717,302.19666,22.69717000000003,29.04666000000003
2022-05-26 21:00:00,21.0,86.5,296.11182,301.93805,22.961820000000046,28.78805
2022-05-26 21:00:00,21.0,86.75,296.46997,301.62646,23.319970000000012,28.47646000000003
2022-05-26 21:00:00,21.0,87.0,297.4426,301.382,24.29260000000005,28.232000000000028
2022-05-26 21:00:00,21.0,87.25,297.75552,301.41245,24.605520000000013,28.26245
2022-05-26 21:00:00,21.0,87.5,298.06207,301.68225,24.91207000000003,28.532250000000033
2022-05-26 21:00:00,21.0,87.75,298.41754,301.9101,25.267539999999997,28.760100000000023
2022-05-26 21:00:00,21.0,88.0,298.76328,302.00873,25.61328000000003,28.858730000000037
2022-05-26 21:00:00,21.0,88.25,298.76328,302.00873,25.61328000000003,28.858730000000037
2022-05-26 21:00:00,21.0,88.5,299.1556,302.04553,26.005600000000015,28.895530000000008
2022-05-26 21:00:00,21.0,88.75,299.5912,302.04147,26.441200000000038,28.891470000000027
2022-05-26 21:00:00,21.0,89.0,300.05954,302.1405,26.90954000000005,28.990499999999997
2022-05-26 21:00:00,21.0,89.25,300.35556,302.1161,27.205560000000048,28.96610000000004
2022-05-26 21:00:00,21.0,89.5,300.35663,301.8052,27.20663000000002,28.655200000000036
2022-05-26 21:00:00,21.0,89.75,300.2715,301.60693,27.121500000000026,28.45693
2022-05-26 21:00:00,21.0,90.0,300.06723,301.44357,26.917230000000018,28.293570000000045
2022-05-26 22:00:00,27.5,85.5,285.2214,289.96518,12.07140000000004,16.815179999999998
2022-05-26 22:00:00,27.5,85.75,283.98962,289.23346,10.839620000000025,16.083460000000002
2022-05-26 22:00:00,27.5,86.0,283.98962,289.23346,10.839620000000025,16.083460000000002
2022-05-26 22:00:00,27.5,86.25,282.5012,287.1052,9.351200000000006,13.955200000000048
2022-05-26 22:00:00,27.5,86.5,280.13458,284.0395,6.984580000000051,10.889499999999998
2022-05-26 22:00:00,27.5,86.75,277.75873,280.75473,4.608730000000037,7.604730000000018
2022-05-26 22:00:00,27.5,87.0,275.86234,279.15637,2.71234000000004,6.006370000000004
2022-05-26 22:00:00,27.5,87.25,274.32614,280.47537,1.1761400000000322,7.325370000000021
2022-05-26 22:00:00,27.5,87.5,272.40912,280.90378,-0.7408800000000042,7.753780000000006
2022-05-26 22:00:00,27.5,87.75,271.04407,278.70514,-2.1059300000000007,5.555139999999994
2022-05-26 22:00:00,27.5,88.0,272.7235,278.14664,-0.4264999999999759,4.9966400000000135
2022-05-26 22:00:00,27.5,88.25,272.7235,278.14664,-0.4264999999999759,4.9966400000000135
2022-05-26 22:00:00,27.5,88.5,276.9925,281.2663,3.8425000000000296,8.116300000000024
2022-05-26 22:00:00,27.5,88.75,278.3096,282.09174,5.159600000000012,8.941740000000038
2022-05-26 22:00:00,27.5,89.0,273.67892,276.85904,0.5289200000000278,3.709040000000016
2022-05-26 22:00:00,27.5,89.25,269.95627,273.24435,-3.1937299999999595,0.09435000000001992
2022-05-26 22:00:00,27.5,89.5,270.9591,274.6713,-2.190899999999999,1.5212999999999965
2022-05-26 22:00:00,27.5,89.75,272.06943,276.653,-1.080569999999966,3.5030000000000427
2022-05-26 22:00:00,27.5,90.0,274.27112,279.16577,1.121120000000019,6.015770000000032
2022-05-26 22:00:00,27.25,85.5,289.6604,294.81778,16.510400000000004,21.66778000000005
2022-05-26 22:00:00,27.25,85.75,289.32947,294.41583,16.179470000000038,21.26583000000005
2022-05-26 22:00:00,27.25,86.0,289.32947,294.41583,16.179470000000038,21.26583000000005
2022-05-26 22:00:00,27.25,86.25,287.78256,292.7353,14.632560000000012,19.585300000000018
2022-05-26 22:00:00,27.25,86.5,285.87253,290.63037,12.722530000000006,17.48037000000005
2022-05-26 22:00:00,27.25,86.75,284.64008,288.84143,11.490080000000034,15.691430000000025
2022-05-26 22:00:00,27.25,87.0,282.7296,286.52747,9.579600000000028,13.377470000000017
2022-05-26 22:00:00,27.25,87.25,281.30258,286.7817,8.15258,13.631700000000023
2022-05-26 22:00:00,27.25,87.5,280.64508,286.5521,7.49508000000003,13.402100000000019
2022-05-26 22:00:00,27.25,87.75,280.36945,284.81802,7.219449999999995,11.668020000000013
2022-05-26 22:00:00,27.25,88.0,281.7922,284.4867,8.642200000000003,11.336700000000008
2022-05-26 22:00:00,27.25,88.25,281.7922,284.4867,8.642200000000003,11.336700000000008
2022-05-26 22:00:00,27.25,88.5,285.25604,287.55432,12.106040000000007,14.404320000000041
2022-05-26 22:00:00,27.25,88.75,286.49118,290.04633,13.341180000000008,16.896330000000034
2022-05-26 22:00:00,27.25,89.0,282.4636,286.76175,9.313600000000008,13.611750000000029
2022-05-26 22:00:00,27.25,89.25,278.71115,283.84012,5.561149999999998,10.690120000000036
2022-05-26 22:00:00,27.25,89.5,277.35223,282.0948,4.202230000000043,8.944800000000043
2022-05-26 22:00:00,27.25,89.75,277.21954,279.58206,4.069540000000018,6.432060000000035
2022-05-26 22:00:00,27.25,90.0,279.94974,282.24255,6.7997400000000425,9.092550000000017
2022-05-26 22:00:00,27.0,85.5,289.6604,294.81778,16.510400000000004,21.66778000000005
2022-05-26 22:00:00,27.0,85.75,289.32947,294.41583,16.179470000000038,21.26583000000005
2022-05-26 22:00:00,27.0,86.0,289.32947,294.41583,16.179470000000038,21.26583000000005
2022-05-26 22:00:00,27.0,86.25,287.78256,292.7353,14.632560000000012,19.585300000000018
2022-05-26 22:00:00,27.0,86.5,285.87253,290.63037,12.722530000000006,17.48037000000005
2022-05-26 22:00:00,27.0,86.75,284.64008,288.84143,11.490080000000034,15.691430000000025
2022-05-26 22:00:00,27.0,87.0,282.7296,286.52747,9.579600000000028,13.377470000000017
2022-05-26 22:00:00,27.0,87.25,281.30258,286.7817,8.15258,13.631700000000023
2022-05-26 22:00:00,27.0,87.5,280.64508,286.5521,7.49508000000003,13.402100000000019
2022-05-26 22:00:00,27.0,87.75,280.36945,284.81802,7.219449999999995,11.668020000000013
2022-05-26 22:00:00,27.0,88.0,281.7922,284.4867,8.642200000000003,11.336700000000008
2022-05-26 22:00:00,27.0,88.25,281.7922,284.4867,8.642200000000003,11.336700000000008
2022-05-26 22:00:00,27.0,88.5,285.25604,287.55432,12.106040000000007,14.404320000000041
2022-05-26 22:00:00,27.0,88.75,286.49118,290.04633,13.341180000000008,16.896330000000034
2022-05-26 22:00:00,27.0,89.0,282.4636,286.76175,9.313600000000008,13.611750000000029
2022-05-26 22:00:00,27.0,89.25,278.71115,283.84012,5.561149999999998,10.690120000000036
2022-05-26 22:00:00,27.0,89.5,277.35223,282.0948,4.202230000000043,8.944800000000043
2022-05-26 22:00:00,27.0,89.75,277.21954,279.58206,4.069540000000018,6.432060000000035
2022-05-26 22:00:00,27.0,90.0,279.94974,282.24255,6.7997400000000425,9.092550000000017
2022-05-26 22:00:00,26.75,85.5,291.64758,295.31882,18.497580000000028,22.16882000000004
2022-05-26 22:00:00,26.75,85.75,291.4556,295.8142,18.305600000000027,22.66420000000005
2022-05-26 22:00:00,26.75,86.0,291.4556,295.8142,18.305600000000027,22.66420000000005
2022-05-26 22:00:00,26.75,86.25,291.21738,296.1044,18.067380000000014,22.95440000000002
2022-05-26 22:00:00,26.75,86.5,290.34558,295.7171,17.195580000000007,22.56710000000004
2022-05-26 22:00:00,26.75,86.75,289.75,295.1039,16.600000000000023,21.953900000000033
2022-05-26 22:00:00,26.75,87.0,288.77664,293.97568,15.626640000000009,20.825680000000034
2022-05-26 22:00:00,26.75,87.25,287.89053,292.86172,14.740530000000035,19.711720000000014
2022-05-26 22:00:00,26.75,87.5,287.38535,292.0568,14.23535000000004,18.906800000000032
2022-05-26 22:00:00,26.75,87.75,287.67365,291.64105,14.523650000000032,18.49105000000003
2022-05-26 22:00:00,26.75,88.0,289.07065,292.39008,15.920650000000023,19.240080000000034
2022-05-26 22:00:00,26.75,88.25,289.07065,292.39008,15.920650000000023,19.240080000000034
2022-05-26 22:00:00,26.75,88.5,291.2855,294.9292,18.135500000000036,21.779200000000003
2022-05-26 22:00:00,26.75,88.75,292.2745,296.60287,19.124500000000012,23.45287000000002
2022-05-26 22:00:00,26.75,89.0,289.95078,294.5662,16.80078000000003,21.416200000000003
2022-05-26 22:00:00,26.75,89.25,287.16046,293.06717,14.010460000000023,19.91717
2022-05-26 22:00:00,26.75,89.5,286.26865,292.05655,13.118650000000002,18.90655000000004
2022-05-26 22:00:00,26.75,89.75,286.25943,290.27792,13.109430000000032,17.127920000000017
2022-05-26 22:00:00,26.75,90.0,288.15048,291.93127,15.000480000000039,18.781270000000006
2022-05-26 22:00:00,26.5,85.5,292.06143,298.02243,18.911429999999996,24.87243000000001
2022-05-26 22:00:00,26.5,85.75,291.726,296.3982,18.576000000000022,23.248199999999997
2022-05-26 22:00:00,26.5,86.0,291.726,296.3982,18.576000000000022,23.248199999999997
2022-05-26 22:00:00,26.5,86.25,291.71747,297.06436,18.567470000000014,23.914360000000045
2022-05-26 22:00:00,26.5,86.5,291.92505,297.1637,18.77505000000002,24.01370000000003
2022-05-26 22:00:00,26.5,86.75,291.6037,296.9363,18.453700000000026,23.78630000000004
2022-05-26 22:00:00,26.5,87.0,291.77444,296.95773,18.62444000000005,23.80773000000005
2022-05-26 22:00:00,26.5,87.25,292.01123,297.3229,18.861230000000035,24.172900000000027
2022-05-26 22:00:00,26.5,87.5,291.8138,296.95926,18.663800000000037,23.809259999999995
2022-05-26 22:00:00,26.5,87.75,292.04514,296.99673,18.895140000000026,23.846730000000036
2022-05-26 22:00:00,26.5,88.0,292.93765,297.67923,19.787650000000042,24.52923000000004
2022-05-26 22:00:00,26.5,88.25,292.93765,297.67923,19.787650000000042,24.52923000000004
2022-05-26 22:00:00,26.5,88.5,293.7728,298.31555,20.62280000000004,25.165549999999996
2022-05-26 22:00:00,26.5,88.75,293.9331,298.61783,20.783100000000047,25.46783000000005
2022-05-26 22:00:00,26.5,89.0,293.00082,297.75275,19.85082,24.602750000000015
2022-05-26 22:00:00,26.5,89.25,291.812,297.32468,18.662000000000035,24.174680000000023
2022-05-26 22:00:00,26.5,89.5,291.7558,297.90723,18.605800000000045,24.75723000000005
2022-05-26 22:00:00,26.5,89.75,292.10425,297.00137,18.954250000000002,23.85137000000003
2022-05-26 22:00:00,26.5,90.0,292.93533,297.12753,19.785330000000044,23.97753
2022-05-26 22:00:00,26.25,85.5,292.01895,298.52026,18.86895000000004,25.37026000000003
2022-05-26 22:00:00,26.25,85.75,292.0455,297.7929,18.895500000000027,24.642899999999997
2022-05-26 22:00:00,26.25,86.0,292.0455,297.7929,18.895500000000027,24.642899999999997
2022-05-26 22:00:00,26.25,86.25,292.14633,297.76123,18.99633,24.611230000000035
2022-05-26 22:00:00,26.25,86.5,292.3384,297.97568,19.1884,24.825680000000034
2022-05-26 22:00:00,26.25,86.75,292.67114,297.84958,19.521140000000003,24.699580000000026
2022-05-26 22:00:00,26.25,87.0,292.73938,297.97333,19.589380000000006,24.82333
2022-05-26 22:00:00,26.25,87.25,292.93045,298.3042,19.78045000000003,25.154200000000003
2022-05-26 22:00:00,26.25,87.5,293.299,298.57623,20.149,25.426230000000032
2022-05-26 22:00:00,26.25,87.75,293.5895,298.9035,20.43950000000001,25.75350000000003
2022-05-26 22:00:00,26.25,88.0,293.83627,298.77493,20.686270000000036,25.624930000000006
2022-05-26 22:00:00,26.25,88.25,293.83627,298.77493,20.686270000000036,25.624930000000006
2022-05-26 22:00:00,26.25,88.5,294.07147,298.3225,20.92147,25.172500000000014
2022-05-26 22:00:00,26.25,88.75,294.161,298.51984,21.011000000000024,25.36984000000001
2022-05-26 22:00:00,26.25,89.0,294.1638,298.97742,21.013800000000003,25.827420000000018
2022-05-26 22:00:00,26.25,89.25,294.15518,299.25415,21.005179999999996,26.104150000000004
2022-05-26 22:00:00,26.25,89.5,294.52872,299.57404,21.378720000000044,26.424040000000048
2022-05-26 22:00:00,26.25,89.75,294.87286,298.95825,21.722860000000026,25.808250000000044
2022-05-26 22:00:00,26.25,90.0,294.9889,297.80658,21.838900000000024,24.65658000000002
2022-05-26 22:00:00,26.0,85.5,292.62537,297.5972,19.475369999999998,24.44720000000001
2022-05-26 22:00:00,26.0,85.75,292.33603,297.74008,19.186030000000017,24.59008
2022-05-26 22:00:00,26.0,86.0,292.33603,297.74008,19.186030000000017,24.59008
2022-05-26 22:00:00,26.0,86.25,292.3181,298.15097,19.168100000000038,25.000969999999995
2022-05-26 22:00:00,26.0,86.5,292.52902,298.21765,19.379020000000025,25.067650000000015
2022-05-26 22:00:00,26.0,86.75,292.6621,298.1619,19.512100000000032,25.011900000000026
2022-05-26 22:00:00,26.0,87.0,292.7692,298.39194,19.619200000000035,25.24194
2022-05-26 22:00:00,26.0,87.25,293.08884,299.02832,19.938840000000027,25.87832000000003
2022-05-26 22:00:00,26.0,87.5,293.47025,299.56152,20.320250000000044,26.411519999999996
2022-05-26 22:00:00,26.0,87.75,293.73846,299.6271,20.588459999999998,26.477100000000007
2022-05-26 22:00:00,26.0,88.0,293.89816,299.4074,20.74816000000004,26.25740000000002
2022-05-26 22:00:00,26.0,88.25,293.89816,299.4074,20.74816000000004,26.25740000000002
2022-05-26 22:00:00,26.0,88.5,293.95795,299.2343,20.807950000000005,26.08430000000004
2022-05-26 22:00:00,26.0,88.75,293.96783,299.31815,20.817830000000015,26.168150000000026
2022-05-26 22:00:00,26.0,89.0,294.0827,299.64313,20.93270000000001,26.493130000000008
2022-05-26 22:00:00,26.0,89.25,294.31635,299.83392,21.166350000000023,26.68392
2022-05-26 22:00:00,26.0,89.5,294.71832,300.0429,21.56832000000003,26.892899999999997
2022-05-26 22:00:00,26.0,89.75,294.97708,299.98288,21.827080000000024,26.832880000000046
2022-05-26 22:00:00,26.0,90.0,295.15515,300.30698,22.005150000000015,27.156980000000033
2022-05-26 22:00:00,25.75,85.5,292.78632,297.80182,19.636320000000012,24.651820000000043
2022-05-26 22:00:00,25.75,85.75,292.61124,298.16318,19.461240000000032,25.013180000000034
2022-05-26 22:00:00,25.75,86.0,292.61124,298.16318,19.461240000000032,25.013180000000034
2022-05-26 22:00:00,25.75,86.25,292.6071,297.65445,19.457100000000025,24.50445000000002
2022-05-26 22:00:00,25.75,86.5,292.58844,297.7141,19.438440000000014,24.564099999999996
2022-05-26 22:00:00,25.75,86.75,292.61676,298.15042,19.466760000000022,25.00042000000002
2022-05-26 22:00:00,25.75,87.0,292.52493,297.8903,19.374930000000006,24.740300000000047
2022-05-26 22:00:00,25.75,87.25,292.72055,297.85095,19.570550000000026,24.700950000000034
2022-05-26 22:00:00,25.75,87.5,293.0578,298.37012,19.90780000000001,25.22012000000001
2022-05-26 22:00:00,25.75,87.75,293.33786,298.6887,20.18786,25.538700000000006
2022-05-26 22:00:00,25.75,88.0,293.53513,298.3202,20.385130000000004,25.170200000000023
2022-05-26 22:00:00,25.75,88.25,293.53513,298.3202,20.385130000000004,25.170200000000023
2022-05-26 22:00:00,25.75,88.5,293.6881,298.1838,20.538100000000043,25.033800000000042
2022-05-26 22:00:00,25.75,88.75,293.81134,298.82913,20.661339999999996,25.679130000000043
2022-05-26 22:00:00,25.75,89.0,293.81696,299.06805,20.666960000000017,25.91805000000005
2022-05-26 22:00:00,25.75,89.25,293.78955,298.82394,20.639550000000042,25.673940000000016
2022-05-26 22:00:00,25.75,89.5,293.9566,298.20148,20.806600000000003,25.051480000000026
2022-05-26 22:00:00,25.75,89.75,294.3225,297.81342,21.172500000000014,24.66342000000003
2022-05-26 22:00:00,25.75,90.0,294.06927,296.87335,20.91927000000004,23.72335000000004
2022-05-26 22:00:00,25.5,85.5,293.48495,298.60925,20.33495000000005,25.459249999999997
2022-05-26 22:00:00,25.5,85.75,293.57358,299.0995,20.423580000000015,25.9495
2022-05-26 22:00:00,25.5,86.0,293.57358,299.0995,20.423580000000015,25.9495
2022-05-26 22:00:00,25.5,86.25,293.40176,298.6763,20.251760000000047,25.52630000000005
2022-05-26 22:00:00,25.5,86.5,293.30508,298.9326,20.155079999999998,25.782600000000002
2022-05-26 22:00:00,25.5,86.75,293.01373,298.36914,19.863730000000032,25.21914000000004
2022-05-26 22:00:00,25.5,87.0,292.84915,298.4141,19.69915000000003,25.26410000000004
2022-05-26 22:00:00,25.5,87.25,292.9719,298.50095,19.821900000000028,25.35095000000001
2022-05-26 22:00:00,25.5,87.5,293.18268,298.7508,20.032680000000028,25.60080000000005
2022-05-26 22:00:00,25.5,87.75,293.28125,298.95242,20.131250000000023,25.80242000000004
2022-05-26 22:00:00,25.5,88.0,293.422,298.70502,20.272000000000048,25.555020000000013
2022-05-26 22:00:00,25.5,88.25,293.422,298.70502,20.272000000000048,25.555020000000013
2022-05-26 22:00:00,25.5,88.5,293.82587,298.58362,20.67587000000003,25.43362000000002
2022-05-26 22:00:00,25.5,88.75,294.1379,298.98813,20.987900000000025,25.838130000000035
2022-05-26 22:00:00,25.5,89.0,293.90976,299.20633,20.75976000000003,26.056330000000003
2022-05-26 22:00:00,25.5,89.25,293.73425,299.12064,20.584249999999997,25.970640000000003
2022-05-26 22:00:00,25.5,89.5,293.86652,298.44406,20.716520000000003,25.29406
2022-05-26 22:00:00,25.5,89.75,294.40027,297.79492,21.25027,24.644920000000013
2022-05-26 22:00:00,25.5,90.0,293.793,295.99484,20.64300000000003,22.844840000000033
2022-05-26 22:00:00,25.25,85.5,294.07928,298.3372,20.929280000000006,25.18720000000002
2022-05-26 22:00:00,25.25,85.75,293.9875,298.26868,20.837500000000034,25.11868000000004
2022-05-26 22:00:00,25.25,86.0,293.9875,298.26868,20.837500000000034,25.11868000000004
2022-05-26 22:00:00,25.25,86.25,293.6785,297.8761,20.528500000000008,24.72610000000003
2022-05-26 22:00:00,25.25,86.5,293.45013,297.62195,20.300130000000024,24.47195000000005
2022-05-26 22:00:00,25.25,86.75,293.16553,297.6134,20.015530000000012,24.463400000000036
2022-05-26 22:00:00,25.25,87.0,293.0378,297.7456,19.887800000000027,24.595600000000047
2022-05-26 22:00:00,25.25,87.25,292.95258,297.4398,19.802580000000034,24.289800000000014
2022-05-26 22:00:00,25.25,87.5,293.01553,298.10596,19.865530000000035,24.955960000000005
2022-05-26 22:00:00,25.25,87.75,293.42856,299.05243,20.278560000000027,25.902430000000038
2022-05-26 22:00:00,25.25,88.0,293.7808,299.32452,20.630800000000022,26.17452000000003
2022-05-26 22:00:00,25.25,88.25,293.7808,299.32452,20.630800000000022,26.17452000000003
2022-05-26 22:00:00,25.25,88.5,293.90567,299.42358,20.75567000000001,26.273580000000038
2022-05-26 22:00:00,25.25,88.75,294.07614,299.54013,20.926140000000032,26.39013
2022-05-26 22:00:00,25.25,89.0,294.02954,299.45578,20.87954000000002,26.305780000000027
2022-05-26 22:00:00,25.25,89.25,293.91748,299.29343,20.767480000000035,26.143430000000023
2022-05-26 22:00:00,25.25,89.5,294.1397,298.90866,20.989700000000028,25.75866000000002
2022-05-26 22:00:00,25.25,89.75,294.6823,297.98093,21.53230000000002,24.830930000000023
2022-05-26 22:00:00,25.25,90.0,294.29248,296.14612,21.142480000000035,22.99612000000002
2022-05-26 22:00:00,25.0,85.5,294.19095,298.32367,21.04095000000001,25.173670000000016
2022-05-26 22:00:00,25.0,85.75,294.1072,298.1123,20.9572,24.962300000000027
2022-05-26 22:00:00,25.0,86.0,294.1072,298.1123,20.9572,24.962300000000027
2022-05-26 22:00:00,25.0,86.25,293.84308,297.8564,20.69308000000001,24.70640000000003
2022-05-26 22:00:00,25.0,86.5,293.51117,297.69388,20.361170000000016,24.54388
2022-05-26 22:00:00,25.0,86.75,293.30975,297.3039,20.15975000000003,24.15390000000002
2022-05-26 22:00:00,25.0,87.0,293.21564,297.49127,20.06564000000003,24.34127000000001
2022-05-26 22:00:00,25.0,87.25,293.0758,297.5736,19.925800000000038,24.42360000000002
2022-05-26 22:00:00,25.0,87.5,292.89847,297.3816,19.748469999999998,24.231600000000014
2022-05-26 22:00:00,25.0,87.75,293.43723,298.69226,20.287230000000022,25.54226
2022-05-26 22:00:00,25.0,88.0,294.1145,300.14465,20.964500000000044,26.994650000000036
2022-05-26 22:00:00,25.0,88.25,294.1145,300.14465,20.964500000000044,26.994650000000036
2022-05-26 22:00:00,25.0,88.5,294.329,300.11484,21.17900000000003,26.964840000000038
2022-05-26 22:00:00,25.0,88.75,294.4009,299.88977,21.2509,26.73977000000002
2022-05-26 22:00:00,25.0,89.0,294.06598,299.54752,20.915980000000047,26.397520000000043
2022-05-26 22:00:00,25.0,89.25,294.20242,299.48306,21.05242000000004,26.333060000000046
2022-05-26 22:00:00,25.0,89.5,294.4952,299.83273,21.345200000000034,26.68273000000005
2022-05-26 22:00:00,25.0,89.75,295.3765,299.79456,22.226500000000044,26.644560000000013
2022-05-26 22:00:00,25.0,90.0,294.97437,297.41455,21.824370000000044,24.264550000000042
2022-05-26 22:00:00,24.75,85.5,294.19095,298.32367,21.04095000000001,25.173670000000016
2022-05-26 22:00:00,24.75,85.75,294.1072,298.1123,20.9572,24.962300000000027
2022-05-26 22:00:00,24.75,86.0,294.1072,298.1123,20.9572,24.962300000000027
2022-05-26 22:00:00,24.75,86.25,293.84308,297.8564,20.69308000000001,24.70640000000003
2022-05-26 22:00:00,24.75,86.5,293.51117,297.69388,20.361170000000016,24.54388
2022-05-26 22:00:00,24.75,86.75,293.30975,297.3039,20.15975000000003,24.15390000000002
2022-05-26 22:00:00,24.75,87.0,293.21564,297.49127,20.06564000000003,24.34127000000001
2022-05-26 22:00:00,24.75,87.25,293.0758,297.5736,19.925800000000038,24.42360000000002
2022-05-26 22:00:00,24.75,87.5,292.89847,297.3816,19.748469999999998,24.231600000000014
2022-05-26 22:00:00,24.75,87.75,293.43723,298.69226,20.287230000000022,25.54226
2022-05-26 22:00:00,24.75,88.0,294.1145,300.14465,20.964500000000044,26.994650000000036
2022-05-26 22:00:00,24.75,88.25,294.1145,300.14465,20.964500000000044,26.994650000000036
2022-05-26 22:00:00,24.75,88.5,294.329,300.11484,21.17900000000003,26.964840000000038
2022-05-26 22:00:00,24.75,88.75,294.4009,299.88977,21.2509,26.73977000000002
2022-05-26 22:00:00,24.75,89.0,294.06598,299.54752,20.915980000000047,26.397520000000043
2022-05-26 22:00:00,24.75,89.25,294.20242,299.48306,21.05242000000004,26.333060000000046
2022-05-26 22:00:00,24.75,89.5,294.4952,299.83273,21.345200000000034,26.68273000000005
2022-05-26 22:00:00,24.75,89.75,295.3765,299.79456,22.226500000000044,26.644560000000013
2022-05-26 22:00:00,24.75,90.0,294.97437,297.41455,21.824370000000044,24.264550000000042
2022-05-26 22:00:00,24.5,85.5,293.8718,298.15912,20.72180000000003,25.009119999999996
2022-05-26 22:00:00,24.5,85.75,293.40878,297.60547,20.25878,24.455470000000048
2022-05-26 22:00:00,24.5,86.0,293.40878,297.60547,20.25878,24.455470000000048
2022-05-26 22:00:00,24.5,86.25,292.7393,296.8607,19.589300000000037,23.71070000000003
2022-05-26 22:00:00,24.5,86.5,293.1843,297.03976,20.03430000000003,23.889760000000024
2022-05-26 22:00:00,24.5,86.75,293.382,297.17444,20.232000000000028,24.024440000000027
2022-05-26 22:00:00,24.5,87.0,293.1421,297.1337,19.99210000000005,23.9837
2022-05-26 22:00:00,24.5,87.25,292.79016,297.23685,19.640160000000037,24.086850000000027
2022-05-26 22:00:00,24.5,87.5,292.7926,297.75085,19.642600000000016,24.600850000000037
2022-05-26 22:00:00,24.5,87.75,293.40997,298.53485,20.25997000000001,25.38485000000003
2022-05-26 22:00:00,24.5,88.0,294.29855,299.6749,21.14855,26.524900000000002
2022-05-26 22:00:00,24.5,88.25,294.29855,299.6749,21.14855,26.524900000000002
2022-05-26 22:00:00,24.5,88.5,294.82596,300.52908,21.675960000000032,27.379080000000044
2022-05-26 22:00:00,24.5,88.75,294.77036,300.25534,21.620360000000005,27.105340000000012
2022-05-26 22:00:00,24.5,89.0,294.5062,299.5986,21.3562,26.4486
2022-05-26 22:00:00,24.5,89.25,294.525,299.1536,21.375,26.003600000000006
2022-05-26 22:00:00,24.5,89.5,294.7655,299.95856,21.615499999999997,26.80856
2022-05-26 22:00:00,24.5,89.75,295.39713,301.25055,22.247130000000027,28.10055
2022-05-26 22:00:00,24.5,90.0,295.24734,299.55435,22.09734000000003,26.404350000000022
2022-05-26 22:00:00,24.25,85.5,292.10153,296.64935,18.951530000000048,23.49935000000005
2022-05-26 22:00:00,24.25,85.75,292.19067,296.78204,19.040670000000034,23.632040000000018
2022-05-26 22:00:00,24.25,86.0,292.19067,296.78204,19.040670000000034,23.632040000000018
2022-05-26 22:00:00,24.25,86.25,292.45126,297.00644,19.301260000000013,23.85644000000002
2022-05-26 22:00:00,24.25,86.5,293.02982,297.24786,19.879819999999995,24.097860000000026
2022-05-26 22:00:00,24.25,86.75,293.47568,297.53323,20.325680000000034,24.383230000000026
2022-05-26 22:00:00,24.25,87.0,293.3463,297.43777,20.196300000000008,24.287770000000023
2022-05-26 22:00:00,24.25,87.25,293.1976,297.92468,20.047600000000045,24.774680000000046
2022-05-26 22:00:00,24.25,87.5,293.402,298.5209,20.25200000000001,25.370900000000006
2022-05-26 22:00:00,24.25,87.75,294.1523,299.04855,21.002300000000048,25.89855
2022-05-26 22:00:00,24.25,88.0,294.7535,299.72858,21.603499999999997,26.578580000000045
2022-05-26 22:00:00,24.25,88.25,294.7535,299.72858,21.603499999999997,26.578580000000045
2022-05-26 22:00:00,24.25,88.5,294.89294,300.2572,21.742940000000033,27.107200000000034
2022-05-26 22:00:00,24.25,88.75,295.0049,300.26917,21.854900000000043,27.119169999999997
2022-05-26 22:00:00,24.25,89.0,294.83185,299.92645,21.681849999999997,26.77645000000001
2022-05-26 22:00:00,24.25,89.25,294.75592,299.68253,21.605920000000026,26.53253000000001
2022-05-26 22:00:00,24.25,89.5,295.09058,299.989,21.94058000000001,26.839
2022-05-26 22:00:00,24.25,89.75,295.57968,301.37015,22.42968000000002,28.220150000000046
2022-05-26 22:00:00,24.25,90.0,295.36606,301.22668,22.216060000000027,28.07668000000001
2022-05-26 22:00:00,24.0,85.5,290.8831,294.41068,17.733100000000036,21.260680000000036
2022-05-26 22:00:00,24.0,85.75,291.51016,296.2438,18.360160000000008,23.093800000000044
2022-05-26 22:00:00,24.0,86.0,291.51016,296.2438,18.360160000000008,23.093800000000044
2022-05-26 22:00:00,24.0,86.25,292.39328,297.09518,19.243280000000027,23.94518000000005
2022-05-26 22:00:00,24.0,86.5,293.15527,297.77628,20.005269999999996,24.62628000000001
2022-05-26 22:00:00,24.0,86.75,293.81708,298.2729,20.66708,25.122900000000016
2022-05-26 22:00:00,24.0,87.0,293.85458,298.03214,20.70458000000002,24.88214000000005
2022-05-26 22:00:00,24.0,87.25,293.82227,298.56357,20.672270000000026,25.41357000000005
2022-05-26 22:00:00,24.0,87.5,294.16513,298.9477,21.01513,25.79770000000002
2022-05-26 22:00:00,24.0,87.75,294.80206,299.7445,21.652060000000006,26.59450000000004
2022-05-26 22:00:00,24.0,88.0,295.12195,300.48077,21.97195000000005,27.33077000000003
2022-05-26 22:00:00,24.0,88.25,295.12195,300.48077,21.97195000000005,27.33077000000003
2022-05-26 22:00:00,24.0,88.5,295.04547,300.22467,21.895470000000046,27.074670000000026
2022-05-26 22:00:00,24.0,88.75,295.13,300.11456,21.980000000000018,26.964560000000006
2022-05-26 22:00:00,24.0,89.0,295.2974,300.3914,22.147400000000005,27.2414
2022-05-26 22:00:00,24.0,89.25,295.31207,300.34967,22.16207000000003,27.199670000000026
2022-05-26 22:00:00,24.0,89.5,295.44495,300.4567,22.29495000000003,27.306700000000035
2022-05-26 22:00:00,24.0,89.75,296.02142,301.38818,22.87142,28.23818
2022-05-26 22:00:00,24.0,90.0,295.5871,301.47668,22.437100000000044,28.32668000000001
2022-05-26 22:00:00,23.75,85.5,291.15897,296.29654,18.008970000000033,23.146540000000016
2022-05-26 22:00:00,23.75,85.75,292.2988,298.2848,19.14880000000005,25.13480000000004
2022-05-26 22:00:00,23.75,86.0,292.2988,298.2848,19.14880000000005,25.13480000000004
2022-05-26 22:00:00,23.75,86.25,292.96753,298.87045,19.817530000000033,25.720450000000028
2022-05-26 22:00:00,23.75,86.5,293.80966,299.53363,20.65966000000003,26.38363000000004
2022-05-26 22:00:00,23.75,86.75,294.52448,300.3886,21.374480000000005,27.23860000000002
2022-05-26 22:00:00,23.75,87.0,294.72974,299.68884,21.579740000000015,26.53884000000005
2022-05-26 22:00:00,23.75,87.25,294.6977,299.35165,21.54770000000002,26.20165000000003
2022-05-26 22:00:00,23.75,87.5,295.23135,300.1741,22.081350000000043,27.024100000000033
2022-05-26 22:00:00,23.75,87.75,295.6834,300.6196,22.53340000000003,27.469600000000014
2022-05-26 22:00:00,23.75,88.0,295.60217,300.6388,22.452170000000024,27.488800000000026
2022-05-26 22:00:00,23.75,88.25,295.60217,300.6388,22.452170000000024,27.488800000000026
2022-05-26 22:00:00,23.75,88.5,295.42322,300.77304,22.273220000000038,27.623040000000003
2022-05-26 22:00:00,23.75,88.75,295.33463,300.66953,22.184630000000027,27.51953000000003
2022-05-26 22:00:00,23.75,89.0,295.36053,300.79382,22.210530000000006,27.643820000000005
2022-05-26 22:00:00,23.75,89.25,295.50452,300.9225,22.354520000000036,27.772500000000036
2022-05-26 22:00:00,23.75,89.5,295.8465,301.0732,22.696500000000015,27.92320000000001
2022-05-26 22:00:00,23.75,89.75,296.29715,301.45856,23.14715000000001,28.30856
2022-05-26 22:00:00,23.75,90.0,296.59265,301.7288,23.442650000000015,28.5788
2022-05-26 22:00:00,23.5,85.5,291.0867,296.51035,17.93670000000003,23.36035000000004
2022-05-26 22:00:00,23.5,85.75,292.36923,297.75385,19.21923000000004,24.603850000000023
2022-05-26 22:00:00,23.5,86.0,292.36923,297.75385,19.21923000000004,24.603850000000023
2022-05-26 22:00:00,23.5,86.25,293.09464,297.88522,19.94464000000005,24.735220000000027
2022-05-26 22:00:00,23.5,86.5,293.92557,298.95743,20.775570000000016,25.80743000000001
2022-05-26 22:00:00,23.5,86.75,294.37537,299.18713,21.225369999999998,26.037130000000047
2022-05-26 22:00:00,23.5,87.0,294.79947,299.53986,21.649470000000008,26.38986
2022-05-26 22:00:00,23.5,87.25,295.12012,300.0494,21.97012000000001,26.899400000000014
2022-05-26 22:00:00,23.5,87.5,295.3933,300.29276,22.243300000000033,27.14276000000001
2022-05-26 22:00:00,23.5,87.75,295.6083,300.65656,22.45830000000001,27.506560000000036
2022-05-26 22:00:00,23.5,88.0,295.62354,301.21216,22.473540000000014,28.062160000000006
2022-05-26 22:00:00,23.5,88.25,295.62354,301.21216,22.473540000000014,28.062160000000006
2022-05-26 22:00:00,23.5,88.5,295.58643,301.5974,22.43643000000003,28.447400000000016
2022-05-26 22:00:00,23.5,88.75,295.6791,301.69092,22.529100000000028,28.54092000000003
2022-05-26 22:00:00,23.5,89.0,295.74704,301.5096,22.59704000000005,28.3596
2022-05-26 22:00:00,23.5,89.25,295.91733,301.44125,22.767330000000015,28.291250000000048
2022-05-26 22:00:00,23.5,89.5,296.11945,301.25836,22.969449999999995,28.108360000000005
2022-05-26 22:00:00,23.5,89.75,296.24362,301.34326,23.093620000000044,28.19326000000001
2022-05-26 22:00:00,23.5,90.0,296.48218,301.3723,23.33218000000005,28.22230000000002
2022-05-26 22:00:00,23.25,85.5,291.28275,297.08563,18.132750000000044,23.935630000000003
2022-05-26 22:00:00,23.25,85.75,292.2087,297.3583,19.058700000000044,24.20830000000001
2022-05-26 22:00:00,23.25,86.0,292.2087,297.3583,19.058700000000044,24.20830000000001
2022-05-26 22:00:00,23.25,86.25,293.41925,298.3436,20.26925,25.193600000000004
2022-05-26 22:00:00,23.25,86.5,294.04013,299.06863,20.89013,25.918630000000007
2022-05-26 22:00:00,23.25,86.75,294.5274,299.7882,21.377400000000023,26.63820000000004
2022-05-26 22:00:00,23.25,87.0,294.82513,299.7806,21.675130000000024,26.630600000000015
2022-05-26 22:00:00,23.25,87.25,295.1038,300.24005,21.9538,27.09005000000002
2022-05-26 22:00:00,23.25,87.5,295.3986,300.9658,22.24860000000001,27.815800000000024
2022-05-26 22:00:00,23.25,87.75,295.67422,301.7081,22.524220000000014,28.558100000000024
2022-05-26 22:00:00,23.25,88.0,295.75845,302.1208,22.608450000000005,28.970799999999997
2022-05-26 22:00:00,23.25,88.25,295.75845,302.1208,22.608450000000005,28.970799999999997
2022-05-26 22:00:00,23.25,88.5,295.80423,302.20755,22.65423000000004,29.05755000000005
2022-05-26 22:00:00,23.25,88.75,296.0199,302.34018,22.86990000000003,29.190179999999998
2022-05-26 22:00:00,23.25,89.0,296.1132,302.1547,22.96320000000003,29.004700000000014
2022-05-26 22:00:00,23.25,89.25,296.28122,301.9791,23.13122000000004,28.82910000000004
2022-05-26 22:00:00,23.25,89.5,296.3682,301.8812,23.218200000000024,28.7312
2022-05-26 22:00:00,23.25,89.75,296.46957,301.6516,23.31957,28.501599999999996
2022-05-26 22:00:00,23.25,90.0,296.05493,301.34744,22.904930000000036,28.19744000000003
2022-05-26 22:00:00,23.0,85.5,291.99612,296.14664,18.84612000000004,22.996640000000014
2022-05-26 22:00:00,23.0,85.75,292.91904,297.7241,19.769040000000018,24.574100000000044
2022-05-26 22:00:00,23.0,86.0,292.91904,297.7241,19.769040000000018,24.574100000000044
2022-05-26 22:00:00,23.0,86.25,293.83536,298.87366,20.685360000000003,25.723659999999995
2022-05-26 22:00:00,23.0,86.5,294.6092,299.87857,21.45920000000001,26.728570000000047
2022-05-26 22:00:00,23.0,86.75,295.07056,300.3911,21.920560000000023,27.241100000000017
2022-05-26 22:00:00,23.0,87.0,294.86182,300.2096,21.711820000000046,27.059600000000046
2022-05-26 22:00:00,23.0,87.25,294.86603,300.81973,21.716030000000046,27.669730000000015
2022-05-26 22:00:00,23.0,87.5,295.1677,301.75974,22.017700000000048,28.609740000000045
2022-05-26 22:00:00,23.0,87.75,295.5913,302.5222,22.441300000000012,29.37220000000002
2022-05-26 22:00:00,23.0,88.0,295.92264,302.8978,22.772640000000024,29.74780000000004
2022-05-26 22:00:00,23.0,88.25,295.92264,302.8978,22.772640000000024,29.74780000000004
2022-05-26 22:00:00,23.0,88.5,296.10986,302.9282,22.95986000000005,29.778200000000027
2022-05-26 22:00:00,23.0,88.75,296.32007,302.87903,23.17007000000001,29.729030000000023
2022-05-26 22:00:00,23.0,89.0,296.49176,302.57523,23.341760000000022,29.42523
2022-05-26 22:00:00,23.0,89.25,296.66232,302.3705,23.512320000000045,29.220500000000015
2022-05-26 22:00:00,23.0,89.5,296.7702,302.44507,23.62020000000001,29.29507000000001
2022-05-26 22:00:00,23.0,89.75,296.54904,302.03568,23.399040000000014,28.885680000000036
2022-05-26 22:00:00,23.0,90.0,296.17642,301.52588,23.02642000000003,28.375879999999995
2022-05-26 22:00:00,22.75,85.5,292.31528,296.7121,19.165279999999996,23.562100000000044
2022-05-26 22:00:00,22.75,85.75,292.7049,297.14963,19.554900000000032,23.999630000000025
2022-05-26 22:00:00,22.75,86.0,292.7049,297.14963,19.554900000000032,23.999630000000025
2022-05-26 22:00:00,22.75,86.25,293.63635,298.98483,20.486350000000016,25.83483000000001
2022-05-26 22:00:00,22.75,86.5,294.52692,300.70306,21.37692000000004,27.553060000000016
2022-05-26 22:00:00,22.75,86.75,294.9751,301.47427,21.82510000000002,28.324270000000013
2022-05-26 22:00:00,22.75,87.0,294.871,301.16293,21.721000000000004,28.01293000000004
2022-05-26 22:00:00,22.75,87.25,295.0839,301.44455,21.93390000000005,28.294550000000015
2022-05-26 22:00:00,22.75,87.5,295.66254,302.865,22.51254,29.715000000000032
2022-05-26 22:00:00,22.75,87.75,296.11627,303.642,22.96627000000001,30.49200000000002
2022-05-26 22:00:00,22.75,88.0,296.47446,303.67703,23.324460000000045,30.527030000000025
2022-05-26 22:00:00,22.75,88.25,296.47446,303.67703,23.324460000000045,30.527030000000025
2022-05-26 22:00:00,22.75,88.5,296.81885,303.55142,23.66885000000002,30.40142000000003
2022-05-26 22:00:00,22.75,88.75,297.1402,303.5664,23.990200000000016,30.41640000000001
2022-05-26 22:00:00,22.75,89.0,297.4583,303.62033,24.30830000000003,30.470330000000047
2022-05-26 22:00:00,22.75,89.25,297.66357,303.4536,24.513570000000016,30.303600000000017
2022-05-26 22:00:00,22.75,89.5,297.48544,302.89465,24.335440000000006,29.744650000000036
2022-05-26 22:00:00,22.75,89.75,297.01944,302.18018,23.869439999999997,29.03018000000003
2022-05-26 22:00:00,22.75,90.0,296.69098,301.82922,23.540980000000047,28.679220000000043
2022-05-26 22:00:00,22.5,85.5,292.31528,296.7121,19.165279999999996,23.562100000000044
2022-05-26 22:00:00,22.5,85.75,292.7049,297.14963,19.554900000000032,23.999630000000025
2022-05-26 22:00:00,22.5,86.0,292.7049,297.14963,19.554900000000032,23.999630000000025
2022-05-26 22:00:00,22.5,86.25,293.63635,298.98483,20.486350000000016,25.83483000000001
2022-05-26 22:00:00,22.5,86.5,294.52692,300.70306,21.37692000000004,27.553060000000016
2022-05-26 22:00:00,22.5,86.75,294.9751,301.47427,21.82510000000002,28.324270000000013
2022-05-26 22:00:00,22.5,87.0,294.871,301.16293,21.721000000000004,28.01293000000004
2022-05-26 22:00:00,22.5,87.25,295.0839,301.44455,21.93390000000005,28.294550000000015
2022-05-26 22:00:00,22.5,87.5,295.66254,302.865,22.51254,29.715000000000032
2022-05-26 22:00:00,22.5,87.75,296.11627,303.642,22.96627000000001,30.49200000000002
2022-05-26 22:00:00,22.5,88.0,296.47446,303.67703,23.324460000000045,30.527030000000025
2022-05-26 22:00:00,22.5,88.25,296.47446,303.67703,23.324460000000045,30.527030000000025
2022-05-26 22:00:00,22.5,88.5,296.81885,303.55142,23.66885000000002,30.40142000000003
2022-05-26 22:00:00,22.5,88.75,297.1402,303.5664,23.990200000000016,30.41640000000001
2022-05-26 22:00:00,22.5,89.0,297.4583,303.62033,24.30830000000003,30.470330000000047
2022-05-26 22:00:00,22.5,89.25,297.66357,303.4536,24.513570000000016,30.303600000000017
2022-05-26 22:00:00,22.5,89.5,297.48544,302.89465,24.335440000000006,29.744650000000036
2022-05-26 22:00:00,22.5,89.75,297.01944,302.18018,23.869439999999997,29.03018000000003
2022-05-26 22:00:00,22.5,90.0,296.69098,301.82922,23.540980000000047,28.679220000000043
2022-05-26 22:00:00,22.25,85.5,292.43793,296.23877,19.287930000000017,23.08877000000001
2022-05-26 22:00:00,22.25,85.75,292.44028,296.4889,19.290279999999996,23.338900000000024
2022-05-26 22:00:00,22.25,86.0,292.44028,296.4889,19.290279999999996,23.338900000000024
2022-05-26 22:00:00,22.25,86.25,293.04822,297.3185,19.898220000000038,24.168499999999995
2022-05-26 22:00:00,22.25,86.5,293.2905,298.89297,20.14050000000003,25.742970000000014
2022-05-26 22:00:00,22.25,86.75,294.44482,302.04492,21.294820000000016,28.894920000000013
2022-05-26 22:00:00,22.25,87.0,294.9579,302.23132,21.807900000000018,29.081320000000005
2022-05-26 22:00:00,22.25,87.25,295.2566,302.1984,22.106600000000014,29.048400000000015
2022-05-26 22:00:00,22.25,87.5,295.7707,303.05,22.6207,29.900000000000034
2022-05-26 22:00:00,22.25,87.75,296.52295,304.21005,23.372950000000003,31.060050000000047
2022-05-26 22:00:00,22.25,88.0,296.8475,304.2845,23.697500000000048,31.134500000000003
2022-05-26 22:00:00,22.25,88.25,296.8475,304.2845,23.697500000000048,31.134500000000003
2022-05-26 22:00:00,22.25,88.5,297.09793,303.96518,23.947930000000042,30.815179999999998
2022-05-26 22:00:00,22.25,88.75,297.4954,303.9238,24.34540000000004,30.77380000000005
2022-05-26 22:00:00,22.25,89.0,297.81512,303.7115,24.66512,30.561500000000024
2022-05-26 22:00:00,22.25,89.25,297.91138,303.3558,24.76138000000003,30.20580000000001
2022-05-26 22:00:00,22.25,89.5,297.8073,303.0085,24.65730000000002,29.85850000000005
2022-05-26 22:00:00,22.25,89.75,297.62787,302.26868,24.477869999999996,29.11868000000004
2022-05-26 22:00:00,22.25,90.0,297.26587,301.59552,24.11587000000003,28.445520000000045
2022-05-26 22:00:00,22.0,85.5,291.40314,295.55383,18.25314000000003,22.403830000000028
2022-05-26 22:00:00,22.0,85.75,291.82538,295.99643,18.67538000000002,22.846429999999998
2022-05-26 22:00:00,22.0,86.0,291.82538,295.99643,18.67538000000002,22.846429999999998
2022-05-26 22:00:00,22.0,86.25,292.4163,295.9072,19.2663,22.75720000000001
2022-05-26 22:00:00,22.0,86.5,292.60806,297.43573,19.458060000000046,24.28573
2022-05-26 22:00:00,22.0,86.75,294.21835,301.01733,21.06835000000001,27.867330000000038
2022-05-26 22:00:00,22.0,87.0,295.03995,303.58887,21.88995,30.43887000000001
2022-05-26 22:00:00,22.0,87.25,295.41254,302.85614,22.26254,29.706140000000005
2022-05-26 22:00:00,22.0,87.5,295.80316,302.37012,22.653160000000014,29.22012000000001
2022-05-26 22:00:00,22.0,87.75,296.62964,303.9691,23.479640000000018,30.81910000000005
2022-05-26 22:00:00,22.0,88.0,297.34216,304.9359,24.19216,31.785900000000026
2022-05-26 22:00:00,22.0,88.25,297.34216,304.9359,24.19216,31.785900000000026
2022-05-26 22:00:00,22.0,88.5,297.8896,304.68173,24.739599999999996,31.53173000000004
2022-05-26 22:00:00,22.0,88.75,298.19858,304.38474,25.048580000000015,31.234740000000045
2022-05-26 22:00:00,22.0,89.0,298.18384,304.0565,25.033839999999998,30.90650000000005
2022-05-26 22:00:00,22.0,89.25,298.23102,303.46973,25.081020000000024,30.31973000000005
2022-05-26 22:00:00,22.0,89.5,298.3995,302.88437,25.249500000000012,29.734370000000013
2022-05-26 22:00:00,22.0,89.75,298.3151,302.17383,25.165099999999995,29.023830000000032
2022-05-26 22:00:00,22.0,90.0,298.0291,301.43854,24.87910000000005,28.288540000000012
2022-05-26 22:00:00,21.75,85.5,291.5218,295.61206,18.371800000000007,22.462060000000008
2022-05-26 22:00:00,21.75,85.75,291.34283,295.1606,18.192830000000015,22.01060000000001
2022-05-26 22:00:00,21.75,86.0,291.34283,295.1606,18.192830000000015,22.01060000000001
2022-05-26 22:00:00,21.75,86.25,291.39548,294.98956,18.245480000000043,21.839560000000006
2022-05-26 22:00:00,21.75,86.5,291.81976,296.3051,18.669759999999997,23.155100000000004
2022-05-26 22:00:00,21.75,86.75,293.89972,299.77527,20.749720000000025,26.62527
2022-05-26 22:00:00,21.75,87.0,295.1646,301.66583,22.01460000000003,28.51583000000005
2022-05-26 22:00:00,21.75,87.25,295.89096,302.52527,22.74096000000003,29.37527
2022-05-26 22:00:00,21.75,87.5,296.4854,303.05725,23.33540000000005,29.907250000000033
2022-05-26 22:00:00,21.75,87.75,297.92276,303.6705,24.772760000000005,30.520500000000027
2022-05-26 22:00:00,21.75,88.0,298.32578,304.09064,25.17578000000003,30.94064000000003
2022-05-26 22:00:00,21.75,88.25,298.32578,304.09064,25.17578000000003,30.94064000000003
2022-05-26 22:00:00,21.75,88.5,299.06723,303.48853,25.917230000000018,30.33853000000005
2022-05-26 22:00:00,21.75,88.75,299.29065,303.1102,26.14065000000005,29.960200000000043
2022-05-26 22:00:00,21.75,89.0,298.69415,302.95676,25.544150000000002,29.806759999999997
2022-05-26 22:00:00,21.75,89.25,299.1489,302.1862,25.99890000000005,29.036200000000008
2022-05-26 22:00:00,21.75,89.5,300.0316,301.41037,26.88160000000005,28.260370000000023
2022-05-26 22:00:00,21.75,89.75,300.04742,300.85696,26.89742000000001,27.706960000000038
2022-05-26 22:00:00,21.75,90.0,299.7949,300.66528,26.644900000000007,27.51528000000002
2022-05-26 22:00:00,21.5,85.5,292.0106,296.17645,18.860600000000034,23.02645000000001
2022-05-26 22:00:00,21.5,85.75,291.70886,296.6254,18.55886000000004,23.475400000000036
2022-05-26 22:00:00,21.5,86.0,291.70886,296.6254,18.55886000000004,23.475400000000036
2022-05-26 22:00:00,21.5,86.25,292.7055,297.05807,19.555499999999995,23.90807000000001
2022-05-26 22:00:00,21.5,86.5,293.0127,298.131,19.862700000000018,24.980999999999995
2022-05-26 22:00:00,21.5,86.75,294.39722,299.93402,21.247220000000027,26.784019999999998
2022-05-26 22:00:00,21.5,87.0,297.04272,301.2401,23.892719999999997,28.090100000000007
2022-05-26 22:00:00,21.5,87.25,297.94012,301.86383,24.79012,28.71383000000003
2022-05-26 22:00:00,21.5,87.5,298.2547,302.14987,25.104700000000037,28.999870000000044
2022-05-26 22:00:00,21.5,87.75,298.5134,302.29608,25.363400000000013,29.14608000000004
2022-05-26 22:00:00,21.5,88.0,298.955,302.47656,25.805000000000007,29.32656000000003
2022-05-26 22:00:00,21.5,88.25,298.955,302.47656,25.805000000000007,29.32656000000003
2022-05-26 22:00:00,21.5,88.5,299.49554,302.4516,26.345540000000028,29.301600000000008
2022-05-26 22:00:00,21.5,88.75,299.87396,302.33942,26.723960000000034,29.18942000000004
2022-05-26 22:00:00,21.5,89.0,300.06232,302.23605,26.912320000000022,29.08605
2022-05-26 22:00:00,21.5,89.25,300.18524,301.98196,27.035240000000044,28.831960000000038
2022-05-26 22:00:00,21.5,89.5,300.2166,301.48163,27.06660000000005,28.33163000000002
2022-05-26 22:00:00,21.5,89.75,300.04346,300.89685,26.893460000000005,27.746849999999995
2022-05-26 22:00:00,21.5,90.0,299.72714,300.72504,26.577140000000043,27.57504
2022-05-26 22:00:00,21.25,85.5,293.1794,297.47076,20.02940000000001,24.320760000000007
2022-05-26 22:00:00,21.25,85.75,293.39307,298.27032,20.243070000000046,25.12032000000005
2022-05-26 22:00:00,21.25,86.0,293.39307,298.27032,20.243070000000046,25.12032000000005
2022-05-26 22:00:00,21.25,86.25,294.1801,299.13065,21.030100000000004,25.980650000000026
2022-05-26 22:00:00,21.25,86.5,294.59894,300.61508,21.44894000000005,27.46508
2022-05-26 22:00:00,21.25,86.75,295.9016,301.65634,22.751599999999996,28.506340000000023
2022-05-26 22:00:00,21.25,87.0,297.01517,301.50488,23.865170000000035,28.354880000000037
2022-05-26 22:00:00,21.25,87.25,297.68256,301.63766,24.532560000000046,28.487660000000005
2022-05-26 22:00:00,21.25,87.5,298.16,301.91925,25.010000000000048,28.76925
2022-05-26 22:00:00,21.25,87.75,298.59134,302.14615,25.441340000000025,28.99615
2022-05-26 22:00:00,21.25,88.0,299.0823,302.2679,25.932299999999998,29.11790000000002
2022-05-26 22:00:00,21.25,88.25,299.0823,302.2679,25.932299999999998,29.11790000000002
2022-05-26 22:00:00,21.25,88.5,299.52338,302.23163,26.373379999999997,29.08163000000002
2022-05-26 22:00:00,21.25,88.75,299.77142,302.15265,26.62142,29.002650000000017
2022-05-26 22:00:00,21.25,89.0,299.9943,302.20334,26.844300000000032,29.05334000000005
2022-05-26 22:00:00,21.25,89.25,300.17087,302.12732,27.020870000000002,28.97732000000002
2022-05-26 22:00:00,21.25,89.5,300.125,301.6163,26.975000000000023,28.466300000000047
2022-05-26 22:00:00,21.25,89.75,299.97238,301.18503,26.82238000000001,28.035030000000006
2022-05-26 22:00:00,21.25,90.0,299.6981,301.25616,26.548100000000034,28.106160000000045
2022-05-26 22:00:00,21.0,85.5,294.552,299.28568,21.402000000000044,26.135680000000036
2022-05-26 22:00:00,21.0,85.75,294.77832,300.2369,21.62832000000003,27.086900000000014
2022-05-26 22:00:00,21.0,86.0,294.77832,300.2369,21.62832000000003,27.086900000000014
2022-05-26 22:00:00,21.0,86.25,295.42825,301.83917,22.278250000000014,28.689170000000047
2022-05-26 22:00:00,21.0,86.5,295.75943,301.875,22.60943000000003,28.725000000000023
2022-05-26 22:00:00,21.0,86.75,296.09155,301.57358,22.941550000000007,28.423580000000015
2022-05-26 22:00:00,21.0,87.0,297.18173,301.37982,24.03173000000004,28.229820000000018
2022-05-26 22:00:00,21.0,87.25,297.61523,301.4036,24.46523000000002,28.253600000000006
2022-05-26 22:00:00,21.0,87.5,298.07,301.70358,24.920000000000016,28.55358000000001
2022-05-26 22:00:00,21.0,87.75,298.5837,301.96762,25.433700000000044,28.817620000000034
2022-05-26 22:00:00,21.0,88.0,299.05557,302.10367,25.90557000000001,28.953670000000045
2022-05-26 22:00:00,21.0,88.25,299.05557,302.10367,25.90557000000001,28.953670000000045
2022-05-26 22:00:00,21.0,88.5,299.49167,302.13968,26.341670000000022,28.98968000000002
2022-05-26 22:00:00,21.0,88.75,299.81433,302.11984,26.664330000000007,28.969840000000033
2022-05-26 22:00:00,21.0,89.0,300.06046,302.13632,26.91046,28.986320000000035
2022-05-26 22:00:00,21.0,89.25,300.18686,302.16675,27.036860000000047,29.016750000000002
2022-05-26 22:00:00,21.0,89.5,300.14194,302.01236,26.99194,28.862360000000024
2022-05-26 22:00:00,21.0,89.75,300.05798,301.73383,26.90798000000001,28.583830000000034
2022-05-26 22:00:00,21.0,90.0,299.80222,301.60233,26.65222,28.452330000000018
2022-05-26 23:00:00,27.5,85.5,285.0891,289.7721,11.939099999999996,16.622100000000046
2022-05-26 23:00:00,27.5,85.75,283.97208,288.5353,10.822080000000028,15.38530000000003
2022-05-26 23:00:00,27.5,86.0,283.97208,288.5353,10.822080000000028,15.38530000000003
2022-05-26 23:00:00,27.5,86.25,282.68073,286.99176,9.530730000000005,13.841760000000022
2022-05-26 23:00:00,27.5,86.5,280.27045,284.25644,7.120450000000005,11.10644000000002
2022-05-26 23:00:00,27.5,86.75,278.16833,281.20743,5.018330000000049,8.05743000000001
2022-05-26 23:00:00,27.5,87.0,276.3224,280.46777,3.1724000000000387,7.317769999999996
2022-05-26 23:00:00,27.5,87.25,274.42233,281.51154,1.2723300000000108,8.361540000000048
2022-05-26 23:00:00,27.5,87.5,271.9683,280.9285,-1.181699999999978,7.778500000000008
2022-05-26 23:00:00,27.5,87.75,270.19852,277.95612,-2.9514800000000037,4.806120000000021
2022-05-26 23:00:00,27.5,88.0,271.76184,277.27496,-1.3881599999999708,4.124960000000044
2022-05-26 23:00:00,27.5,88.25,271.76184,277.27496,-1.3881599999999708,4.124960000000044
2022-05-26 23:00:00,27.5,88.5,276.06763,280.60117,2.917630000000031,7.451170000000047
2022-05-26 23:00:00,27.5,88.75,277.21262,281.03915,4.062620000000038,7.889150000000029
2022-05-26 23:00:00,27.5,89.0,272.1142,275.06232,-1.0357999999999947,1.9123200000000224
2022-05-26 23:00:00,27.5,89.25,268.17334,271.9943,-4.976659999999981,-1.1556999999999675
2022-05-26 23:00:00,27.5,89.5,269.65582,274.42902,-3.4941799999999716,1.2790200000000027
2022-05-26 23:00:00,27.5,89.75,271.66776,276.09277,-1.4822399999999902,2.942769999999996
2022-05-26 23:00:00,27.5,90.0,274.6677,279.44888,1.5177000000000476,6.298879999999997
2022-05-26 23:00:00,27.25,85.5,289.78485,294.5563,16.63485000000003,21.406300000000044
2022-05-26 23:00:00,27.25,85.75,289.4642,294.25333,16.314200000000028,21.103330000000028
2022-05-26 23:00:00,27.25,86.0,289.4642,294.25333,16.314200000000028,21.103330000000028
2022-05-26 23:00:00,27.25,86.25,287.83154,292.7027,14.681540000000041,19.552700000000016
2022-05-26 23:00:00,27.25,86.5,285.8126,290.50897,12.662599999999998,17.35897
2022-05-26 23:00:00,27.25,86.75,284.38358,288.6212,11.233580000000018,15.47120000000001
2022-05-26 23:00:00,27.25,87.0,282.209,285.94675,9.059000000000026,12.796750000000031
2022-05-26 23:00:00,27.25,87.25,280.37088,286.11224,7.220880000000022,12.962240000000008
2022-05-26 23:00:00,27.25,87.5,279.19266,286.64783,6.042660000000012,13.497830000000022
2022-05-26 23:00:00,27.25,87.75,278.58514,284.77988,5.435140000000047,11.629880000000014
2022-05-26 23:00:00,27.25,88.0,280.01334,283.79233,6.863340000000051,10.642330000000015
2022-05-26 23:00:00,27.25,88.25,280.01334,283.79233,6.863340000000051,10.642330000000015
2022-05-26 23:00:00,27.25,88.5,283.4923,286.73813,10.342300000000023,13.588130000000035
2022-05-26 23:00:00,27.25,88.75,284.6895,288.88925,11.539500000000032,15.739250000000027
2022-05-26 23:00:00,27.25,89.0,280.94165,285.58884,7.791650000000004,12.438840000000027
2022-05-26 23:00:00,27.25,89.25,277.374,282.95193,4.224000000000046,9.801930000000027
2022-05-26 23:00:00,27.25,89.5,276.38135,281.3824,3.2313500000000204,8.232400000000041
2022-05-26 23:00:00,27.25,89.75,276.80972,279.17044,3.65972000000005,6.020440000000008
2022-05-26 23:00:00,27.25,90.0,279.91263,282.25073,6.7626300000000015,9.100729999999999
2022-05-26 23:00:00,27.0,85.5,289.78485,294.5563,16.63485000000003,21.406300000000044
2022-05-26 23:00:00,27.0,85.75,289.4642,294.25333,16.314200000000028,21.103330000000028
2022-05-26 23:00:00,27.0,86.0,289.4642,294.25333,16.314200000000028,21.103330000000028
2022-05-26 23:00:00,27.0,86.25,287.83154,292.7027,14.681540000000041,19.552700000000016
2022-05-26 23:00:00,27.0,86.5,285.8126,290.50897,12.662599999999998,17.35897
2022-05-26 23:00:00,27.0,86.75,284.38358,288.6212,11.233580000000018,15.47120000000001
2022-05-26 23:00:00,27.0,87.0,282.209,285.94675,9.059000000000026,12.796750000000031
2022-05-26 23:00:00,27.0,87.25,280.37088,286.11224,7.220880000000022,12.962240000000008
2022-05-26 23:00:00,27.0,87.5,279.19266,286.64783,6.042660000000012,13.497830000000022
2022-05-26 23:00:00,27.0,87.75,278.58514,284.77988,5.435140000000047,11.629880000000014
2022-05-26 23:00:00,27.0,88.0,280.01334,283.79233,6.863340000000051,10.642330000000015
2022-05-26 23:00:00,27.0,88.25,280.01334,283.79233,6.863340000000051,10.642330000000015
2022-05-26 23:00:00,27.0,88.5,283.4923,286.73813,10.342300000000023,13.588130000000035
2022-05-26 23:00:00,27.0,88.75,284.6895,288.88925,11.539500000000032,15.739250000000027
2022-05-26 23:00:00,27.0,89.0,280.94165,285.58884,7.791650000000004,12.438840000000027
2022-05-26 23:00:00,27.0,89.25,277.374,282.95193,4.224000000000046,9.801930000000027
2022-05-26 23:00:00,27.0,89.5,276.38135,281.3824,3.2313500000000204,8.232400000000041
2022-05-26 23:00:00,27.0,89.75,276.80972,279.17044,3.65972000000005,6.020440000000008
2022-05-26 23:00:00,27.0,90.0,279.91263,282.25073,6.7626300000000015,9.100729999999999
2022-05-26 23:00:00,26.75,85.5,291.8547,295.9681,18.704700000000003,22.818100000000015
2022-05-26 23:00:00,26.75,85.75,291.60236,295.69473,18.45236,22.544730000000015
2022-05-26 23:00:00,26.75,86.0,291.60236,295.69473,18.45236,22.544730000000015
2022-05-26 23:00:00,26.75,86.25,291.16812,296.04895,18.01812000000001,22.898950000000013
2022-05-26 23:00:00,26.75,86.5,290.0834,295.62308,16.933400000000006,22.47308000000004
2022-05-26 23:00:00,26.75,86.75,289.23102,294.7755,16.081020000000024,21.625500000000045
2022-05-26 23:00:00,26.75,87.0,288.0476,293.5241,14.897600000000011,20.3741
2022-05-26 23:00:00,26.75,87.25,286.89505,292.2312,13.745050000000049,19.081200000000024
2022-05-26 23:00:00,26.75,87.5,286.0759,291.12314,12.925900000000013,17.97314
2022-05-26 23:00:00,26.75,87.75,286.13055,290.84097,12.98055000000005,17.69097000000005
2022-05-26 23:00:00,26.75,88.0,287.4678,291.9032,14.317800000000034,18.75320000000005
2022-05-26 23:00:00,26.75,88.25,287.4678,291.9032,14.317800000000034,18.75320000000005
2022-05-26 23:00:00,26.75,88.5,289.76144,294.11795,16.611440000000016,20.96795000000003
2022-05-26 23:00:00,26.75,88.75,290.85358,295.3961,17.703580000000045,22.246100000000013
2022-05-26 23:00:00,26.75,89.0,288.6447,294.36038,15.494700000000023,21.210380000000043
2022-05-26 23:00:00,26.75,89.25,286.07346,294.3608,12.923460000000034,21.210800000000006
2022-05-26 23:00:00,26.75,89.5,285.37082,291.99576,12.220820000000003,18.84576000000004
2022-05-26 23:00:00,26.75,89.75,285.58997,290.08902,12.439970000000017,16.939020000000028
2022-05-26 23:00:00,26.75,90.0,287.67133,291.91772,14.521330000000034,18.767719999999997
2022-05-26 23:00:00,26.5,85.5,292.15536,296.20807,19.005359999999996,23.058070000000043
2022-05-26 23:00:00,26.5,85.75,291.6567,296.38284,18.506700000000023,23.23284000000001
2022-05-26 23:00:00,26.5,86.0,291.6567,296.38284,18.506700000000023,23.23284000000001
2022-05-26 23:00:00,26.5,86.25,291.6525,296.81766,18.502499999999998,23.667660000000012
2022-05-26 23:00:00,26.5,86.5,291.67783,296.98547,18.527829999999994,23.835470000000043
2022-05-26 23:00:00,26.5,86.75,291.1883,296.0798,18.03830000000005,22.9298
2022-05-26 23:00:00,26.5,87.0,291.20633,296.07907,18.056330000000003,22.929070000000024
2022-05-26 23:00:00,26.5,87.25,291.2939,296.5297,18.14390000000003,23.379700000000014
2022-05-26 23:00:00,26.5,87.5,290.96692,296.27386,17.81692000000004,23.123860000000036
2022-05-26 23:00:00,26.5,87.75,291.1081,296.29865,17.9581,23.148650000000032
2022-05-26 23:00:00,26.5,88.0,291.99088,296.90237,18.840880000000027,23.75237000000004
2022-05-26 23:00:00,26.5,88.25,291.99088,296.90237,18.840880000000027,23.75237000000004
2022-05-26 23:00:00,26.5,88.5,292.85828,297.52603,19.708280000000002,24.376030000000014
2022-05-26 23:00:00,26.5,88.75,293.04556,297.9553,19.895560000000046,24.805300000000045
2022-05-26 23:00:00,26.5,89.0,292.21097,297.4783,19.060969999999998,24.328300000000013
2022-05-26 23:00:00,26.5,89.25,291.07925,296.66367,17.929250000000025,23.513670000000047
2022-05-26 23:00:00,26.5,89.5,290.8107,296.29614,17.66070000000002,23.146140000000003
2022-05-26 23:00:00,26.5,89.75,291.1223,296.26025,17.97230000000002,23.110250000000008
2022-05-26 23:00:00,26.5,90.0,291.88937,296.63284,18.739370000000008,23.48284000000001
2022-05-26 23:00:00,26.25,85.5,291.9957,298.7882,18.845700000000022,25.63820000000004
2022-05-26 23:00:00,26.25,85.75,291.89453,297.11517,18.744529999999997,23.96517
2022-05-26 23:00:00,26.25,86.0,291.89453,297.11517,18.744529999999997,23.96517
2022-05-26 23:00:00,26.25,86.25,291.92227,296.74597,18.77227000000005,23.595970000000023
2022-05-26 23:00:00,26.25,86.5,292.034,297.34906,18.884000000000015,24.19906000000003
2022-05-26 23:00:00,26.25,86.75,292.42703,297.40826,19.277030000000025,24.258260000000007
2022-05-26 23:00:00,26.25,87.0,292.60898,297.66528,19.458979999999997,24.51528000000002
2022-05-26 23:00:00,26.25,87.25,292.79987,297.9044,19.64987000000002,24.754400000000032
2022-05-26 23:00:00,26.25,87.5,293.09314,298.1364,19.943140000000028,24.986400000000003
2022-05-26 23:00:00,26.25,87.75,293.3301,298.30966,20.18010000000004,25.15966000000003
2022-05-26 23:00:00,26.25,88.0,293.5345,298.08743,20.384500000000003,24.937430000000006
2022-05-26 23:00:00,26.25,88.25,293.5345,298.08743,20.384500000000003,24.937430000000006
2022-05-26 23:00:00,26.25,88.5,293.66653,297.94778,20.516530000000046,24.797780000000046
2022-05-26 23:00:00,26.25,88.75,293.65878,298.42126,20.50878,25.27126000000004
2022-05-26 23:00:00,26.25,89.0,293.69226,298.6185,20.54226,25.468500000000006
2022-05-26 23:00:00,26.25,89.25,293.6687,298.26486,20.518700000000024,25.11486000000002
2022-05-26 23:00:00,26.25,89.5,293.91327,297.96817,20.763270000000034,24.81817000000001
2022-05-26 23:00:00,26.25,89.75,293.95917,297.16406,20.809169999999995,24.01406000000003
2022-05-26 23:00:00,26.25,90.0,293.8984,296.19595,20.748400000000004,23.045950000000005
2022-05-26 23:00:00,26.0,85.5,292.47778,297.47433,19.32778000000002,24.32433000000003
2022-05-26 23:00:00,26.0,85.75,292.05902,297.911,18.909019999999998,24.761000000000024
2022-05-26 23:00:00,26.0,86.0,292.05902,297.911,18.909019999999998,24.761000000000024
2022-05-26 23:00:00,26.0,86.25,291.88916,297.44455,18.739160000000027,24.294550000000015
2022-05-26 23:00:00,26.0,86.5,292.0384,297.85852,18.888400000000047,24.70852000000002
2022-05-26 23:00:00,26.0,86.75,292.24014,298.0745,19.09014000000002,24.924500000000023
2022-05-26 23:00:00,26.0,87.0,292.50656,298.0009,19.35656,24.850900000000024
2022-05-26 23:00:00,26.0,87.25,292.90588,298.38074,19.755880000000047,25.230740000000026
2022-05-26 23:00:00,26.0,87.5,293.2847,298.8615,20.13470000000001,25.7115
2022-05-26 23:00:00,26.0,87.75,293.5035,299.0298,20.353499999999997,25.879800000000046
2022-05-26 23:00:00,26.0,88.0,293.60355,298.69904,20.453550000000007,25.549040000000048
2022-05-26 23:00:00,26.0,88.25,293.60355,298.69904,20.453550000000007,25.549040000000048
2022-05-26 23:00:00,26.0,88.5,293.6262,298.16394,20.476200000000006,25.013940000000048
2022-05-26 23:00:00,26.0,88.75,293.62207,298.22964,20.47207000000003,25.07964000000004
2022-05-26 23:00:00,26.0,89.0,293.73303,298.9793,20.583030000000008,25.829300000000046
2022-05-26 23:00:00,26.0,89.25,293.88458,299.45352,20.73458000000005,26.30352000000005
2022-05-26 23:00:00,26.0,89.5,294.0225,299.36505,20.872500000000002,26.21505000000002
2022-05-26 23:00:00,26.0,89.75,294.0648,300.4187,20.914800000000014,27.268700000000024
2022-05-26 23:00:00,26.0,90.0,294.30435,299.85532,21.154350000000022,26.70532000000003
2022-05-26 23:00:00,25.75,85.5,292.60382,297.6903,19.453820000000007,24.540300000000002
2022-05-26 23:00:00,25.75,85.75,292.31076,297.4314,19.16076000000004,24.28140000000002
2022-05-26 23:00:00,25.75,86.0,292.31076,297.4314,19.16076000000004,24.28140000000002
2022-05-26 23:00:00,25.75,86.25,292.10355,296.4691,18.953550000000007,23.31910000000005
2022-05-26 23:00:00,25.75,86.5,292.03903,297.4037,18.889030000000048,24.253700000000038
2022-05-26 23:00:00,25.75,86.75,292.0964,297.51935,18.94640000000004,24.369349999999997
2022-05-26 23:00:00,25.75,87.0,292.08923,297.36588,18.93923000000001,24.215880000000027
2022-05-26 23:00:00,25.75,87.25,292.34277,298.2839,19.192769999999996,25.13390000000004
2022-05-26 23:00:00,25.75,87.5,292.69543,299.2101,19.54543000000001,26.060100000000034
2022-05-26 23:00:00,25.75,87.75,292.9528,299.3096,19.802800000000047,26.15960000000001
2022-05-26 23:00:00,25.75,88.0,293.08282,298.77377,19.93282000000005,25.623770000000036
2022-05-26 23:00:00,25.75,88.25,293.08282,298.77377,19.93282000000005,25.623770000000036
2022-05-26 23:00:00,25.75,88.5,293.14206,298.25958,19.992060000000038,25.10958000000005
2022-05-26 23:00:00,25.75,88.75,293.22202,298.36102,20.07202000000001,25.21102000000002
2022-05-26 23:00:00,25.75,89.0,293.3367,298.8483,20.18670000000003,25.698300000000017
2022-05-26 23:00:00,25.75,89.25,293.5252,299.0173,20.375200000000007,25.8673
2022-05-26 23:00:00,25.75,89.5,293.72992,298.3573,20.579920000000016,25.207300000000032
2022-05-26 23:00:00,25.75,89.75,293.96936,298.31085,20.819360000000017,25.16085000000004
2022-05-26 23:00:00,25.75,90.0,293.50623,297.6058,20.35623000000004,24.45580000000001
2022-05-26 23:00:00,25.5,85.5,293.1833,298.1431,20.033299999999997,24.993100000000027
2022-05-26 23:00:00,25.5,85.75,293.17236,298.59058,20.02236000000005,25.44058000000001
2022-05-26 23:00:00,25.5,86.0,293.17236,298.59058,20.02236000000005,25.44058000000001
2022-05-26 23:00:00,25.5,86.25,292.93994,298.16583,19.78994,25.01583000000005
2022-05-26 23:00:00,25.5,86.5,292.83777,298.31216,19.68777,25.16216000000003
2022-05-26 23:00:00,25.5,86.75,292.6243,297.7348,19.474300000000028,24.58480000000003
2022-05-26 23:00:00,25.5,87.0,292.51108,297.565,19.361080000000015,24.41500000000002
2022-05-26 23:00:00,25.5,87.25,292.64987,297.94778,19.499870000000044,24.797780000000046
2022-05-26 23:00:00,25.5,87.5,292.87115,298.41113,19.721150000000023,25.261130000000037
2022-05-26 23:00:00,25.5,87.75,292.9509,298.61798,19.800900000000013,25.46798000000001
2022-05-26 23:00:00,25.5,88.0,293.0318,298.4665,19.8818,25.31650000000002
2022-05-26 23:00:00,25.5,88.25,293.0318,298.4665,19.8818,25.31650000000002
2022-05-26 23:00:00,25.5,88.5,293.37128,298.2829,20.221280000000036,25.132900000000006
2022-05-26 23:00:00,25.5,88.75,293.6908,298.49094,20.540800000000047,25.340940000000046
2022-05-26 23:00:00,25.5,89.0,293.561,298.84378,20.411,25.693780000000004
2022-05-26 23:00:00,25.5,89.25,293.41803,298.73395,20.26803000000001,25.583950000000016
2022-05-26 23:00:00,25.5,89.5,293.55164,297.9875,20.401640000000043,24.837500000000034
2022-05-26 23:00:00,25.5,89.75,294.04465,297.3889,20.894650000000013,24.2389
2022-05-26 23:00:00,25.5,90.0,293.49695,295.58243,20.34695000000005,22.43243000000001
2022-05-26 23:00:00,25.25,85.5,293.64023,297.93546,20.490229999999997,24.78546
2022-05-26 23:00:00,25.25,85.75,293.4412,297.82663,20.291200000000003,24.676630000000046
2022-05-26 23:00:00,25.25,86.0,293.4412,297.82663,20.291200000000003,24.676630000000046
2022-05-26 23:00:00,25.25,86.25,293.14853,297.32346,19.998530000000017,24.173460000000034
2022-05-26 23:00:00,25.25,86.5,293.04916,297.16617,19.899159999999995,24.016170000000045
2022-05-26 23:00:00,25.25,86.75,292.95654,297.2377,19.80654000000004,24.08770000000004
2022-05-26 23:00:00,25.25,87.0,292.88574,297.5996,19.73574000000002,24.449600000000032
2022-05-26 23:00:00,25.25,87.25,292.7396,297.45328,19.58960000000002,24.30328000000003
2022-05-26 23:00:00,25.25,87.5,292.73083,297.45108,19.58083000000005,24.301080000000013
2022-05-26 23:00:00,25.25,87.75,293.12164,298.4812,19.971640000000036,25.331200000000024
2022-05-26 23:00:00,25.25,88.0,293.44864,299.2932,20.298640000000034,26.143200000000036
2022-05-26 23:00:00,25.25,88.25,293.44864,299.2932,20.298640000000034,26.143200000000036
2022-05-26 23:00:00,25.25,88.5,293.5353,299.2532,20.38530000000003,26.103200000000015
2022-05-26 23:00:00,25.25,88.75,293.7132,299.31958,20.563199999999995,26.169579999999996
2022-05-26 23:00:00,25.25,89.0,293.64322,299.1553,20.493220000000008,26.005300000000034
2022-05-26 23:00:00,25.25,89.25,293.40707,298.79205,20.25707,25.64205000000004
2022-05-26 23:00:00,25.25,89.5,293.6133,298.096,20.463300000000004,24.946000000000026
2022-05-26 23:00:00,25.25,89.75,294.25757,297.41638,21.10757000000001,24.266380000000026
2022-05-26 23:00:00,25.25,90.0,294.30515,295.80005,21.15515000000005,22.65005000000002
2022-05-26 23:00:00,25.0,85.5,293.64487,297.89633,20.49487000000005,24.74633
2022-05-26 23:00:00,25.0,85.75,293.42548,297.64365,20.275480000000016,24.493650000000002
2022-05-26 23:00:00,25.0,86.0,293.42548,297.64365,20.275480000000016,24.493650000000002
2022-05-26 23:00:00,25.0,86.25,293.24304,297.33353,20.09304000000003,24.18353000000002
2022-05-26 23:00:00,25.0,86.5,293.15903,297.44608,20.009029999999996,24.296080000000018
2022-05-26 23:00:00,25.0,86.75,293.1761,297.2553,20.026100000000042,24.1053
2022-05-26 23:00:00,25.0,87.0,293.18427,297.3852,20.03427000000005,24.23520000000002
2022-05-26 23:00:00,25.0,87.25,293.05484,297.3721,19.904840000000036,24.22210000000001
2022-05-26 23:00:00,25.0,87.5,292.81625,297.31494,19.666250000000048,24.16494
2022-05-26 23:00:00,25.0,87.75,293.29874,298.6082,20.148740000000032,25.458200000000033
2022-05-26 23:00:00,25.0,88.0,293.92004,299.8861,20.770039999999995,26.73610000000002
2022-05-26 23:00:00,25.0,88.25,293.92004,299.8861,20.770039999999995,26.73610000000002
2022-05-26 23:00:00,25.0,88.5,294.07214,299.8465,20.922140000000013,26.696500000000015
2022-05-26 23:00:00,25.0,88.75,294.10583,299.67755,20.95583000000005,26.52755000000002
2022-05-26 23:00:00,25.0,89.0,293.64407,299.32852,20.494070000000022,26.17852000000005
2022-05-26 23:00:00,25.0,89.25,293.5394,299.14026,20.389400000000023,25.990260000000035
2022-05-26 23:00:00,25.0,89.5,293.77213,299.27875,20.622130000000027,26.128750000000025
2022-05-26 23:00:00,25.0,89.75,294.92584,298.9874,21.775840000000017,25.837400000000002
2022-05-26 23:00:00,25.0,90.0,295.1319,296.87927,21.981899999999996,23.729270000000042
2022-05-26 23:00:00,24.75,85.5,293.64487,297.89633,20.49487000000005,24.74633
2022-05-26 23:00:00,24.75,85.75,293.42548,297.64365,20.275480000000016,24.493650000000002
2022-05-26 23:00:00,24.75,86.0,293.42548,297.64365,20.275480000000016,24.493650000000002
2022-05-26 23:00:00,24.75,86.25,293.24304,297.33353,20.09304000000003,24.18353000000002
2022-05-26 23:00:00,24.75,86.5,293.15903,297.44608,20.009029999999996,24.296080000000018
2022-05-26 23:00:00,24.75,86.75,293.1761,297.2553,20.026100000000042,24.1053
2022-05-26 23:00:00,24.75,87.0,293.18427,297.3852,20.03427000000005,24.23520000000002
2022-05-26 23:00:00,24.75,87.25,293.05484,297.3721,19.904840000000036,24.22210000000001
2022-05-26 23:00:00,24.75,87.5,292.81625,297.31494,19.666250000000048,24.16494
2022-05-26 23:00:00,24.75,87.75,293.29874,298.6082,20.148740000000032,25.458200000000033
2022-05-26 23:00:00,24.75,88.0,293.92004,299.8861,20.770039999999995,26.73610000000002
2022-05-26 23:00:00,24.75,88.25,293.92004,299.8861,20.770039999999995,26.73610000000002
2022-05-26 23:00:00,24.75,88.5,294.07214,299.8465,20.922140000000013,26.696500000000015
2022-05-26 23:00:00,24.75,88.75,294.10583,299.67755,20.95583000000005,26.52755000000002
2022-05-26 23:00:00,24.75,89.0,293.64407,299.32852,20.494070000000022,26.17852000000005
2022-05-26 23:00:00,24.75,89.25,293.5394,299.14026,20.389400000000023,25.990260000000035
2022-05-26 23:00:00,24.75,89.5,293.77213,299.27875,20.622130000000027,26.128750000000025
2022-05-26 23:00:00,24.75,89.75,294.92584,298.9874,21.775840000000017,25.837400000000002
2022-05-26 23:00:00,24.75,90.0,295.1319,296.87927,21.981899999999996,23.729270000000042
2022-05-26 23:00:00,24.5,85.5,293.32315,297.73566,20.17315000000002,24.58566000000002
2022-05-26 23:00:00,24.5,85.75,292.80923,297.19443,19.659230000000036,24.044430000000034
2022-05-26 23:00:00,24.5,86.0,292.80923,297.19443,19.659230000000036,24.044430000000034
2022-05-26 23:00:00,24.5,86.25,292.1523,296.47202,19.002300000000048,23.32202000000001
2022-05-26 23:00:00,24.5,86.5,292.63202,296.75098,19.482020000000034,23.60098000000005
2022-05-26 23:00:00,24.5,86.75,292.9259,297.01852,19.775900000000036,23.868520000000046
2022-05-26 23:00:00,24.5,87.0,292.94476,297.14612,19.794759999999997,23.99612000000002
2022-05-26 23:00:00,24.5,87.25,292.9326,297.32208,19.782600000000002,24.17208000000005
2022-05-26 23:00:00,24.5,87.5,293.10522,297.7562,19.955219999999997,24.6062
2022-05-26 23:00:00,24.5,87.75,293.6737,298.5502,20.52370000000002,25.40020000000004
2022-05-26 23:00:00,24.5,88.0,294.39282,299.6478,21.242819999999995,26.49780000000004
2022-05-26 23:00:00,24.5,88.25,294.39282,299.6478,21.242819999999995,26.49780000000004
2022-05-26 23:00:00,24.5,88.5,294.74683,300.3476,21.59683000000001,27.197600000000023
2022-05-26 23:00:00,24.5,88.75,294.58072,300.10403,21.430720000000008,26.954030000000046
2022-05-26 23:00:00,24.5,89.0,294.1976,299.5408,21.047600000000045,26.390800000000013
2022-05-26 23:00:00,24.5,89.25,294.02316,298.96783,20.87316000000004,25.817830000000015
2022-05-26 23:00:00,24.5,89.5,294.1125,298.92465,20.962500000000034,25.77465000000001
2022-05-26 23:00:00,24.5,89.75,295.08316,300.8673,21.933160000000044,27.717300000000023
2022-05-26 23:00:00,24.5,90.0,295.2675,298.5909,22.117500000000007,25.4409
2022-05-26 23:00:00,24.25,85.5,291.59976,296.13214,18.449760000000026,22.982140000000015
2022-05-26 23:00:00,24.25,85.75,291.7086,296.30698,18.558600000000013,23.156980000000033
2022-05-26 23:00:00,24.25,86.0,291.7086,296.30698,18.558600000000013,23.156980000000033
2022-05-26 23:00:00,24.25,86.25,291.81802,296.54645,18.668020000000013,23.396450000000016
2022-05-26 23:00:00,24.25,86.5,292.22754,296.7435,19.07754,23.593500000000006
2022-05-26 23:00:00,24.25,86.75,292.6732,296.97708,19.52320000000003,23.827080000000024
2022-05-26 23:00:00,24.25,87.0,292.95917,296.95294,19.809169999999995,23.802940000000035
2022-05-26 23:00:00,24.25,87.25,293.36893,297.66974,20.21893,24.519740000000013
2022-05-26 23:00:00,24.25,87.5,293.94025,298.5308,20.790250000000015,25.380800000000022
2022-05-26 23:00:00,24.25,87.75,294.67282,299.2017,21.522820000000024,26.05170000000004
2022-05-26 23:00:00,24.25,88.0,295.07324,299.88492,21.92324000000002,26.734920000000045
2022-05-26 23:00:00,24.25,88.25,295.07324,299.88492,21.92324000000002,26.734920000000045
2022-05-26 23:00:00,24.25,88.5,295.02893,300.32358,21.878930000000025,27.173580000000015
2022-05-26 23:00:00,24.25,88.75,294.9381,300.23822,21.788100000000043,27.088220000000035
2022-05-26 23:00:00,24.25,89.0,294.62473,299.90765,21.474730000000022,26.757650000000012
2022-05-26 23:00:00,24.25,89.25,294.45032,299.71356,21.30032,26.563559999999995
2022-05-26 23:00:00,24.25,89.5,294.70157,300.0338,21.551570000000027,26.883800000000008
2022-05-26 23:00:00,24.25,89.75,295.21918,300.56152,22.069180000000017,27.411519999999996
2022-05-26 23:00:00,24.25,90.0,295.12274,300.68225,21.972740000000044,27.532250000000033
2022-05-26 23:00:00,24.0,85.5,290.28046,294.36798,17.130460000000028,21.21798000000001
2022-05-26 23:00:00,24.0,85.75,290.9994,296.0825,17.849400000000003,22.932500000000005
2022-05-26 23:00:00,24.0,86.0,290.9994,296.0825,17.849400000000003,22.932500000000005
2022-05-26 23:00:00,24.0,86.25,291.82755,296.36777,18.677549999999997,23.21777000000003
2022-05-26 23:00:00,24.0,86.5,292.46265,296.73065,19.31265000000002,23.58065000000005
2022-05-26 23:00:00,24.0,86.75,293.0864,297.67508,19.93640000000005,24.525080000000003
2022-05-26 23:00:00,24.0,87.0,293.4551,297.9406,20.30510000000004,24.79060000000004
2022-05-26 23:00:00,24.0,87.25,293.8749,298.6208,20.724900000000048,25.470799999999997
2022-05-26 23:00:00,24.0,87.5,294.47656,298.90094,21.32656000000003,25.750940000000014
2022-05-26 23:00:00,24.0,87.75,295.13016,299.74072,21.980160000000012,26.590720000000033
2022-05-26 23:00:00,24.0,88.0,295.3855,300.66827,22.235500000000002,27.51827000000003
2022-05-26 23:00:00,24.0,88.25,295.3855,300.66827,22.235500000000002,27.51827000000003
2022-05-26 23:00:00,24.0,88.5,295.213,300.46054,22.063000000000045,27.310540000000003
2022-05-26 23:00:00,24.0,88.75,295.12183,300.2884,21.97183000000001,27.138400000000047
2022-05-26 23:00:00,24.0,89.0,295.13474,300.57806,21.984740000000045,27.428060000000016
2022-05-26 23:00:00,24.0,89.25,295.05554,300.5079,21.90554000000003,27.35790000000003
2022-05-26 23:00:00,24.0,89.5,295.1225,300.52295,21.972500000000025,27.372950000000003
2022-05-26 23:00:00,24.0,89.75,295.65268,301.3996,22.502679999999998,28.249600000000044
2022-05-26 23:00:00,24.0,90.0,295.14102,301.02127,21.99102000000005,27.871270000000038
2022-05-26 23:00:00,23.75,85.5,290.49332,296.57993,17.343320000000006,23.429930000000013
2022-05-26 23:00:00,23.75,85.75,291.73413,298.19147,18.584130000000016,25.041470000000004
2022-05-26 23:00:00,23.75,86.0,291.73413,298.19147,18.584130000000016,25.041470000000004
2022-05-26 23:00:00,23.75,86.25,292.4171,297.94128,19.267100000000028,24.79128000000003
2022-05-26 23:00:00,23.75,86.5,293.2551,298.389,20.10510000000005,25.239000000000033
2022-05-26 23:00:00,23.75,86.75,294.01105,299.88348,20.861050000000034,26.733480000000043
2022-05-26 23:00:00,23.75,87.0,294.3278,299.49316,21.177800000000047,26.34316000000001
2022-05-26 23:00:00,23.75,87.25,294.44876,299.08426,21.298760000000016,25.934259999999995
2022-05-26 23:00:00,23.75,87.5,295.0966,300.0546,21.946600000000046,26.904600000000016
2022-05-26 23:00:00,23.75,87.75,295.64166,300.6667,22.491660000000024,27.516700000000014
2022-05-26 23:00:00,23.75,88.0,295.68015,300.84756,22.53015000000005,27.69756000000001
2022-05-26 23:00:00,23.75,88.25,295.68015,300.84756,22.53015000000005,27.69756000000001
2022-05-26 23:00:00,23.75,88.5,295.55267,301.2076,22.40267,28.057600000000036
2022-05-26 23:00:00,23.75,88.75,295.35727,301.0833,22.20727000000005,27.93330000000003
2022-05-26 23:00:00,23.75,89.0,295.22464,301.0497,22.074640000000045,27.899699999999996
2022-05-26 23:00:00,23.75,89.25,295.22803,301.0271,22.078030000000012,27.87710000000004
2022-05-26 23:00:00,23.75,89.5,295.473,301.12262,22.323000000000036,27.972620000000006
2022-05-26 23:00:00,23.75,89.75,295.84396,301.2123,22.693960000000004,28.06230000000005
2022-05-26 23:00:00,23.75,90.0,296.20166,302.0086,23.051660000000027,28.858600000000024
2022-05-26 23:00:00,23.5,85.5,290.44614,296.47855,17.296140000000037,23.328550000000007
2022-05-26 23:00:00,23.5,85.75,291.73413,297.67233,18.584130000000016,24.52233000000001
2022-05-26 23:00:00,23.5,86.0,291.73413,297.67233,18.584130000000016,24.52233000000001
2022-05-26 23:00:00,23.5,86.25,292.52774,297.59628,19.377740000000017,24.44628
2022-05-26 23:00:00,23.5,86.5,293.42355,298.57025,20.27355,25.42025000000001
2022-05-26 23:00:00,23.5,86.75,293.99728,298.8171,20.847280000000012,25.667100000000005
2022-05-26 23:00:00,23.5,87.0,294.45224,299.1909,21.30224000000004,26.040900000000022
2022-05-26 23:00:00,23.5,87.25,294.8122,299.74072,21.66220000000004,26.590720000000033
2022-05-26 23:00:00,23.5,87.5,295.21518,300.04047,22.065179999999998,26.89047000000005
2022-05-26 23:00:00,23.5,87.75,295.64636,300.7203,22.49636000000004,27.57030000000003
2022-05-26 23:00:00,23.5,88.0,295.8361,301.6179,22.68610000000001,28.467900000000043
2022-05-26 23:00:00,23.5,88.25,295.8361,301.6179,22.68610000000001,28.467900000000043
2022-05-26 23:00:00,23.5,88.5,295.8032,302.00937,22.653200000000027,28.859370000000013
2022-05-26 23:00:00,23.5,88.75,295.76553,301.98175,22.615530000000035,28.83175
2022-05-26 23:00:00,23.5,89.0,295.66556,301.7154,22.51556000000005,28.56540000000001
2022-05-26 23:00:00,23.5,89.25,295.6411,301.49597,22.491100000000017,28.345970000000023
2022-05-26 23:00:00,23.5,89.5,295.661,301.24722,22.511000000000024,28.09722000000005
2022-05-26 23:00:00,23.5,89.75,295.665,301.23975,22.515000000000043,28.089750000000038
2022-05-26 23:00:00,23.5,90.0,295.96384,301.49368,22.813840000000027,28.343680000000006
2022-05-26 23:00:00,23.25,85.5,290.73444,295.2856,17.58444000000003,22.13560000000001
2022-05-26 23:00:00,23.25,85.75,291.57974,297.6147,18.429740000000038,24.46470000000005
2022-05-26 23:00:00,23.25,86.0,291.57974,297.6147,18.429740000000038,24.46470000000005
2022-05-26 23:00:00,23.25,86.25,292.78757,297.78384,19.63757000000004,24.63384000000002
2022-05-26 23:00:00,23.25,86.5,293.44766,298.3624,20.297660000000008,25.212400000000002
2022-05-26 23:00:00,23.25,86.75,294.2052,299.44943,21.055200000000013,26.29943000000003
2022-05-26 23:00:00,23.25,87.0,294.81174,299.82898,21.66174000000001,26.678980000000024
2022-05-26 23:00:00,23.25,87.25,295.49417,300.67032,22.34417000000002,27.520320000000027
2022-05-26 23:00:00,23.25,87.5,296.27628,301.7479,23.12628000000001,28.59790000000004
2022-05-26 23:00:00,23.25,87.75,296.9244,302.66104,23.774400000000014,29.511040000000037
2022-05-26 23:00:00,23.25,88.0,296.968,302.956,23.81800000000004,29.80600000000004
2022-05-26 23:00:00,23.25,88.25,296.968,302.956,23.81800000000004,29.80600000000004
2022-05-26 23:00:00,23.25,88.5,296.53583,302.7145,23.38583,29.56450000000001
2022-05-26 23:00:00,23.25,88.75,296.23062,302.5432,23.08062000000001,29.393200000000036
2022-05-26 23:00:00,23.25,89.0,296.07318,302.22562,22.923180000000002,29.075620000000015
2022-05-26 23:00:00,23.25,89.25,296.1243,301.99124,22.974300000000028,28.841240000000028
2022-05-26 23:00:00,23.25,89.5,296.0682,301.8959,22.918200000000013,28.745900000000006
2022-05-26 23:00:00,23.25,89.75,295.99994,301.57614,22.849940000000004,28.426140000000032
2022-05-26 23:00:00,23.25,90.0,295.5214,301.18362,22.37140000000005,28.03362000000004
2022-05-26 23:00:00,23.0,85.5,291.59262,295.60123,18.442620000000034,22.45123000000001
2022-05-26 23:00:00,23.0,85.75,292.3314,296.8101,19.181399999999996,23.6601
2022-05-26 23:00:00,23.0,86.0,292.3314,296.8101,19.181399999999996,23.6601
2022-05-26 23:00:00,23.0,86.25,293.08432,297.85037,19.934320000000014,24.70037000000002
2022-05-26 23:00:00,23.0,86.5,293.8561,298.91623,20.70610000000005,25.766230000000007
2022-05-26 23:00:00,23.0,86.75,294.70575,300.15186,21.555750000000046,27.001860000000022
2022-05-26 23:00:00,23.0,87.0,295.10724,300.73227,21.957240000000013,27.58227000000005
2022-05-26 23:00:00,23.0,87.25,295.9078,301.8079,22.75780000000003,28.65790000000004
2022-05-26 23:00:00,23.0,87.5,297.02087,303.01215,23.870870000000025,29.862150000000042
2022-05-26 23:00:00,23.0,87.75,297.88004,303.74472,24.73004000000003,30.594719999999995
2022-05-26 23:00:00,23.0,88.0,297.88855,303.7781,24.738550000000032,30.628100000000018
2022-05-26 23:00:00,23.0,88.25,297.88855,303.7781,24.738550000000032,30.628100000000018
2022-05-26 23:00:00,23.0,88.5,297.16748,303.36035,24.017480000000035,30.210350000000005
2022-05-26 23:00:00,23.0,88.75,296.6007,302.98264,23.45070000000004,29.832640000000026
2022-05-26 23:00:00,23.0,89.0,296.5197,302.61298,23.369700000000023,29.462980000000016
2022-05-26 23:00:00,23.0,89.25,296.66507,302.4514,23.515070000000037,29.3014
2022-05-26 23:00:00,23.0,89.5,296.68304,302.50568,23.533040000000028,29.355680000000007
2022-05-26 23:00:00,23.0,89.75,296.23004,301.9567,23.080039999999997,28.806700000000035
2022-05-26 23:00:00,23.0,90.0,295.73984,301.4034,22.589840000000038,28.2534
2022-05-26 23:00:00,22.75,85.5,292.12018,296.2505,18.970180000000028,23.10050000000001
2022-05-26 23:00:00,22.75,85.75,292.1203,297.008,18.97030000000001,23.858000000000004
2022-05-26 23:00:00,22.75,86.0,292.1203,297.008,18.97030000000001,23.858000000000004
2022-05-26 23:00:00,22.75,86.25,292.8458,297.4512,19.69580000000002,24.301199999999994
2022-05-26 23:00:00,22.75,86.5,293.89078,300.15143,20.74078000000003,27.001430000000028
2022-05-26 23:00:00,22.75,86.75,294.80225,301.71567,21.652250000000038,28.56567000000001
2022-05-26 23:00:00,22.75,87.0,295.35574,301.9834,22.20574000000005,28.83340000000004
2022-05-26 23:00:00,22.75,87.25,296.37323,302.8496,23.22323,29.699600000000032
2022-05-26 23:00:00,22.75,87.5,297.4953,303.97195,24.34530000000001,30.821950000000015
2022-05-26 23:00:00,22.75,87.75,297.94812,304.4246,24.79812000000004,31.27460000000002
2022-05-26 23:00:00,22.75,88.0,297.72098,304.17816,24.57098000000002,31.028160000000014
2022-05-26 23:00:00,22.75,88.25,297.72098,304.17816,24.57098000000002,31.028160000000014
2022-05-26 23:00:00,22.75,88.5,297.30734,303.7627,24.157340000000033,30.612700000000018
2022-05-26 23:00:00,22.75,88.75,297.2294,303.64517,24.07940000000002,30.49517000000003
2022-05-26 23:00:00,22.75,89.0,297.49524,303.6844,24.345240000000047,30.534400000000005
2022-05-26 23:00:00,22.75,89.25,297.67545,303.4709,24.525450000000035,30.320899999999995
2022-05-26 23:00:00,22.75,89.5,297.398,302.83618,24.248000000000047,29.686180000000036
2022-05-26 23:00:00,22.75,89.75,296.83035,302.04208,23.680350000000033,28.89208000000002
2022-05-26 23:00:00,22.75,90.0,296.51117,301.65634,23.361170000000016,28.506340000000023
2022-05-26 23:00:00,22.5,85.5,292.12018,296.2505,18.970180000000028,23.10050000000001
2022-05-26 23:00:00,22.5,85.75,292.1203,297.008,18.97030000000001,23.858000000000004
2022-05-26 23:00:00,22.5,86.0,292.1203,297.008,18.97030000000001,23.858000000000004
2022-05-26 23:00:00,22.5,86.25,292.8458,297.4512,19.69580000000002,24.301199999999994
2022-05-26 23:00:00,22.5,86.5,293.89078,300.15143,20.74078000000003,27.001430000000028
2022-05-26 23:00:00,22.5,86.75,294.80225,301.71567,21.652250000000038,28.56567000000001
2022-05-26 23:00:00,22.5,87.0,295.35574,301.9834,22.20574000000005,28.83340000000004
2022-05-26 23:00:00,22.5,87.25,296.37323,302.8496,23.22323,29.699600000000032
2022-05-26 23:00:00,22.5,87.5,297.4953,303.97195,24.34530000000001,30.821950000000015
2022-05-26 23:00:00,22.5,87.75,297.94812,304.4246,24.79812000000004,31.27460000000002
2022-05-26 23:00:00,22.5,88.0,297.72098,304.17816,24.57098000000002,31.028160000000014
2022-05-26 23:00:00,22.5,88.25,297.72098,304.17816,24.57098000000002,31.028160000000014
2022-05-26 23:00:00,22.5,88.5,297.30734,303.7627,24.157340000000033,30.612700000000018
2022-05-26 23:00:00,22.5,88.75,297.2294,303.64517,24.07940000000002,30.49517000000003
2022-05-26 23:00:00,22.5,89.0,297.49524,303.6844,24.345240000000047,30.534400000000005
2022-05-26 23:00:00,22.5,89.25,297.67545,303.4709,24.525450000000035,30.320899999999995
2022-05-26 23:00:00,22.5,89.5,297.398,302.83618,24.248000000000047,29.686180000000036
2022-05-26 23:00:00,22.5,89.75,296.83035,302.04208,23.680350000000033,28.89208000000002
2022-05-26 23:00:00,22.5,90.0,296.51117,301.65634,23.361170000000016,28.506340000000023
2022-05-26 23:00:00,22.25,85.5,292.35425,296.08264,19.204250000000002,22.93264000000005
2022-05-26 23:00:00,22.25,85.75,292.13998,296.27274,18.989980000000003,23.12274000000002
2022-05-26 23:00:00,22.25,86.0,292.13998,296.27274,18.989980000000003,23.12274000000002
2022-05-26 23:00:00,22.25,86.25,292.55093,296.7191,19.400930000000017,23.56910000000005
2022-05-26 23:00:00,22.25,86.5,292.72153,297.71118,19.571529999999996,24.561180000000036
2022-05-26 23:00:00,22.25,86.75,294.0991,301.83664,20.949100000000044,28.68664000000001
2022-05-26 23:00:00,22.25,87.0,294.94604,303.4425,21.796040000000005,30.292500000000018
2022-05-26 23:00:00,22.25,87.25,295.61206,302.86752,22.462060000000008,29.717520000000036
2022-05-26 23:00:00,22.25,87.5,296.37857,303.31613,23.228570000000047,30.16613000000001
2022-05-26 23:00:00,22.25,87.75,297.21176,304.52032,24.06176000000005,31.37032000000005
2022-05-26 23:00:00,22.25,88.0,297.3531,304.53656,24.203100000000006,31.38656000000003
2022-05-26 23:00:00,22.25,88.25,297.3531,304.53656,24.203100000000006,31.38656000000003
2022-05-26 23:00:00,22.25,88.5,297.3,304.08963,24.150000000000034,30.939630000000022
2022-05-26 23:00:00,22.25,88.75,297.51935,303.989,24.369349999999997,30.839
2022-05-26 23:00:00,22.25,89.0,297.7752,303.7747,24.625200000000007,30.62470000000002
2022-05-26 23:00:00,22.25,89.25,297.8446,303.382,24.694600000000037,30.232000000000028
2022-05-26 23:00:00,22.25,89.5,297.76807,302.94727,24.618070000000046,29.797270000000026
2022-05-26 23:00:00,22.25,89.75,297.6392,302.17154,24.48920000000004,29.021540000000016
2022-05-26 23:00:00,22.25,90.0,297.35034,301.57047,24.20034000000004,28.420470000000023
2022-05-26 23:00:00,22.0,85.5,291.36066,295.46863,18.21066000000002,22.31863000000004
2022-05-26 23:00:00,22.0,85.75,291.49783,295.51407,18.347830000000044,22.364070000000027
2022-05-26 23:00:00,22.0,86.0,291.49783,295.51407,18.347830000000044,22.364070000000027
2022-05-26 23:00:00,22.0,86.25,292.14444,295.57193,18.994439999999997,22.42193000000003
2022-05-26 23:00:00,22.0,86.5,292.2161,296.65222,19.066100000000006,23.502220000000023
2022-05-26 23:00:00,22.0,86.75,293.74466,299.6042,20.594660000000033,26.454200000000014
2022-05-26 23:00:00,22.0,87.0,294.58487,302.68674,21.434870000000046,29.53674000000001
2022-05-26 23:00:00,22.0,87.25,294.98242,302.38345,21.832420000000013,29.233450000000005
2022-05-26 23:00:00,22.0,87.5,295.36133,302.07394,22.211330000000032,28.923940000000016
2022-05-26 23:00:00,22.0,87.75,296.29462,303.634,23.14462000000003,30.484000000000037
2022-05-26 23:00:00,22.0,88.0,297.1675,304.70682,24.01750000000004,31.556820000000016
2022-05-26 23:00:00,22.0,88.25,297.1675,304.70682,24.01750000000004,31.556820000000016
2022-05-26 23:00:00,22.0,88.5,297.82645,304.6565,24.676450000000045,31.506500000000017
2022-05-26 23:00:00,22.0,88.75,298.1626,304.43747,25.01260000000002,31.28747000000004
2022-05-26 23:00:00,22.0,89.0,298.10815,304.1022,24.958150000000046,30.952200000000005
2022-05-26 23:00:00,22.0,89.25,298.14542,303.4478,24.995420000000024,30.297799999999995
2022-05-26 23:00:00,22.0,89.5,298.39926,302.7636,25.24926000000005,29.61360000000002
2022-05-26 23:00:00,22.0,89.75,298.44037,302.09018,25.290369999999996,28.940179999999998
2022-05-26 23:00:00,22.0,90.0,298.27875,301.45685,25.128750000000025,28.306849999999997
2022-05-26 23:00:00,21.75,85.5,291.36334,295.62634,18.213340000000017,22.47634000000005
2022-05-26 23:00:00,21.75,85.75,291.09503,296.39612,17.94503000000003,23.24612000000002
2022-05-26 23:00:00,21.75,86.0,291.09503,296.39612,17.94503000000003,23.24612000000002
2022-05-26 23:00:00,21.75,86.25,291.29166,294.78885,18.14166,21.638850000000048
2022-05-26 23:00:00,21.75,86.5,291.51956,295.60727,18.369560000000035,22.45727000000005
2022-05-26 23:00:00,21.75,86.75,293.4979,299.13123,20.34790000000004,25.98123000000004
2022-05-26 23:00:00,21.75,87.0,294.67737,300.90094,21.52737000000002,27.750940000000014
2022-05-26 23:00:00,21.75,87.25,295.30524,301.81512,22.15524000000005,28.66512
2022-05-26 23:00:00,21.75,87.5,295.94464,302.6195,22.794640000000015,29.46950000000004
2022-05-26 23:00:00,21.75,87.75,297.5866,303.5628,24.4366,30.412800000000004
2022-05-26 23:00:00,21.75,88.0,298.12518,304.1645,24.975180000000023,31.014499999999998
2022-05-26 23:00:00,21.75,88.25,298.12518,304.1645,24.975180000000023,31.014499999999998
2022-05-26 23:00:00,21.75,88.5,298.98755,303.5619,25.83755000000002,30.411900000000003
2022-05-26 23:00:00,21.75,88.75,299.29514,303.13486,26.145140000000026,29.984860000000026
2022-05-26 23:00:00,21.75,89.0,298.7278,302.99274,25.577800000000025,29.84274000000005
2022-05-26 23:00:00,21.75,89.25,299.18018,302.30237,26.03018000000003,29.15237000000002
2022-05-26 23:00:00,21.75,89.5,300.0239,301.6675,26.87390000000005,28.51750000000004
2022-05-26 23:00:00,21.75,89.75,300.08066,301.28284,26.930660000000046,28.132840000000044
2022-05-26 23:00:00,21.75,90.0,300.01764,301.108,26.867639999999994,27.958000000000027
2022-05-26 23:00:00,21.5,85.5,291.72076,296.11105,18.570760000000007,22.96105
2022-05-26 23:00:00,21.5,85.75,291.51263,297.47867,18.362630000000024,24.328670000000045
2022-05-26 23:00:00,21.5,86.0,291.51263,297.47867,18.362630000000024,24.328670000000045
2022-05-26 23:00:00,21.5,86.25,292.65454,296.81415,19.50454000000002,23.664150000000006
2022-05-26 23:00:00,21.5,86.5,292.95297,297.71664,19.802970000000016,24.566640000000007
2022-05-26 23:00:00,21.5,86.75,294.20563,299.40356,21.055630000000008,26.25356000000005
2022-05-26 23:00:00,21.5,87.0,296.797,300.71628,23.647000000000048,27.566280000000006
2022-05-26 23:00:00,21.5,87.25,297.66666,301.57693,24.51666,28.426930000000027
2022-05-26 23:00:00,21.5,87.5,297.99326,302.06256,24.843260000000043,28.912560000000042
2022-05-26 23:00:00,21.5,87.75,298.31323,302.28915,25.16323,29.13915000000003
2022-05-26 23:00:00,21.5,88.0,298.85098,302.55276,25.700980000000015,29.40276
2022-05-26 23:00:00,21.5,88.25,298.85098,302.55276,25.700980000000015,29.40276
2022-05-26 23:00:00,21.5,88.5,299.49863,302.54382,26.348630000000014,29.393820000000005
2022-05-26 23:00:00,21.5,88.75,299.97302,302.40787,26.823020000000042,29.257870000000025
2022-05-26 23:00:00,21.5,89.0,300.22516,302.16574,27.07516000000004,29.01574000000005
2022-05-26 23:00:00,21.5,89.25,300.32025,301.808,27.17025000000001,28.658000000000015
2022-05-26 23:00:00,21.5,89.5,300.22,301.5693,27.07000000000005,28.41930000000002
2022-05-26 23:00:00,21.5,89.75,299.97528,301.3621,26.82528000000002,28.21210000000002
2022-05-26 23:00:00,21.5,90.0,299.87915,301.3307,26.729150000000004,28.1807
2022-05-26 23:00:00,21.25,85.5,292.80768,297.0455,19.657680000000028,23.895500000000027
2022-05-26 23:00:00,21.25,85.75,293.16824,297.92917,20.01824000000005,24.779170000000022
2022-05-26 23:00:00,21.25,86.0,293.16824,297.92917,20.01824000000005,24.779170000000022
2022-05-26 23:00:00,21.25,86.25,294.02808,298.85834,20.87808000000001,25.70834000000002
2022-05-26 23:00:00,21.25,86.5,294.4868,300.4836,21.33680000000004,27.333600000000047
2022-05-26 23:00:00,21.25,86.75,295.7308,301.48233,22.58080000000001,28.332330000000013
2022-05-26 23:00:00,21.25,87.0,296.82437,301.3129,23.67437000000001,28.162900000000036
2022-05-26 23:00:00,21.25,87.25,297.43112,301.51184,24.281120000000044,28.36184000000003
2022-05-26 23:00:00,21.25,87.5,297.88458,301.84656,24.73458000000005,28.696560000000034
2022-05-26 23:00:00,21.25,87.75,298.40005,302.12067,25.250050000000044,28.97067000000004
2022-05-26 23:00:00,21.25,88.0,299.07397,302.31424,25.923969999999997,29.164240000000007
2022-05-26 23:00:00,21.25,88.25,299.07397,302.31424,25.923969999999997,29.164240000000007
2022-05-26 23:00:00,21.25,88.5,299.71826,302.3542,26.56826000000001,29.204200000000014
2022-05-26 23:00:00,21.25,88.75,300.09668,302.3057,26.946680000000015,29.155700000000024
2022-05-26 23:00:00,21.25,89.0,300.35333,301.92874,27.20333000000005,28.778740000000028
2022-05-26 23:00:00,21.25,89.25,300.44855,301.4066,27.298550000000034,28.25660000000005
2022-05-26 23:00:00,21.25,89.5,300.20865,301.25574,27.05865,28.105740000000026
2022-05-26 23:00:00,21.25,89.75,299.91656,301.27545,26.766560000000027,28.12545
2022-05-26 23:00:00,21.25,90.0,299.79663,301.33905,26.646630000000016,28.18905000000001
2022-05-26 23:00:00,21.0,85.5,294.19345,298.7672,21.043450000000007,25.617200000000025
2022-05-26 23:00:00,21.0,85.75,294.53415,299.66473,21.384150000000034,26.514730000000043
2022-05-26 23:00:00,21.0,86.0,294.53415,299.66473,21.384150000000034,26.514730000000043
2022-05-26 23:00:00,21.0,86.25,295.1712,301.30435,22.02120000000002,28.154350000000022
2022-05-26 23:00:00,21.0,86.5,295.56897,301.67123,22.41897,28.521230000000003
2022-05-26 23:00:00,21.0,86.75,295.86865,301.3631,22.718650000000025,28.213099999999997
2022-05-26 23:00:00,21.0,87.0,297.0266,301.2758,23.876599999999996,28.125800000000027
2022-05-26 23:00:00,21.0,87.25,297.3651,301.344,24.215100000000007,28.194000000000017
2022-05-26 23:00:00,21.0,87.5,297.73264,301.64554,24.582640000000026,28.495540000000005
2022-05-26 23:00:00,21.0,87.75,298.3569,301.96414,25.20690000000002,28.81414000000001
2022-05-26 23:00:00,21.0,88.0,299.14566,302.20212,25.995660000000044,29.052120000000002
2022-05-26 23:00:00,21.0,88.25,299.14566,302.20212,25.995660000000044,29.052120000000002
2022-05-26 23:00:00,21.0,88.5,299.93124,302.30273,26.781240000000025,29.15273000000002
2022-05-26 23:00:00,21.0,88.75,300.415,302.3655,27.265000000000043,29.21550000000002
2022-05-26 23:00:00,21.0,89.0,300.6211,302.3914,27.471100000000035,29.2414
2022-05-26 23:00:00,21.0,89.25,300.5978,302.06635,27.44780000000003,28.916350000000023
2022-05-26 23:00:00,21.0,89.5,300.33572,301.526,27.185720000000003,28.376000000000033
2022-05-26 23:00:00,21.0,89.75,300.0816,301.3806,26.931600000000003,28.230600000000038
2022-05-26 23:00:00,21.0,90.0,299.86047,301.42554,26.710470000000043,28.275540000000035
